acc_x,acc_y,acc_z,gyro_x,gyro_y,gyro_z,azimuth,pitch,roll
0.33511603,-9.711026,-0.54595023,-0.03756821,0.012217305,0.01863139,78.83773,93.66431,1.8325313
0.3327103,-9.715838,-0.54835594,-0.03726278,0.015882496,0.015577064,78.837685,93.65364,1.817123
0.3302915,-9.720675,-0.55077475,-0.03970624,0.0076358155,0.022907447,78.831436,93.64374,1.7964255
0.32786107,-9.725536,-0.5532052,-0.02443461,0.008857546,0.021685716,78.82881,93.631355,1.7798716
0.3248633,-9.73041,-0.55395854,-0.03573562,0.016493361,0.020158553,78.82589,93.625595,1.761968
0.31610322,-9.73479,-0.53643835,-0.03573562,0.013744468,0.015882496,78.82033,93.6142,1.7456994
0.30719703,-9.7392435,-0.518626,-0.03359759,0.013439035,0.017104227,78.81839,93.60531,1.7285067
0.3131498,-9.737382,-0.5260702,-0.03573562,0.012217305,0.019242255,78.81542,93.59828,1.7127798
0.32035387,-9.734981,-0.5356756,-0.03573562,0.015577064,0.028405234,78.81385,93.58938,1.6953073
0.32775724,-9.732513,-0.54554677,-0.026267206,0.013133603,0.017104227,78.81527,93.57471,1.684422
0.335068,-9.730096,-0.5552744,-0.022907447,0.006414085,0.017715093,78.816666,93.55926,1.6680688
0.33293718,-9.731161,-0.5520782,-0.029932396,0.016187929,0.018325957,78.8218,93.54611,1.6556377
0.33061785,-9.732321,-0.5485992,-0.036651913,0.009162978,0.020158553,78.82434,93.53345,1.6430291
0.3282906,-9.733485,-0.5451084,-0.03481932,0.019547688,0.026572637,78.83459,93.52021,1.629792
0.32599774,-9.734632,-0.5416691,-0.03176499,0.010995574,0.01863139,78.83712,93.510445,1.620171
0.32365474,-9.735803,-0.53815454,-0.030848695,0.018020526,0.01985312,78.847176,93.49917,1.6069766
0.32134748,-9.736957,-0.5346937,-0.029321533,0.01038471,0.020158553,78.850334,93.48854,1.5963446
0.31900632,-9.738127,-0.531182,-0.029321533,0.010079277,0.017104227,78.86094,93.47968,1.5920265
0.3166921,-9.7392845,-0.5277106,-0.023518313,0.015882496,0.015882496,78.87095,93.469055,1.5872692
0.31236356,-9.732271,-0.5340665,-0.03145956,0.01038471,0.01740966,78.87947,93.46273,1.5852891
0.3073657,-9.722275,-0.54406226,-0.032375857,0.012217305,0.018020526,78.89144,93.453804,1.5841602
0.3026953,-9.727984,-0.5345904,-0.03359759,0.015271631,0.02076942,78.902725,93.44325,1.5815808
0.29816747,-9.7370405,-0.5210069,-0.03176499,0.03176499,0.018020526,78.91807,93.4332,1.580696
0.2866884,-9.7430105,-0.5341353,-0.0421497,0.015271631,0.015882496,78.92377,93.42979,1.578865
0.27245858,-9.747753,-0.5578516,-0.028099801,0.015882496,0.013744468,78.93879,93.42039,1.578359
0.2813528,-9.75249,-0.56173104,-0.03145956,0.021685716,0.020463986,78.95083,93.415535,1.5782105
0.30038518,-9.757248,-0.556973,-0.032986723,0.023518313,0.019547688,78.96151,93.408264,1.5807184
0.29365215,-9.749162,-0.5458506,-0.03604105,0.020463986,0.017104227,78.97543,93.40471,1.5800111
0.27472383,-9.734966,-0.5316543,-0.038179077,0.0070249503,0.022602014,78.98676,93.40063,1.5771855
0.26970068,-9.723836,-0.5205241,-0.025350908,0.013744468,0.019242255,79.00154,93.39513,1.5797292
0.27206674,-9.714372,-0.5110598,-0.03023783,0.016493361,0.02321288,79.01136,93.39312,1.5783522
0.27433044,-9.705317,-0.502005,-0.03390302,0.015271631,0.020158553,79.023,93.38941,1.5852449
0.27667323,-9.695946,-0.49263382,-0.035124753,0.015271631,0.020463986,79.03562,93.385574,1.5899101
0.28307974,-9.697082,-0.4937695,-0.04153884,0.0106901415,0.022296581,79.05087,93.383545,1.5980599
0.29294965,-9.706951,-0.50363934,-0.036957346,0.014049901,0.02443461,79.06808,93.37917,1.6058203
0.30244547,-9.713664,-0.50617963,-0.04184427,0.0143553335,0.020158553,79.080475,93.37727,1.6152377
0.3119148,-9.718399,-0.5038123,-0.033292156,0.018020526,0.021685716,79.09461,93.369995,1.6221936
0.32128274,-9.7230835,-0.5014703,-0.03970624,0.010995574,0.019547688,79.104256,93.37415,1.6352684
0.33065256,-9.727768,-0.49912786,-0.03756821,0.014660766,0.017104227,79.11776,93.373955,1.6477624
0.33261868,-9.742884,-0.5057026,-0.04153884,0.0125227375,0.021380283,79.12426,93.38008,1.6609879
0.3278409,-9.766773,-0.52003604,-0.04520403,0.018020526,0.022296581,79.13374,93.38629,1.6754878
0.328031,-9.773081,-0.5146266,-0.03481932,0.011911872,0.021685716,79.13412,93.38922,1.6861815
0.33262613,-9.76389,-0.49165085,-0.03145956,0.015882496,0.020463986,79.13888,93.39461,1.6966553
0.33518824,-9.755617,-0.4840888,-0.034513887,0.01282817,0.018020526,79.14148,93.40074,1.7063874
0.33518824,-9.748366,-0.49617404,-0.033292156,0.018325957,0.019242255,79.1476,93.404526,1.7152724
0.33518824,-9.741159,-0.5081844,-0.032070424,0.014049901,0.017104227,79.13836,93.41307,1.7272303
0.33518824,-9.733872,-0.52033,-0.035430185,0.0125227375,0.01740966,79.13161,93.42161,1.7378783
0.3329646,-9.731148,-0.528948,-0.035124753,0.02076942,0.019242255,79.12783,93.423454,1.7418351
0.3282177,-9.733521,-0.5336949,-0.038789943,0.009773844,0.014966198,79.11812,93.42783,1.7470199
0.3234869,-9.735887,-0.53842574,-0.03848451,0.014660766,0.018936822,79.11786,93.43466,1.7513661
0.3187096,-9.738276,-0.543203,-0.036957346,0.02076942,0.025961773,79.11491,93.441956,1.7556999
0.31897184,-9.740592,-0.5390245,-0.03726278,0.025961773,0.017715093,79.11449,93.44825,1.7604643
0.3261791,-9.742994,-0.5222076,-0.05100725,0.017715093,0.011911872,79.11212,93.456,1.7623914
0.33304572,-9.745283,-0.5061854,-0.043066,0.018325957,0.015271631,79.11114,93.45883,1.7588993
0.3402037,-9.747668,-0.48948348,-0.043066,0.01160644,0.015577064,79.10569,93.46802,1.757743
0.33513096,-9.747583,-0.475629,-0.03604105,0.015882496,0.015882496,79.10375,93.47282,1.7558688
0.30613133,-9.74275,-0.46596244,-0.03940081,0.010995574,0.020158553,79.09748,93.47935,1.7526094
0.2888417,-9.735001,-0.46737424,-0.042455133,0.0106901415,0.01740966,79.09156,93.48389,1.7598749
0.2936212,-9.720661,-0.4912717,-0.03848451,0.009162978,0.015271631,79.08407,93.48664,1.7654903
0.2954544,-9.712309,-0.51042396,-0.049480084,0.014660766,0.018936822,79.07824,93.490906,1.7675421
0.29079887,-9.716965,-0.51973504,-0.035124753,0.004276057,0.018020526,79.06742,93.48878,1.7711297
0.2851594,-9.721532,-0.5299416,-0.03848451,0.008552114,0.016187929,79.06417,93.50022,1.7784774
0.27600884,-9.726107,-0.54366744,-0.034208454,0.0106901415,0.019242255,79.057526,93.50537,1.784262
0.2687399,-9.729446,-0.5530976,-0.04184427,0.008246681,0.014966198,79.05198,93.51639,1.7918028
0.27392527,-9.724261,-0.5323561,-0.04734206,0.005192355,0.021991149,79.04718,93.52347,1.7950588
0.27891162,-9.724011,-0.5112264,-0.038789943,0.00061086525,0.012217305,79.04073,93.53103,1.7975311
0.2836214,-9.738141,-0.48767757,-0.024740042,0.0018325958,0.01160644,79.03549,93.53594,1.7954845
0.29146093,-9.74711,-0.46822435,-0.029626964,0.00061086525,0.019242255,79.02607,93.54099,1.794473
0.31035998,-9.737661,-0.46349958,-0.034513887,0.011911872,0.016493361,79.020546,93.54405,1.7967793
0.3228441,-9.731881,-0.46245408,-0.040011674,0.013133603,0.014049901,79.00914,93.543175,1.7962534
0.30926877,-9.740931,-0.4760294,-0.035124753,0.0061086523,0.02107485,78.99885,93.53992,1.7938681
0.29564223,-9.7483635,-0.49089473,-0.03023783,0.0030543262,0.015882496,78.99187,93.53895,1.7985661
0.2805772,-9.73832,-0.52102476,-0.03481932,0.0036651916,0.01740966,78.9842,93.53712,1.7992653
0.26886058,-9.729681,-0.54481304,-0.048258353,0.013133603,0.01863139,78.97937,93.542725,1.8056221
0.27357814,-9.727323,-0.5377367,-0.041233405,0.004886922,0.014966198,78.96969,93.54474,1.8124695
0.27827778,-9.724973,-0.5306872,-0.03481932,0.006414085,0.017104227,78.97103,93.548744,1.8117737
0.28301322,-9.722605,-0.523584,-0.036957346,0.008857546,0.016187929,78.97022,93.553955,1.8128436
0.28768146,-9.719705,-0.517902,-0.041233405,0.002443461,0.016187929,78.96742,93.55757,1.8129047
0.29247978,-9.710108,-0.5274987,-0.032375857,0.002443461,0.016187929,78.967155,93.5585,1.8133335
0.2970554,-9.702003,-0.53508055,-0.025961773,0.0012217305,0.009773844,78.96143,93.56222,1.8180661
0.29943278,-9.711513,-0.5184389,-0.030543262,0.003970624,0.022907447,78.95722,93.56349,1.8171723
0.30187318,-9.721274,-0.501356,-0.035124753,-0.007330383,0.0143553335,78.950005,93.569496,1.8260375
0.3041539,-9.730397,-0.48539105,-0.031154128,0.0027488936,0.013439035,78.95006,93.57135,1.8292168
0.3073549,-9.738716,-0.46962234,-0.03756821,0.0012217305,0.013133603,78.94354,93.577835,1.8341473
0.3185673,-9.727504,-0.47410733,-0.03268129,0.0033597588,0.015577064,78.94105,93.58014,1.8385787
0.3309111,-9.715159,-0.47904485,-0.035124753,0.0018325958,0.01863139,78.93527,93.58248,1.8477448
0.34224895,-9.703822,-0.48358,-0.03481932,0.004581489,0.016493361,78.93132,93.5833,1.8574711
0.35492522,-9.692118,-0.48744488,-0.037873644,0.006414085,0.0143553335,78.926735,93.58501,1.8660115
0.36754033,-9.700528,-0.46641967,-0.041233405,0.01282817,0.013744468,78.92426,93.586716,1.8745364
0.38118175,-9.709621,-0.44368395,-0.04428773,0.0070249503,0.01985312,78.91728,93.58927,1.8793048
0.36606902,-9.723635,-0.47028878,-0.035430185,-0.004886922,0.015882496,78.91027,93.59119,1.8869057
0.34648612,-9.738322,-0.50455886,-0.0290161,0.0030543262,0.01863139,78.90755,93.59237,1.8908985
0.3268273,-9.748582,-0.5030863,-0.02687807,-0.0009162979,0.018325957,78.89387,93.592514,1.8998421
0.30791992,-9.758035,-0.49835947,-0.036957346,0.0012217305,0.013744468,78.88426,93.59426,1.9091893
0.31963176,-9.749984,-0.5067766,-0.035124753,0.00030543262,0.018325957,78.87713,93.594765,1.9133003
0.33350927,-9.740732,-0.5160282,-0.04062254,0.005192355,0.02076942,78.872284,93.60029,1.9192252
0.3268044,-9.747996,-0.50876373,-0.027488936,0.009468411,0.015882496,78.86834,93.596886,1.9212772
0.31752655,-9.757274,-0.49948588,-0.032070424,0.007941248,0.014966198,78.864296,93.59809,1.921484
0.31807315,-9.760804,-0.49799395,-0.034208454,-0.00061086525,0.015577064,78.86024,93.59797,1.9238126
0.32044646,-9.763178,-0.49799395,-0.034513887,0.00030543262,0.015882496,78.858444,93.598656,1.9265155
0.32282785,-9.765559,-0.49799395,-0.03970624,0.008857546,0.013744468,78.85548,93.59955,1.9288543
0.32515702,-9.767889,-0.49799395,-0.029626964,0.009773844,0.009162978,78.85062,93.59711,1.9316479
0.32938218,-9.75326,-0.5017647,-0.03481932,0.014660766,0.015271631,78.85213,93.59974,1.936594
0.33398712,-9.73484,-0.5063696,-0.035124753,0.014660766,0.013439035,78.850365,93.60017,1.9405435
0.329897,-9.733563,-0.51109827,-0.035124753,0.0018325958,0.013744468,78.848595,93.60059,1.944501
0.32275218,-9.738326,-0.51586145,-0.033292156,-0.0033597588,0.013133603,78.848564,93.60121,1.9508123
0.31562588,-9.743077,-0.52061236,-0.029321533,-0.0021380284,0.016187929,78.84427,93.60404,1.9569186
0.30852956,-9.7478075,-0.52534324,-0.03634648,0.004581489,0.021380283,78.84017,93.60865,1.962357
0.31289175,-9.745973,-0.5299414,-0.03268129,0.011301007,0.018325957,78.8364,93.61041,1.969092
0.32207638,-9.741381,-0.5345337,-0.04062254,0.018020526,0.017104227,78.8347,93.61542,1.9737688
0.32857335,-9.736651,-0.54518694,-0.036651913,0.018020526,0.017715093,78.83441,93.61735,1.977073
0.33351815,-9.731706,-0.5600213,-0.035430185,0.005497787,0.0106901415,78.83233,93.623085,1.9826733
0.336764,-9.72846,-0.5610922,-0.029626964,0.015577064,0.008552114,78.83695,93.628624,1.9901383
0.33914143,-9.726083,-0.55514866,-0.040927973,0.014660766,0.018936822,78.83496,93.63685,1.9953805
0.34151077,-9.723713,-0.5492253,-0.03023783,0.008857546,0.008552114,78.83568,93.643906,2.007195
0.34388152,-9.721342,-0.54329836,-0.03634648,0.020158553,0.014660766,78.84145,93.65318,2.0113437
0.34625894,-9.718966,-0.5373548,-0.03940081,0.015577064,0.013133603,78.83271,93.66074,2.0115793
0.3486297,-9.716595,-0.5314279,-0.040317107,0.0067195175,0.0125227375,78.82623,93.66794,2.0099683
0.3510019,-9.714222,-0.52549744,-0.03390302,0.012217305,0.01160644,78.822685,93.67414,2.0090656
0.35340542,-9.711819,-0.51948863,-0.028099801,0.02565634,0.016493361,78.81915,93.67962,2.0067148
0.34737194,-9.712276,-0.51993555,-0.038179077,0.02565634,0.01985312,78.813446,93.687546,2.0049586
0.33551973,-9.714646,-0.52467644,-0.039095376,0.0125227375,0.007941248,78.80776,93.693375,2.0062451
0.32373136,-9.717004,-0.52939177,-0.03145956,0.014966198,0.0143553335,78.80622,93.69581,2.0083435
0.31186023,-9.719378,-0.5341402,-0.042455133,0.011911872,0.011301007,78.79914,93.705986,2.0160334
0.30385748,-9.712658,-0.53890157,-0.03848451,0.021685716,0.017104227,78.79932,93.706154,2.018841
0.2990892,-9.698354,-0.5436698,-0.03848451,0.013133603,0.013744468,78.79325,93.71163,2.0246332
0.29558298,-9.699517,-0.5380899,-0.04550946,0.021380283,0.021991149,78.79674,93.71525,2.0232816
0.29319987,-9.713816,-0.5237911,-0.04062254,0.016187929,0.018020526,78.79373,93.71831,2.0259795
0.29082388,-9.728071,-0.5095352,-0.039095376,0.017104227,0.017104227,78.795784,93.72253,2.0251613
0.28835928,-9.742859,-0.4947477,-0.044898596,0.016493361,0.013133603,78.795845,93.728325,2.0262344
0.2906561,-9.748351,-0.49176905,-0.030848695,0.022602014,0.015577064,78.79821,93.728,2.0258205
0.29692903,-9.746783,-0.498042,-0.04886922,0.021380283,0.017715093,78.79826,93.73729,2.0264478
0.30332324,-9.745185,-0.5044362,-0.049480084,0.021991149,0.017715093,78.78702,93.735794,2.0193636
0.30954817,-9.7436285,-0.5106611,-0.03756821,0.016493361,0.020158553,78.773994,93.734795,2.0111232
0.31585902,-9.742051,-0.51697195,-0.03481932,0.011301007,0.018936822,78.763,93.7329,2.0003095
0.32222417,-9.740459,-0.5233371,-0.037873644,0.017104227,0.014049901,78.753746,93.72985,1.9903604
0.32134134,-9.741748,-0.5224543,-0.042455133,0.018325957,0.014660766,78.74195,93.72597,1.9794308
0.31175694,-9.74654,-0.51286983,-0.0290161,0.017104227,0.015577064,78.731255,93.719215,1.9702027
0.3084973,-9.747149,-0.51164967,-0.03604105,0.009468411,0.015882496,78.721,93.721886,1.962793
0.3132997,-9.742348,-0.5212545,-0.034513887,0.018020526,0.015271631,78.715195,93.71927,1.9558938
0.31797975,-9.737667,-0.5306146,-0.035430185,0.0106901415,0.010079277,78.70316,93.716896,1.9490322
0.32277742,-9.73287,-0.54020995,-0.029321533,0.027794369,0.016187929,78.70086,93.71093,1.9399189
0.3246946,-9.726369,-0.5486285,-0.04428773,0.019547688,0.011911872,78.69035,93.70824,1.9295907
0.32234597,-9.716974,-0.5556744,-0.03481932,0.026267206,0.015271631,78.68928,93.69634,1.9162954
0.32005227,-9.707799,-0.56255555,-0.047647487,0.020158553,0.015271631,78.68635,93.69672,1.9062356
0.31770083,-9.698394,-0.56960976,-0.033292156,0.013439035,0.014660766,78.68521,93.68791,1.8958653
0.3153719,-9.695043,-0.5739457,-0.04428773,0.019242255,0.017715093,78.68753,93.68534,1.8822399
0.31304282,-9.706688,-0.5716166,-0.03176499,0.026267206,0.016187929,78.68819,93.674515,1.8704568
0.31073883,-9.718208,-0.56931263,-0.036957346,0.01863139,0.014660766,78.69238,93.67614,1.8668056
0.30832338,-9.730285,-0.56689715,-0.039095376,0.01160644,0.016187929,78.69865,93.67387,1.8629481
0.30729777,-9.737933,-0.56251174,-0.03848451,0.0125227375,0.0106901415,78.70628,93.670784,1.8589418
0.3122479,-9.728033,-0.5476614,-0.039095376,0.020158553,0.016798794,78.71396,93.666794,1.8513783
0.31374502,-9.722749,-0.537446,-0.04153884,0.01282817,0.015271631,78.71675,93.66414,1.8470458
0.30431464,-9.73218,-0.54216117,-0.040011674,0.011301007,0.016187929,78.723434,93.65962,1.840687
0.2955687,-9.738956,-0.54489374,-0.032375857,0.015577064,0.009162978,78.72143,93.655815,1.8345503
0.28940392,-9.735874,-0.54027015,-0.03268129,0.024129177,0.016493361,78.72052,93.65153,1.8243835
0.2832613,-9.732803,-0.5356632,-0.04062254,0.028405234,0.016493361,78.720146,93.649666,1.8175362
0.2770928,-9.729719,-0.53103685,-0.043676864,0.018936822,0.010995574,78.71832,93.64659,1.8103848
0.27096373,-9.726654,-0.52644,-0.03634648,0.013439035,0.015577064,78.71588,93.64459,1.8022515
0.2645907,-9.723468,-0.52166027,-0.03573562,0.014660766,0.013133603,78.71257,93.646736,1.7978438
0.25890926,-9.720627,-0.516812,-0.0290161,0.0143553335,0.011911872,78.70745,93.64473,1.79189
0.26317707,-9.722761,-0.5125443,-0.025961773,0.01740966,0.0143553335,78.70377,93.64331,1.7858576
0.26819646,-9.72527,-0.50752485,-0.03481932,0.011301007,0.013133603,78.69623,93.641396,1.7796441
0.27244943,-9.727397,-0.50327194,-0.03359759,0.014660766,0.009162978,78.69234,93.63639,1.773962
0.27701008,-9.729677,-0.49871126,-0.032375857,0.013133603,0.015271631,78.69162,93.631454,1.7703011
0.2857307,-9.738039,-0.50599724,-0.030848695,0.01863139,0.014966198,78.69367,93.627686,1.7697906
0.2950033,-9.747312,-0.5152698,-0.034513887,0.015271631,0.012217305,78.69278,93.62453,1.7681435
0.3007172,-9.745353,-0.5190656,-0.03481932,0.016493361,0.013744468,78.693405,93.61873,1.7666333
0.30538127,-9.740689,-0.5213977,-0.03940081,0.012217305,0.02107485,78.69152,93.6146,1.7641238
0.31015745,-9.735913,-0.52378577,-0.030848695,0.01160644,0.013439035,78.69161,93.610825,1.766324
0.31476972,-9.731301,-0.52609193,-0.034513887,0.013133603,0.015271631,78.69135,93.60897,1.7637613
0.32633352,-9.726603,-0.5198584,-0.04184427,0.009773844,0.0106901415,78.68927,93.60794,1.7651215
0.34003505,-9.722035,-0.51072407,-0.036651913,0.0125227375,0.016493361,78.68956,93.60307,1.763131
0.34158328,-9.704551,-0.504389,-0.022602014,0.0067195175,0.009468411,78.68776,93.601135,1.7676632
0.3367973,-9.68062,-0.499603,-0.027183503,0.0106901415,0.007941248,78.68968,93.60103,1.7691207
0.3288591,-9.685233,-0.4885002,-0.028099801,0.015271631,0.019547688,78.687485,93.59934,1.775618
0.31928897,-9.704373,-0.47414503,-0.03940081,0.009468411,0.018325957,78.68324,93.603355,1.7857721
0.31283483,-9.710882,-0.47246334,-0.038179077,0.018020526,0.022602014,78.687164,93.60102,1.7928754
0.3080736,-9.710882,-0.47722456,-0.029321533,0.017715093,0.013133603,78.68664,93.601685,1.803741
0.30320653,-9.710882,-0.4820916,-0.03359759,0.0070249503,0.014049901,78.684204,93.600746,1.8093837
0.29843283,-9.710882,-0.48686534,-0.029932396,0.012217305,0.021685716,78.68608,93.59611,1.815753
0.2997073,-9.702403,-0.4940697,-0.040317107,0.016187929,0.015577064,78.68434,93.59787,1.8253406
0.3039534,-9.689665,-0.5025619,-0.04062254,0.014660766,0.018020526,78.68271,93.59399,1.8301035
0.31023276,-9.684983,-0.5122894,-0.03940081,0.01740966,0.017715093,78.68403,93.592834,1.8332125
0.31991124,-9.692242,-0.52438754,-0.043066,0.009773844,0.015577064,78.68191,93.592896,1.8358828
0.32954714,-9.699469,-0.5364324,-0.04062254,0.009773844,0.011911872,78.683754,93.593025,1.8395083
0.33928567,-9.706773,-0.54860556,-0.03390302,0.0067195175,0.011301007,78.682556,93.592834,1.8426042
0.34079835,-9.7148485,-0.55347145,-0.029626964,0.012217305,0.014049901,78.68639,93.595726,1.8527368
0.33119592,-9.724451,-0.54867023,-0.04337143,0.008246681,0.013439035,78.686516,93.60188,1.8634213
0.31979614,-9.728098,-0.5420011,-0.03848451,0.005192355,0.010995574,78.691765,93.60243,1.8708531
0.30565318,-9.723383,-0.5325725,-0.037873644,0.006414085,0.01740966,78.69716,93.60605,1.8756742
0.29462788,-9.722149,-0.52390796,-0.03726278,0.00580322,0.015882496,78.70055,93.60883,1.8822571
0.28821644,-9.726957,-0.5158937,-0.03481932,0.002443461,0.013439035,78.703514,93.610176,1.8870766
0.2820143,-9.731609,-0.508141,-0.041233405,0.004886922,0.016798794,78.70516,93.606964,1.8814865
0.27561042,-9.736412,-0.50013614,-0.038179077,0.007941248,0.014049901,78.70587,93.60227,1.8784422
0.26937172,-9.741091,-0.4923378,-0.04428773,0.009773844,0.009468411,78.70695,93.60126,1.8751378
0.26300818,-9.745863,-0.48438337,-0.034513887,0.0143553335,0.015577064,78.70977,93.594574,1.8697853
0.26399562,-9.7519,-0.47477397,-0.04153884,0.0018325958,0.016493361,78.70676,93.59602,1.8673644
0.28291923,-9.761362,-0.46058127,-0.025045475,0.0106901415,0.014966198,78.71118,93.58891,1.8644173
0.298146,-9.764548,-0.45390493,-0.03573562,0.011301007,0.01863139,78.70592,93.58807,1.8606999
0.30287066,-9.750375,-0.46807885,-0.046731193,0.005497787,0.016798794,78.70124,93.58449,1.8591008
0.30874598,-9.741901,-0.47998443,-0.03268129,0.005497787,0.017715093,78.696335,93.57529,1.857903
0.318241,-9.751396,-0.48473194,-0.035124753,0.008857546,0.012217305,78.69068,93.57405,1.8590494
0.32720503,-9.756641,-0.48788595,-0.043066,0.005497787,0.013744468,78.68185,93.57401,1.8584514
0.33432218,-9.747151,-0.48551357,-0.039095376,0.005497787,0.022296581,78.67504,93.57136,1.8574659
0.34142086,-9.737687,-0.48314735,-0.03940081,0.012217305,0.019242255,78.66944,93.57402,1.8602332
0.34853658,-9.728199,-0.48077545,-0.03634648,0.0021380284,0.014660766,78.65924,93.57379,1.8607631
0.3526032,-9.721329,-0.48144835,-0.037873644,0.0021380284,0.009162978,78.657036,93.57333,1.8616625
0.34322938,-9.726015,-0.49550906,-0.028405234,0.005497787,0.009773844,78.65484,93.57288,1.8625587
0.33668226,-9.732277,-0.5060767,-0.028710667,0.005497787,0.016798794,78.64683,93.572075,1.8620168
0.34577334,-9.7459135,-0.49698567,-0.043676864,0.012217305,0.013439035,78.641174,93.575165,1.8677263
0.35421473,-9.758258,-0.48841715,-0.040927973,0.007330383,0.011301007,78.63425,93.57427,1.8696914
0.3526896,-9.752157,-0.48841715,-0.03940081,0.0009162979,0.016798794,78.628944,93.57653,1.8704227
0.35113072,-9.745921,-0.48841715,-0.032070424,0.008246681,0.016493361,78.62602,93.57573,1.8742001
0.3495625,-9.739649,-0.48841715,-0.03848451,0.006414085,0.011301007,78.61873,93.57777,1.8775213
0.34800023,-9.733399,-0.48841715,-0.035430185,0.013744468,0.008857546,78.616234,93.57537,1.8803365
0.34643698,-9.727147,-0.48841715,-0.045814894,0.0067195175,0.022907447,78.60741,93.574524,1.8756572
0.34488532,-9.72094,-0.48841715,-0.045814894,0.005192355,0.012217305,78.60189,93.57452,1.8789666
0.34916157,-9.716063,-0.4906154,-0.034208454,0.010995574,0.015882496,78.597015,93.56994,1.8742955
0.35396275,-9.711261,-0.493016,-0.038179077,0.015577064,0.014049901,78.59121,93.57153,1.8742666
0.35867962,-9.706544,-0.49537444,-0.04428773,0.015882496,0.01282817,78.58618,93.570206,1.8726878
0.36332726,-9.701897,-0.49769825,-0.043982297,0.0143553335,0.01038471,78.58195,93.56878,1.8720915
0.35691217,-9.705509,-0.5050005,-0.039095376,0.002443461,0.018325957,78.575005,93.56632,1.8687623
0.3490903,-9.710202,-0.51282233,-0.038179077,0.011911872,0.01282817,78.57357,93.56712,1.870305
0.341112,-9.71499,-0.5208006,-0.04153884,0.004886922,0.0106901415,78.564674,93.56717,1.8691669
0.33328223,-9.719687,-0.5286304,-0.043676864,0.0070249503,0.018325957,78.5612,93.56604,1.867105
0.32531184,-9.724469,-0.53660077,-0.04642576,0.0033597588,0.021380283,78.55579,93.570114,1.8730756
0.3174947,-9.72916,-0.5444179,-0.042760566,0.009162978,0.015882496,78.553734,93.57316,1.8793287
0.30502757,-9.7337055,-0.5348709,-0.040011674,0.011301007,0.015882496,78.55586,93.57669,1.8898476
0.291904,-9.73808,-0.52174735,-0.040317107,0.00030543262,0.017104227,78.55573,93.5806,1.9010519
0.28419533,-9.736504,-0.5109298,-0.042455133,-0.0015271631,0.011911872,78.56191,93.58728,1.9111717
0.27934852,-9.731657,-0.5012362,-0.034513887,0.004581489,0.013439035,78.5673,93.59022,1.9186647
0.2809033,-9.72686,-0.5075217,-0.041233405,0.009162978,0.017715093,78.571266,93.598335,1.9309934
0.2856073,-9.722156,-0.5216337,-0.0421497,0.008552114,0.01740966,78.57535,93.603455,1.9437323
0.28104448,-9.726719,-0.536114,-0.04520403,0.0106901415,0.016493361,78.580505,93.60858,1.9547846
0.27124146,-9.736522,-0.5508185,-0.044593163,0.01160644,0.011301007,78.58498,93.61363,1.9667227
0.27450642,-9.739613,-0.54909897,-0.0421497,0.011301007,0.015577064,78.58898,93.61802,1.9718635
0.28389496,-9.739613,-0.5397104,-0.04550946,0.0076358155,0.018020526,78.592125,93.62457,1.9786842
0.2931805,-9.739613,-0.5304249,-0.03940081,0.0027488936,0.015271631,78.59744,93.6287,1.9837382
0.30264208,-9.739613,-0.52096325,-0.035124753,0.013133603,0.018020526,78.606155,93.63268,1.9865419
0.30838645,-9.737684,-0.5152189,-0.04184427,-0.0012217305,0.013439035,78.60835,93.63817,1.9919121
0.31158873,-9.734482,-0.51201665,-0.035124753,0.008857546,0.01282817,78.6205,93.63834,1.9957287
0.31480137,-9.731269,-0.508804,-0.044898596,0.006414085,0.01985312,78.62068,93.645546,2.0040839
0.31805474,-9.728016,-0.5055506,-0.03634648,0.004581489,0.01740966,78.6237,93.6482,2.0151057
0.32128158,-9.724789,-0.5023238,-0.04428773,0.011301007,0.015882496,78.62854,93.655716,2.0236335
0.32450005,-9.72157,-0.49910533,-0.04184427,0.005497787,0.01282817,78.62914,93.65921,2.032758
0.33796632,-9.723548,-0.51034886,-0.042760566,0.007941248,0.0143553335,78.63403,93.664734,2.0408957
0.35661617,-9.72821,-0.52899873,-0.03481932,0.009773844,0.012217305,78.63692,93.66848,2.050526
0.36113492,-9.73282,-0.5335175,-0.038179077,0.011301007,0.017104227,78.63793,93.67384,2.058782
0.35640302,-9.737552,-0.5287856,-0.041233405,0.00030543262,0.014049901,78.6357,93.67873,2.0693994
0.35048863,-9.738329,-0.5267244,-0.04062254,0.006414085,0.015882496,78.64331,93.682976,2.078151
0.34336194,-9.735953,-0.5267244,-0.03604105,0.004581489,0.015882496,78.64537,93.687614,2.087655
0.3362552,-9.733584,-0.5267244,-0.032070424,0.00030543262,0.008857546,78.64788,93.6921,2.097965
0.32907578,-9.731191,-0.5267244,-0.03634648,0.0106901415,0.021991149,78.6543,93.69407,2.1023855
0.32803288,-9.732457,-0.52430296,-0.03970624,0.009468411,0.02107485,78.654396,93.70014,2.1137466
0.33281267,-9.737237,-0.5195231,-0.036651913,0.010995574,0.014049901,78.6583,93.70445,2.1230114
0.3424232,-9.737202,-0.5123242,-0.038179077,0.010995574,0.015882496,78.66186,93.70859,2.1283016
0.35676688,-9.73242,-0.5027618,-0.037873644,0.00030543262,0.011911872,78.66253,93.713554,2.1368349
0.36040732,-9.729451,-0.50092006,-0.032070424,0.0125227375,0.015882496,78.669044,93.71635,2.1443708
0.35324264,-9.728256,-0.50689065,-0.038789943,0.014660766,0.014660766,78.6695,93.72332,2.1538675
0.34621283,-9.727085,-0.5127488,-0.043676864,0.012217305,0.013133603,78.67179,93.72349,2.1594708
0.3391149,-9.725902,-0.51866376,-0.03756821,0.013133603,0.018020526,78.675644,93.721794,2.163469
0.33200276,-9.724716,-0.52459055,-0.043982297,0.016493361,0.0125227375,78.67702,93.72341,2.1652415
0.3249318,-9.723538,-0.530483,-0.048563786,0.011301007,0.01160644,78.67631,93.721695,2.164233
0.31786367,-9.72236,-0.53637314,-0.047647487,0.013744468,0.016187929,78.67871,93.72023,2.163377
0.3107288,-9.72117,-0.5423188,-0.043982297,0.010995574,0.016187929,78.67806,93.72006,2.1639035
0.30834138,-9.716692,-0.5439944,-0.03604105,0.010995574,0.01038471,78.68233,93.71216,2.1585822
0.3131676,-9.707039,-0.5391682,-0.03756821,0.017104227,0.018325957,78.68768,93.703606,2.1496284
0.31510124,-9.705972,-0.5353678,-0.040927973,0.0125227375,0.02565634,78.69764,93.692825,2.1376758
0.31273094,-9.717823,-0.5329975,-0.03940081,0.016493361,0.0143553335,78.711426,93.683495,2.1293848
0.3104291,-9.729333,-0.5306957,-0.04337143,0.010995574,0.014966198,78.71939,93.67421,2.1166754
0.30806068,-9.741175,-0.5283272,-0.04153884,0.013439035,0.013744468,78.7304,93.66576,2.1082003
0.30574334,-9.749904,-0.52315193,-0.040011674,0.013439035,0.018325957,78.73502,93.65692,2.093842
0.30345702,-9.75219,-0.5117204,-0.034208454,0.023518313,0.018020526,78.74308,93.64801,2.081854
0.30118945,-9.754457,-0.5003825,-0.03970624,0.015882496,0.01863139,78.74554,93.63986,2.0680275
0.29890132,-9.756745,-0.48894185,-0.045814894,0.011301007,0.01282817,78.75153,93.63203,2.056764
0.2984391,-9.758507,-0.47935972,-0.047647487,0.010079277,0.016187929,78.7563,93.61962,2.0379846
0.3119048,-9.756262,-0.48384827,-0.0421497,0.022602014,0.02107485,78.763596,93.608055,2.0211236
0.32513225,-9.754057,-0.4882574,-0.03726278,0.018020526,0.01282817,78.7628,93.59574,2.0072327
0.3391066,-9.751728,-0.49291554,-0.049480084,0.008857546,0.013744468,78.76441,93.5845,1.9900358
0.35208508,-9.749565,-0.4972417,-0.042455133,0.018325957,0.018020526,78.76988,93.56882,1.9749594
0.34043723,-9.745216,-0.5059395,-0.04337143,0.013439035,0.017715093,78.76597,93.56006,1.9604675
0.32378584,-9.740459,-0.51545453,-0.029626964,0.018936822,0.016187929,78.767784,93.54606,1.9459397
0.30690333,-9.735636,-0.5251017,-0.034208454,0.019547688,0.017715093,78.7673,93.53906,1.9336332
0.29046297,-9.730939,-0.5344962,-0.040927973,0.018020526,0.017715093,78.7677,93.530174,1.9226677
0.29116264,-9.733894,-0.5478765,-0.04184427,0.009468411,0.0143553335,78.76127,93.52656,1.9152102
0.29579332,-9.738525,-0.56176853,-0.040317107,0.010995574,0.01863139,78.75749,93.52288,1.9059981
0.29140314,-9.743265,-0.55955374,-0.034513887,0.022907447,0.016798794,78.76022,93.515564,1.8909343
0.28445247,-9.747898,-0.55260307,-0.04337143,0.020158553,0.017715093,78.75937,93.510666,1.8742598
0.27736586,-9.752623,-0.54551643,-0.048563786,0.015882496,0.011911872,78.76288,93.5072,1.8609593
0.270446,-9.757236,-0.53859663,-0.04337143,0.008246681,0.015882496,78.7648,93.50201,1.8450267
0.271239,-9.755677,-0.542478,-0.03726278,0.021380283,0.015577064,78.77638,93.49374,1.8287984
0.27585438,-9.751062,-0.55170876,-0.03940081,0.01160644,0.019242255,78.77931,93.48545,1.810453
0.28055874,-9.746358,-0.54412943,-0.04184427,0.015271631,0.014966198,78.785194,93.47704,1.7945395
0.28545532,-9.741462,-0.52454305,-0.038789943,0.013744468,0.02076942,78.78699,93.46621,1.7751017
0.29321903,-9.74257,-0.5289772,-0.047036625,0.0067195175,0.016493361,78.7946,93.464554,1.7684492
0.3026434,-9.747282,-0.54782593,-0.0290161,0.022296581,0.01740966,78.80828,93.45435,1.7592736
0.30904812,-9.744009,-0.5580451,-0.046120327,0.014966198,0.02107485,78.81098,93.452896,1.7510906
0.31338134,-9.735342,-0.56237835,-0.044898596,0.010079277,0.020158553,78.8186,93.4434,1.7444555
0.3199597,-9.733961,-0.5552189,-0.04550946,0.01740966,0.019547688,78.82955,93.441124,1.7376648
0.3307289,-9.74473,-0.5282959,-0.042760566,0.0106901415,0.017104227,78.83496,93.4383,1.7316089
0.33518824,-9.747342,-0.520841,-0.041233405,0.014049901,0.016187929,78.8453,93.43693,1.7258573
0.33518824,-9.744167,-0.52719206,-0.034513887,0.011911872,0.018936822,78.85211,93.43355,1.7197531
0.33518824,-9.741018,-0.5334887,-0.04062254,0.009468411,0.014966198,78.85597,93.433,1.7193978
0.33518824,-9.737858,-0.5398106,-0.03268129,0.0067195175,0.013133603,78.859116,93.42678,1.7176996
0.33518824,-9.734711,-0.5461047,-0.032375857,0.013744468,0.014966198,78.866455,93.42296,1.7165585
0.33518824,-9.731528,-0.5524697,-0.03481932,0.013439035,0.014049901,78.87071,93.41871,1.7165947
0.33014742,-9.735077,-0.56301606,-0.04734206,0.013133603,0.015577064,78.876915,93.41648,1.7155389
0.32054573,-9.7446785,-0.57741857,-0.03634648,0.015577064,0.022296581,78.88374,93.40861,1.7133197
0.31856546,-9.751719,-0.5690002,-0.03481932,0.019242255,0.01740966,78.89289,93.41036,1.7137637
0.3232373,-9.756392,-0.54096925,-0.040317107,0.014966198,0.014660766,78.90047,93.41004,1.7117018
0.32324928,-9.749317,-0.53144866,-0.042455133,0.007941248,0.0143553335,78.90996,93.4105,1.7092401
0.31841958,-9.729999,-0.54110813,-0.03848451,0.010079277,0.009773844,78.92064,93.41187,1.7089121
0.32066962,-9.718142,-0.541243,-0.039095376,0.0125227375,0.015882496,78.93209,93.40963,1.7121288
0.33010492,-9.713424,-0.5318077,-0.042760566,0.018325957,0.016798794,78.94475,93.4087,1.7179918
0.33587906,-9.712264,-0.52327037,-0.04337143,0.016493361,0.016187929,78.9571,93.407936,1.7217587
0.33739984,-9.715305,-0.51566637,-0.040927973,0.007330383,0.014660766,78.96879,93.40744,1.7253649
0.338898,-9.718302,-0.50817555,-0.03756821,0.018325957,0.016493361,78.98671,93.40531,1.7311887
0.340433,-9.721372,-0.50050056,-0.04337143,0.01038471,0.016798794,78.99631,93.405426,1.7372394
0.34194535,-9.724397,-0.49293882,-0.04153884,0.016493361,0.016493361,79.007195,93.406136,1.7427578
0.3434586,-9.727423,-0.48537254,-0.034513887,0.014660766,0.020463986,79.01351,93.40629,1.746543
0.34251037,-9.730036,-0.47884035,-0.03970624,0.025045475,0.021685716,79.02334,93.41306,1.7551616
0.32633567,-9.730036,-0.47884035,-0.04886922,0.02565634,0.014049901,79.02965,93.41972,1.7647266
0.31019986,-9.730036,-0.47884035,-0.04428773,0.018020526,0.015882496,79.02932,93.41755,1.7648755
0.29401872,-9.730036,-0.47884035,-0.039095376,0.02107485,0.022907447,79.03217,93.417755,1.7657844
0.27837348,-9.730359,-0.4801325,-0.049785517,0.02076942,0.018325957,79.033966,93.424416,1.7746508
0.28660995,-9.734477,-0.49660543,-0.04520403,0.011911872,0.018936822,79.0343,93.424225,1.77974
0.2954818,-9.738914,-0.5143491,-0.043066,0.020463986,0.01740966,79.03794,93.42458,1.7781733
0.29818445,-9.73831,-0.51975447,-0.054061573,0.011911872,0.015271631,79.03417,93.42703,1.776301
0.29975292,-9.736741,-0.52289134,-0.04062254,0.008246681,0.018020526,79.034294,93.42253,1.773718
0.30126745,-9.735227,-0.5259204,-0.04153884,0.003970624,0.02107485,79.03381,93.4273,1.7721924
0.3027912,-9.733703,-0.528968,-0.04337143,0.006414085,0.024740042,79.03428,93.42847,1.7697989
0.30435413,-9.73214,-0.53209376,-0.038179077,0.019242255,0.018020526,79.02758,93.43293,1.7669376
0.3059044,-9.73059,-0.53519434,-0.045814894,0.02076942,0.016187929,79.01869,93.43956,1.7617185
0.29751372,-9.735998,-0.53033847,-0.04795292,0.002443461,0.015577064,79.00787,93.44424,1.7580845
0.28333127,-9.745453,-0.52088344,-0.046731193,0.011301007,0.01985312,79.00547,93.449326,1.7541059
0.2791931,-9.750655,-0.5259418,-0.04917465,0.004581489,0.02076942,78.994576,93.45768,1.7512068
0.28162667,-9.753088,-0.5405432,-0.044898596,0.0067195175,0.014660766,78.9889,93.46425,1.7494762
0.28407878,-9.755541,-0.55525583,-0.0421497,0.0125227375,0.01160644,78.98293,93.464745,1.7400275
0.28650504,-9.757967,-0.56981343,-0.040927973,0.008857546,0.019242255,78.975105,93.46389,1.7294512
0.29052195,-9.7555485,-0.5649551,-0.05222898,0.006414085,0.0125227375,78.96914,93.46797,1.724227
0.29529124,-9.750779,-0.55064726,-0.050701816,0.005497787,0.009162978,78.96285,93.467026,1.7161404
0.30009207,-9.745978,-0.53624475,-0.043676864,0.0143553335,0.01740966,78.96455,93.471245,1.7100755
0.30486137,-9.741209,-0.5219369,-0.04153884,0.013744468,0.016187929,78.96319,93.47791,1.7076087
0.3127748,-9.742771,-0.5076721,-0.040317107,0.0012217305,0.015577064,78.96113,93.48174,1.7027298
0.32230902,-9.747538,-0.49337077,-0.04642576,0.0009162979,0.018325957,78.96247,93.4865,1.6975535
0.32711318,-9.75069,-0.4869154,-0.046731193,-0.003970624,0.015882496,78.953415,93.486206,1.6925688
0.32944766,-9.753025,-0.48458093,-0.03634648,0.004276057,0.018325957,78.9483,93.48367,1.6858277
0.33177096,-9.755348,-0.48225763,-0.03726278,0.0012217305,0.01740966,78.94025,93.47925,1.6794013
0.33413145,-9.7577095,-0.47989714,-0.042760566,0.0061086523,0.02076942,78.936966,93.47266,1.6715654
0.33258656,-9.74836,-0.5022555,-0.039095376,0.0106901415,0.017104227,78.93265,93.46529,1.6662015
0.3275022,-9.728022,-0.5480149,-0.04795292,0.0027488936,0.013133603,78.92623,93.46221,1.6601268
0.33160776,-9.717461,-0.56802976,-0.046731193,0.009468411,0.01740966,78.928764,93.45482,1.6579983
0.34110367,-9.712712,-0.57277775,-0.051923547,0.0061086523,0.014049901,78.92594,93.452965,1.6589295
0.35052747,-9.716644,-0.5630836,-0.041233405,0.009468411,0.015882496,78.93236,93.45156,1.6563876
0.35990432,-9.726022,-0.5443299,-0.038789943,0.0027488936,0.015271631,78.93481,93.45429,1.655337
0.36117166,-9.732783,-0.53080714,-0.032375857,0.0027488936,0.01160644,78.93713,93.45921,1.6595768
0.35639805,-9.737556,-0.52125996,-0.03634648,0.011301007,0.019547688,78.94017,93.46448,1.6606017
0.35163376,-9.747737,-0.52527183,-0.050701816,0.002443461,0.018325957,78.93551,93.46997,1.6660647
0.34679514,-9.762253,-0.53978765,-0.032986723,0.009162978,0.01985312,78.93791,93.4669,1.6687468
0.33667666,-9.771039,-0.54857415,-0.04184427,0.008552114,0.011301007,78.93453,93.47396,1.6739742
0.32239568,-9.7758,-0.5533345,-0.048563786,0.018325957,0.019242255,78.93632,93.47359,1.6742407
0.32138085,-9.775247,-0.5420892,-0.038789943,0.0012217305,0.02076942,78.93174,93.47495,1.6775255
0.3305796,-9.770647,-0.5190923,-0.038179077,0.005192355,0.024129177,78.93612,93.47885,1.6784227
0.33636355,-9.765992,-0.5028695,-0.037873644,0.0033597588,0.015271631,78.93469,93.4819,1.6805358
0.33870056,-9.761318,-0.49352145,-0.038179077,0.01740966,0.018936822,78.9392,93.48275,1.678455
0.34103662,-9.756646,-0.48417717,-0.049785517,0.005497787,0.01740966,78.928215,93.488464,1.6818
0.34339714,-9.7519245,-0.47473517,-0.043676864,0.0143553335,0.02076942,78.92739,93.48855,1.6831646
0.3488017,-9.741116,-0.4753185,-0.046120327,0.020158553,0.018325957,78.92637,93.494644,1.6905684
0.35846144,-9.721796,-0.48980814,-0.043066,0.008857546,0.015271631,78.923004,93.497345,1.6968585
0.3591711,-9.71563,-0.49894348,-0.03176499,0.015577064,0.022296581,78.92097,93.4997,1.7057397
0.34742463,-9.727376,-0.50129277,-0.04550946,0.012217305,0.013744468,78.91261,93.50992,1.7192473
0.33591378,-9.738887,-0.50359493,-0.050701816,0.014966198,0.02076942,78.90984,93.51436,1.7269369
0.32413933,-9.750661,-0.5059498,-0.049480084,0.013744468,0.017104227,78.90479,93.52301,1.7396107
0.31812972,-9.758068,-0.50896746,-0.040011674,0.007941248,0.012217305,78.89935,93.5298,1.7502794
0.32532695,-9.755669,-0.51376563,-0.04153884,0.01985312,0.01863139,78.89884,93.53763,1.7586589
0.33246565,-9.753289,-0.51852477,-0.05100725,0.0125227375,0.01985312,78.892075,93.54583,1.7667323
0.33960295,-9.75091,-0.523283,-0.040927973,0.01038471,0.02565634,78.890396,93.5478,1.7716832
0.33660215,-9.7478285,-0.5280849,-0.043066,0.0125227375,0.021685716,78.87783,93.557594,1.7715143
0.30759123,-9.742994,-0.53292,-0.04917465,0.0027488936,0.011911872,78.86151,93.565636,1.7712547
0.2885508,-9.740859,-0.5325614,-0.043066,0.01160644,0.017715093,78.85239,93.5711,1.7693256
0.29297236,-9.74528,-0.5192967,-0.04337143,0.008857546,0.0143553335,78.83713,93.58195,1.7724283
0.29717726,-9.749485,-0.507867,-0.04153884,0.01160644,0.018020526,78.82565,93.58941,1.768965
0.29950297,-9.751811,-0.5101927,-0.04184427,0.01282817,0.020463986,78.813156,93.59779,1.766811
0.3018259,-9.754134,-0.5125156,-0.050701816,0.0061086523,0.015577064,78.797585,93.606224,1.7663754
0.30414698,-9.756455,-0.5148367,-0.03970624,0.008552114,0.0125227375,78.7853,93.60893,1.7649711
0.30621406,-9.758035,-0.51763505,-0.03970624,0.009468411,0.018325957,78.773834,93.60782,1.7530689
0.30437788,-9.752526,-0.5213074,-0.040317107,0.009162978,0.016187929,78.76273,93.60568,1.744683
0.3022225,-9.74606,-0.5256182,-0.0421497,0.018325957,0.015577064,78.75534,93.60371,1.735138
0.30022383,-9.740065,-0.5296156,-0.043676864,0.018325957,0.013439035,78.745346,93.60234,1.7268394
0.2981794,-9.733931,-0.53370446,-0.046731193,0.007330383,0.017104227,78.74293,93.59983,1.7231065
0.2949608,-9.726195,-0.53246075,-0.041233405,0.018936822,0.01985312,78.74691,93.59602,1.7206618
0.28967172,-9.715617,-0.52188253,-0.043676864,0.02321288,0.01863139,78.745674,93.595085,1.718137
0.28904945,-9.712627,-0.5223833,-0.04886922,0.013439035,0.014049901,78.74097,93.594826,1.7110783
0.29219416,-9.715772,-0.53181744,-0.049480084,0.011911872,0.0125227375,78.73992,93.59386,1.7039683
0.29533887,-9.718917,-0.5412516,-0.04184427,0.0106901415,0.017715093,78.7401,93.58719,1.6957413
0.29850122,-9.722079,-0.55073863,-0.036957346,0.011301007,0.019547688,78.74028,93.58216,1.6891335
0.3016428,-9.725221,-0.5601634,-0.03604105,0.01740966,0.013439035,78.74164,93.5768,1.683655
0.30482972,-9.728408,-0.5697241,-0.047036625,0.012217305,0.015577064,78.74007,93.5721,1.6753956
0.31540218,-9.732272,-0.5723723,-0.04428773,0.009162978,0.013439035,78.74391,93.56473,1.6728431
0.3344244,-9.737028,-0.56761676,-0.04642576,0.009468411,0.008857546,78.74715,93.5616,1.6704808
0.33679932,-9.737621,-0.56104875,-0.038179077,0.016187929,0.010079277,78.75444,93.55901,1.6677183
0.3177684,-9.732863,-0.5515333,-0.04734206,0.013439035,0.0143553335,78.75901,93.561615,1.665286
0.30738124,-9.733729,-0.5449546,-0.046731193,0.0125227375,0.016187929,78.769264,93.56065,1.6710122
0.30976024,-9.743245,-0.5425756,-0.051618114,0.013744468,0.016187929,78.77923,93.56312,1.6758552
0.3121114,-9.75265,-0.5402244,-0.048258353,0.015271631,0.012217305,78.79052,93.56298,1.6836654
0.31449702,-9.762193,-0.5378388,-0.04184427,0.020463986,0.016798794,78.80315,93.56219,1.6888535
0.31757674,-9.765259,-0.5409276,-0.043982297,0.009773844,0.018325957,78.81137,93.5637,1.6955482
0.32236046,-9.755692,-0.55527866,-0.049785517,0.016187929,0.015882496,78.82574,93.56456,1.7021902
0.32424667,-9.751919,-0.5595725,-0.04337143,0.012217305,0.02107485,78.837585,93.55866,1.7068095
0.3198721,-9.760668,-0.5420743,-0.043066,0.008246681,0.0125227375,78.85075,93.55817,1.7159027
0.31557605,-9.767884,-0.5262658,-0.045814894,0.009773844,0.014660766,78.87002,93.557236,1.724779
0.3107867,-9.763095,-0.52147645,-0.045814894,0.014966198,0.013133603,78.88867,93.55737,1.73671
0.30605537,-9.757559,-0.51755,-0.050701816,0.016798794,0.015577064,78.904396,93.55582,1.746244
0.30127844,-9.743228,-0.52232695,-0.044898596,0.013133603,0.019242255,78.919685,93.55183,1.7554674
0.2977903,-9.7314,-0.52536047,-0.03756821,0.0070249503,0.016798794,78.93608,93.54826,1.7664895
0.3071507,-9.7454405,-0.5113199,-0.047036625,0.014966198,0.0143553335,78.95515,93.54717,1.7762752
0.31639376,-9.758287,-0.49799395,-0.042760566,0.015271631,0.018325957,78.97075,93.54112,1.783857
0.32081378,-9.752394,-0.49799395,-0.042455133,0.015577064,0.02076942,78.98822,93.53917,1.7923341
0.32535377,-9.746341,-0.49799395,-0.03940081,0.0070249503,0.014660766,78.99965,93.53907,1.8081435
0.3297711,-9.740451,-0.49799395,-0.04337143,0.009468411,0.0125227375,79.014114,93.53983,1.8217884
0.33420184,-9.734543,-0.49799395,-0.048563786,0.011911872,0.02107485,79.02592,93.53954,1.833464
0.3387078,-9.728536,-0.49799395,-0.042455133,-0.00061086525,0.015577064,79.0358,93.5388,1.8493692
0.34320304,-9.722542,-0.49799395,-0.03573562,0.013133603,0.01740966,79.05385,93.53693,1.8607012
0.32606587,-9.723576,-0.5104601,-0.044593163,0.010079277,0.0143553335,79.06309,93.539,1.8740939
0.2972748,-9.7283745,-0.52965415,-0.036957346,0.0106901415,0.0143553335,79.07708,93.53489,1.8858995
0.2841344,-9.726866,-0.5299615,-0.043676864,0.0125227375,0.013744468,79.08869,93.538795,1.8999741
0.27933732,-9.722069,-0.5203674,-0.042455133,0.0143553335,0.014049901,79.100235,93.53886,1.9132831
0.28078598,-9.717401,-0.5110304,-0.045814894,0.013439035,0.011911872,79.11408,93.54344,1.9239458
0.28547433,-9.712712,-0.5016537,-0.043676864,0.008857546,0.015271631,79.12722,93.54549,1.9325279
0.28821397,-9.713612,-0.50072324,-0.04520403,0.0143553335,0.017715093,79.137375,93.551346,1.9419758
0.28983557,-9.718476,-0.50558805,-0.05222898,0.012217305,0.013439035,79.14385,93.558395,1.951858
0.2914549,-9.723334,-0.5104461,-0.040317107,0.009468411,0.018325957,79.15055,93.558334,1.9587677
0.29308236,-9.728217,-0.5153284,-0.05497787,0.015271631,0.021380283,79.15892,93.5671,1.9671646
0.29470104,-9.733073,-0.52018446,-0.05009095,0.01282817,0.023518313,79.16558,93.56393,1.9700917
0.29632166,-9.737935,-0.52504635,-0.049785517,0.015577064,0.014049901,79.17515,93.56671,1.975501
0.29384914,-9.730517,-0.5176288,-0.048258353,0.021380283,0.018325957,79.18137,93.56498,1.972354
0.28934455,-9.717003,-0.504115,-0.044898596,0.010079277,0.014660766,79.18315,93.565506,1.9739445
0.29508436,-9.718662,-0.49540058,-0.038179077,0.011911872,0.014966198,79.191864,93.56554,1.9736522
0.3095013,-9.73308,-0.49059492,-0.043066,0.0061086523,0.015577064,79.19504,93.56805,1.9740009
0.31845146,-9.738808,-0.4956677,-0.04917465,0.012217305,0.01985312,79.20064,93.56671,1.9731568
0.32311186,-9.737254,-0.50964886,-0.035124753,0.010079277,0.014660766,79.20205,93.56318,1.9746177
0.32784423,-9.735677,-0.523846,-0.038789943,0.014049901,0.014660766,79.20463,93.56652,1.9776452
0.33258417,-9.734097,-0.53806585,-0.04337143,0.013133603,0.010995574,79.20502,93.56813,1.98294
0.3373232,-9.732516,-0.5522828,-0.049785517,0.0067195175,0.020158553,79.20126,93.57113,1.9840677
0.34206122,-9.730937,-0.56649697,-0.04428773,0.004581489,0.024740042,79.19837,93.5735,1.9874151
0.34476504,-9.731067,-0.57563925,-0.03481932,0.019547688,0.021685716,79.19592,93.57538,1.9870969
0.34476504,-9.733442,-0.5780145,-0.03940081,0.016798794,0.02076942,79.188,93.578125,1.9846524
0.34476504,-9.735848,-0.58042026,-0.037873644,0.011301007,0.02076942,79.18927,93.581825,1.9820724
0.34476504,-9.738244,-0.582816,-0.03726278,0.013133603,0.015577064,79.1918,93.58769,1.9813734
0.3418068,-9.741585,-0.57728267,-0.04337143,0.011301007,0.01863139,79.19191,93.59337,1.9782499
0.33472148,-9.746308,-0.5607502,-0.03145956,0.008857546,0.0106901415,79.19215,93.597015,1.9797914
0.32767308,-9.751007,-0.54430395,-0.03634648,0.014966198,0.020158553,79.19524,93.603325,1.9755417
0.3205153,-9.755779,-0.5276025,-0.03359759,0.019547688,0.018936822,79.19693,93.607765,1.9765433
0.31945258,-9.755348,-0.5188565,-0.038789943,0.015271631,0.015271631,79.194374,93.617966,1.9779134
0.32911143,-9.745689,-0.523686,-0.03940081,0.021685716,0.019547688,79.196365,93.62512,1.9775532
0.3320556,-9.738047,-0.52359176,-0.04062254,0.01863139,0.01282817,79.190704,93.63065,1.980172
0.3231393,-9.733588,-0.51467544,-0.050701816,0.01038471,0.014049901,79.18565,93.63642,1.9793109
0.31358987,-9.730851,-0.51327515,-0.033292156,0.0076358155,0.009468411,79.187805,93.63722,1.9862156
0.30166346,-9.734826,-0.5411034,-0.040317107,0.015577064,0.01038471,79.19078,93.64505,1.9910424
0.29001766,-9.7387085,-0.568277,-0.040317107,0.013439035,0.016798794,79.18923,93.645164,1.9944184
0.30195063,-9.732289,-0.559962,-0.047036625,0.007941248,0.01160644,79.188805,93.650154,2.0007315
0.3206768,-9.722926,-0.54123586,-0.03970624,0.01863139,0.01282817,79.192566,93.64972,2.003472
0.3309094,-9.720459,-0.5468971,-0.047036625,0.007330383,0.01740966,79.19264,93.658264,2.0043128
0.3380791,-9.720459,-0.5612365,-0.047036625,0.017104227,0.01160644,79.20164,93.6646,2.00815
0.34529757,-9.720459,-0.57567346,-0.03970624,0.015882496,0.015271631,79.20186,93.66693,2.0096967
0.3523869,-9.720459,-0.5898521,-0.05100725,0.013744468,0.016187929,79.204475,93.674904,2.0136535
0.34059045,-9.717021,-0.58688635,-0.047647487,0.01160644,0.01740966,79.20894,93.67136,2.0103593
0.32215872,-9.712413,-0.57767045,-0.043676864,0.016493361,0.015271631,79.214714,93.6708,2.007945
0.31440172,-9.714148,-0.5713426,-0.048563786,0.010995574,0.014660766,79.22209,93.67795,2.0110142
0.31204766,-9.718856,-0.5666345,-0.03634648,0.008246681,0.014660766,79.23154,93.68019,2.0144856
0.3096574,-9.723637,-0.56185395,-0.048258353,0.012217305,0.013744468,79.24056,93.68753,2.0165923
0.3072633,-9.728425,-0.5570658,-0.05222898,0.01160644,0.022296581,79.247536,93.68853,2.015786
0.3096226,-9.733201,-0.55861956,-0.043982297,0.011301007,0.016798794,79.25542,93.69175,2.0192425
0.31441194,-9.737989,-0.5634089,-0.03726278,0.010995574,0.018020526,79.2633,93.69381,2.0183027
0.31920227,-9.74278,-0.5681992,-0.036957346,0.0070249503,0.016187929,79.274704,93.68761,2.0137355
0.3240137,-9.747591,-0.5730107,-0.04520403,0.01160644,0.015271631,79.288284,93.68185,2.0088475
0.3192729,-9.749189,-0.57619303,-0.049785517,0.010995574,0.020463986,79.2991,93.67479,2.0027373
0.30967563,-9.749189,-0.57859236,-0.040927973,0.01038471,0.009773844,79.310776,93.66937,2.0016317
0.30019638,-9.749189,-0.5809622,-0.042455133,0.0070249503,0.015271631,79.322495,93.666,1.9952812
0.2907209,-9.749189,-0.58333105,-0.037873644,0.0036651916,0.011911872,79.33352,93.66229,1.9945534
0.29337364,-9.752224,-0.5690116,-0.042455133,0.013133603,0.016493361,79.35104,93.66239,1.9979975
0.30278093,-9.7569275,-0.5454935,-0.03848451,0.018020526,0.014660766,79.36588,93.66099,2.0039008
0.31220844,-9.757328,-0.54348946,-0.04642576,0.023518313,0.014660766,79.38444,93.66248,2.0060606
0.32143834,-9.755021,-0.5550268,-0.03848451,0.019242255,0.012217305,79.40123,93.66005,2.0092337
0.33065712,-9.752716,-0.5665503,-0.04337143,0.01038471,0.015882496,79.41506,93.65896,2.0117488
0.3399778,-9.750386,-0.5782012,-0.040317107,0.010995574,0.016798794,79.43004,93.65508,2.015651
0.3470742,-9.751498,-0.57494855,-0.03634648,0.013133603,0.017715093,79.43891,93.653854,2.0179338
0.35185403,-9.756278,-0.55582935,-0.040927973,0.006414085,0.017104227,79.44527,93.65411,2.0201685
0.3473151,-9.754082,-0.5482203,-0.03726278,0.020158553,0.016798794,79.45446,93.65763,2.0219915
0.33247492,-9.744188,-0.553167,-0.0421497,0.019242255,0.021380283,79.45758,93.66347,2.0221965
0.3182038,-9.742082,-0.54557794,-0.039095376,0.023518313,0.016187929,79.46356,93.66571,2.0261877
0.30442116,-9.7466755,-0.52720106,-0.040317107,0.015882496,0.015271631,79.465935,93.6687,2.0274029
0.3013644,-9.746947,-0.5328394,-0.044593163,0.014966198,0.01985312,79.46345,93.671646,2.01935
0.31116617,-9.742047,-0.5671456,-0.042455133,0.014660766,0.02321288,79.45906,93.67363,2.012025
0.31361791,-9.732363,-0.57935184,-0.041233405,0.0061086523,0.016493361,79.4502,93.674515,2.0052693
0.30891618,-9.718257,-0.5699483,-0.04184427,0.016798794,0.018325957,79.4471,93.6735,1.9957168
0.31102422,-9.715448,-0.56160676,-0.044898596,0.021685716,0.01740966,79.44854,93.68205,1.9980899
0.320448,-9.724872,-0.55453897,-0.044898596,0.004276057,0.015577064,79.4467,93.68967,1.9999422
0.33005127,-9.734475,-0.5473365,-0.04062254,0.015882496,0.019242255,79.4488,93.69964,2.0032618
0.33943346,-9.743857,-0.5402999,-0.047647487,0.007941248,0.01985312,79.44042,93.712685,2.0072393
0.33686498,-9.745239,-0.53235114,-0.04062254,0.0076358155,0.018020526,79.43768,93.720795,2.0110307
0.31790707,-9.735761,-0.5228722,-0.03604105,0.011301007,0.018020526,79.434006,93.73042,2.0139287
0.30922756,-9.732805,-0.51714754,-0.03848451,0.014660766,0.01863139,79.42431,93.73994,2.0174966
0.31631815,-9.739896,-0.51714754,-0.052839845,0.0009162979,0.01160644,79.41084,93.75206,2.0228958
0.3233677,-9.746945,-0.51714754,-0.038179077,0.0106901415,0.011911872,79.40474,93.75431,2.0246608
0.330481,-9.754059,-0.51714754,-0.034208454,0.01038471,0.008552114,79.39192,93.763824,2.028975
0.33594456,-9.75801,-0.51790386,-0.032375857,0.010995574,0.014660766,79.38018,93.77142,2.0326242
0.3383134,-9.755641,-0.52027273,-0.031154128,0.014966198,0.017104227,79.36941,93.77894,2.038114
0.3407128,-9.753242,-0.5226721,-0.040011674,0.02321288,0.018325957,79.3599,93.78782,2.0434656
0.3430305,-9.750923,-0.52498984,-0.05009095,0.015577064,0.01740966,79.34718,93.796364,2.048371
0.3451557,-9.748017,-0.52711505,-0.0421497,0.014966198,0.01863139,79.33503,93.80144,2.048173
0.3467635,-9.743194,-0.5287229,-0.04520403,0.016493361,0.015882496,79.32154,93.81195,2.0492716
0.34834108,-9.7384615,-0.53030044,-0.038179077,0.022296581,0.013439035,79.30985,93.818436,2.050408
0.34993836,-9.733669,-0.5318977,-0.03726278,0.01282817,0.0076358155,79.294395,93.8277,2.0530372
0.35156912,-9.728777,-0.53352845,-0.04428773,0.018325957,0.011301007,79.28521,93.83581,2.0539293
0.3531228,-9.724116,-0.53508216,-0.04153884,0.01038471,0.0106901415,79.26953,93.84253,2.0572305
0.35378152,-9.719898,-0.5363012,-0.044898596,0.021991149,0.014966198,79.26041,93.84912,2.0550914
0.35144144,-9.717559,-0.5363012,-0.040317107,0.020158553,0.010995574,79.24531,93.8542,2.0551918
0.3490684,-9.715185,-0.5363012,-0.04062254,0.013133603,0.0125227375,79.23293,93.86049,2.0531025
0.34673396,-9.712851,-0.5363012,-0.040927973,0.016798794,0.012217305,79.22323,93.86631,2.0528564
0.34398094,-9.711666,-0.5378694,-0.04062254,0.01740966,0.015577064,79.218,93.86932,2.0549679
0.3391281,-9.716519,-0.5475751,-0.03970624,0.016798794,0.0125227375,79.21343,93.873146,2.0589392
0.3347359,-9.720007,-0.5547763,-0.0421497,0.017715093,0.013744468,79.217155,93.871925,2.0605984
0.33236915,-9.71764,-0.55122614,-0.04062254,0.018325957,0.015271631,79.22048,93.87,2.0629272
0.3300199,-9.71529,-0.54770225,-0.043066,0.017104227,0.014966198,79.2264,93.87322,2.0698402
0.32764462,-9.712915,-0.5441394,-0.047647487,0.023518313,0.011911872,79.23455,93.87674,2.076998
0.32528305,-9.710553,-0.540597,-0.041233405,0.022296581,0.016187929,79.24016,93.87705,2.0817566
0.3228931,-9.708163,-0.5370121,-0.0421497,0.019242255,0.017104227,79.246864,93.88115,2.088169
0.32053533,-9.705806,-0.53347546,-0.03756821,0.01038471,0.020463986,79.24437,93.8803,2.0844374
0.31817,-9.703441,-0.5299275,-0.049480084,0.01282817,0.015882496,79.244156,93.88473,2.0829544
0.31811202,-9.702552,-0.52797085,-0.04734206,0.016798794,0.01863139,79.24209,93.88302,2.078416
0.34186238,-9.716802,-0.54222107,-0.046731193,0.021991149,0.015882496,79.24099,93.88602,2.0769093
0.36428526,-9.730769,-0.5547216,-0.039095376,0.024129177,0.018325957,79.23897,93.88335,2.0725484
0.36890253,-9.740004,-0.54548705,-0.04153884,0.009468411,0.016187929,79.233536,93.8841,2.070187
0.37403435,-9.749458,-0.53468454,-0.045814894,0.022296581,0.016798794,79.23638,93.88643,2.0692697
0.38304693,-9.753964,-0.5076468,-0.04337143,0.019547688,0.016187929,79.230644,93.88813,2.0688438
0.3927126,-9.758702,-0.4790944,-0.03756821,0.020158553,0.009773844,79.229385,93.88599,2.0665703
0.39420456,-9.757211,-0.48506227,-0.044593163,0.019242255,0.014660766,79.22713,93.884796,2.0613127
0.39576825,-9.755647,-0.49131703,-0.03970624,0.0125227375,0.019547688,79.21974,93.876915,2.059197
0.39735058,-9.754065,-0.4976464,-0.04734206,0.016493361,0.011911872,79.215065,93.87504,2.05951
0.39891997,-9.752495,-0.5039239,-0.04520403,0.018936822,0.018936822,79.208405,93.8668,2.0542521
0.40051085,-9.750904,-0.5102874,-0.04153884,0.016493361,0.023823744,79.208,93.85999,2.0555031
0.40207642,-9.749338,-0.51654977,-0.044898596,0.0076358155,0.0125227375,79.206215,93.85599,2.0592978
0.39353395,-9.747016,-0.518234,-0.043982297,0.004276057,0.01038471,79.20545,93.84816,2.0591614
0.38415024,-9.74467,-0.51940703,-0.054367006,0.012217305,0.022296581,79.20539,93.84359,2.0582147
0.37454286,-9.742269,-0.52060795,-0.044593163,0.019547688,0.01740966,79.20374,93.84171,2.0636327
0.34605056,-9.735146,-0.5241695,-0.04337143,0.015577064,0.011301007,79.20179,93.84239,2.0707872
0.336646,-9.732795,-0.5253451,-0.043982297,0.015577064,0.016798794,79.20025,93.84185,2.0721896
0.32729638,-9.730457,-0.52651376,-0.054061573,0.018936822,0.016493361,79.20073,93.84376,2.075783
0.33753818,-9.72606,-0.52274877,-0.054367006,0.01038471,0.016798794,79.191826,93.84583,2.0767417
0.35157248,-9.721382,-0.51807064,-0.043982297,0.009773844,0.009773844,79.18615,93.84878,2.080041
0.35049468,-9.728153,-0.5209947,-0.041233405,0.0106901415,0.016493361,79.18032,93.85044,2.0754583
0.34574503,-9.737653,-0.52574444,-0.044898596,0.016798794,0.020463986,79.17575,93.85256,2.0737686
0.3466307,-9.739613,-0.52859,-0.049480084,0.01863139,0.017104227,79.16639,93.85282,2.0689006
0.3489457,-9.739613,-0.53090507,-0.04795292,0.010995574,0.017715093,79.15633,93.85127,2.06195
0.35132596,-9.739613,-0.5332853,-0.042760566,0.014049901,0.022907447,79.15063,93.85008,2.054514
0.35367244,-9.739613,-0.5356318,-0.048258353,0.0143553335,0.018325957,79.142,93.85247,2.049752
0.35084322,-9.750109,-0.5432984,-0.036957346,0.009773844,0.019242255,79.133156,93.84793,2.0421774
0.34588262,-9.76499,-0.5532197,-0.047647487,0.009468411,0.016798794,79.12565,93.85125,2.0371609
0.3520468,-9.750138,-0.54817307,-0.0421497,0.017715093,0.018325957,79.11995,93.84799,2.031428
0.3615772,-9.726313,-0.53864264,-0.047647487,0.0143553335,0.018936822,79.11092,93.85045,2.0266376
0.36033046,-9.727635,-0.5291248,-0.04795292,0.018936822,0.01740966,79.11108,93.85096,2.0242624
0.3555593,-9.737178,-0.51958245,-0.046731193,0.022296581,0.016493361,79.109985,93.85223,2.0215747
0.35793456,-9.743205,-0.5207403,-0.037873644,0.019242255,0.017715093,79.101654,93.849815,2.013223
0.3626124,-9.747883,-0.5254181,-0.05009095,0.024129177,0.019242255,79.096695,93.85236,2.0055017
0.35384545,-9.755904,-0.52336663,-0.049480084,0.023823744,0.015577064,79.0947,93.846245,2.0008886
0.34021798,-9.76499,-0.51882416,-0.04184427,0.013133603,0.0125227375,79.09117,93.84121,1.9957836
0.34757018,-9.762152,-0.526434,-0.030848695,0.0143553335,0.0125227375,79.09139,93.836174,1.9915872
0.36726317,-9.752305,-0.54120374,-0.04428773,0.01985312,0.01282817,79.08975,93.83577,1.9882128
0.36811322,-9.749189,-0.5480309,-0.05375614,0.02076942,0.017715093,79.08694,93.829926,1.9822638
0.36019468,-9.749189,-0.5511983,-0.04550946,0.02321288,0.015882496,79.08607,93.82412,1.9784294
0.35230148,-9.749189,-0.5543556,-0.041233405,0.022296581,0.016493361,79.08353,93.827034,1.9775956
0.34441614,-9.749189,-0.5575097,-0.04337143,0.023823744,0.018325957,79.08241,93.82952,1.9770371
0.33645654,-9.749189,-0.56069356,-0.05100725,0.019242255,0.01740966,79.0793,93.83258,1.9769876
0.3285949,-9.749189,-0.5638382,-0.04520403,0.019547688,0.017715093,79.07812,93.832375,1.9761982
0.31669134,-9.743242,-0.55313814,-0.03940081,0.02687807,0.01282817,79.082794,93.82817,1.9721589
0.3028501,-9.734015,-0.53468317,-0.045814894,0.020463986,0.014660766,79.08367,93.8247,1.9660956
0.30199128,-9.732592,-0.53183466,-0.046731193,0.01282817,0.014049901,79.08907,93.81912,1.9596419
0.3110091,-9.737101,-0.5408525,-0.042455133,0.020158553,0.019547688,79.096954,93.8129,1.9513026
0.31978846,-9.737736,-0.54775494,-0.043982297,0.02107485,0.017104227,79.09576,93.808846,1.9445881
0.3284701,-9.733396,-0.5520957,-0.036651913,0.02076942,0.014660766,79.096375,93.80099,1.9367015
0.3341397,-9.733182,-0.56174594,-0.043982297,0.018936822,0.019242255,79.09774,93.79825,1.9285418
0.32932973,-9.747611,-0.5906059,-0.04795292,0.015577064,0.018936822,79.09843,93.794136,1.9226592
0.32223207,-9.759892,-0.60277754,-0.04428773,0.019547688,0.015577064,79.10106,93.79093,1.9175475
0.30780008,-9.764703,-0.5594816,-0.03970624,0.014660766,0.015882496,79.10026,93.78807,1.9114805
0.29566556,-9.767938,-0.5259141,-0.04520403,0.02076942,0.018325957,79.107056,93.79065,1.9052875
0.2909619,-9.76637,-0.52277833,-0.046731193,0.0076358155,0.014660766,79.10684,93.79199,1.9005514
0.2863053,-9.764817,-0.5196739,-0.04184427,0.01038471,0.02076942,79.10842,93.785,1.8920792
0.28159314,-9.763247,-0.5165325,-0.043982297,0.0125227375,0.020463986,79.105934,93.78169,1.8864787
0.27689326,-9.761681,-0.5133992,-0.04520403,0.004276057,0.0143553335,79.101295,93.777084,1.8809278
0.27216792,-9.760105,-0.51024896,-0.05467244,-0.00030543262,0.014966198,79.09842,93.774315,1.8738838
0.2667137,-9.759484,-0.5082892,-0.048563786,0.014966198,0.017715093,79.09563,93.77245,1.8710134
0.25732455,-9.764179,-0.51298374,-0.048563786,0.007941248,0.01985312,79.085304,93.774345,1.8678035
0.25277254,-9.766078,-0.51865774,-0.04886922,0.008857546,0.014660766,79.08088,93.77366,1.8651484
0.27647248,-9.751858,-0.52813774,-0.040317107,0.013133603,0.017104227,79.07567,93.76939,1.8598062
0.2985271,-9.737967,-0.5371242,-0.048258353,0.009162978,0.013744468,79.07439,93.77029,1.8605356
0.30792412,-9.72857,-0.54182273,-0.044898596,0.014660766,0.015577064,79.07711,93.7653,1.8593261
0.31664523,-9.719237,-0.54648864,-0.048258353,0.0106901415,0.018325957,79.07658,93.76659,1.8607665
0.32131445,-9.709899,-0.55115783,-0.04642576,0.0033597588,0.016798794,79.07656,93.76612,1.862873
0.32576224,-9.701305,-0.5554548,-0.050396383,0.0061086523,0.014660766,79.075005,93.76925,1.862562
0.3272665,-9.701305,-0.5554548,-0.042760566,0.0036651916,0.01282817,79.06992,93.769135,1.8624269
0.32880512,-9.701305,-0.5554548,-0.044898596,0.007941248,0.014660766,79.068146,93.77302,1.8624218
0.3303009,-9.701305,-0.5554548,-0.043066,0.0106901415,0.020158553,79.06534,93.773674,1.8618035
0.33197966,-9.701305,-0.5554548,-0.0421497,0.008552114,0.01740966,79.06024,93.776215,1.8614633
0.3333456,-9.701305,-0.5554548,-0.04795292,0.004886922,0.021685716,79.05576,93.778175,1.8576672
0.33449405,-9.701768,-0.556149,-0.04337143,0.011301007,0.01985312,79.053505,93.778496,1.8565943
0.3230852,-9.709373,-0.5675579,-0.055588737,0.0106901415,0.016798794,79.04835,93.78394,1.8545868
0.30835328,-9.719195,-0.5822898,-0.049480084,0.00580322,0.016187929,79.03986,93.78597,1.8526324
0.31064618,-9.720459,-0.57790273,-0.046731193,0.004581489,0.0143553335,79.032364,93.79226,1.8520037
0.31537274,-9.720459,-0.5708129,-0.044898596,-0.0009162979,0.014966198,79.02246,93.79676,1.8507394
0.3201249,-9.720459,-0.56368464,-0.04550946,0.0036651916,0.016187929,79.01623,93.80433,1.8501983
0.32480693,-9.720459,-0.55666155,-0.043066,-0.002443461,0.01740966,79.00559,93.81032,1.8492346
0.3333416,-9.720459,-0.5535222,-0.03726278,0.006414085,0.016798794,79.000725,93.815445,1.8487937
0.34247744,-9.720459,-0.5512383,-0.040927973,0.00030543262,0.012217305,78.98997,93.82249,1.8488296
0.35158035,-9.720459,-0.5489626,-0.043676864,0.0061086523,0.016187929,78.98355,93.82493,1.8480998
0.3606449,-9.720459,-0.5466964,-0.036651913,0.0036651916,0.013133603,78.97299,93.827255,1.8504096
0.3673445,-9.717033,-0.5493038,-0.04520403,0.008246681,0.011911872,78.96322,93.82798,1.84013
0.37239927,-9.711978,-0.5543586,-0.04795292,0.0027488936,0.018325957,78.95013,93.82492,1.8286977
0.37712327,-9.725393,-0.5590826,-0.040927973,0.0061086523,0.0125227375,78.942215,93.81973,1.820292
0.3817954,-9.7440815,-0.56375474,-0.03970624,0.015577064,0.013133603,78.93486,93.81507,1.8086714
0.37613103,-9.742248,-0.56271785,-0.043066,0.010079277,0.0125227375,78.93004,93.8116,1.8048291
0.36655486,-9.732672,-0.5595258,-0.032375857,0.017715093,0.016798794,78.93177,93.803696,1.7999517
0.35689023,-9.723007,-0.5563043,-0.04550946,0.0070249503,0.018020526,78.92696,93.80391,1.7962273
0.34725446,-9.713371,-0.55309236,-0.04642576,0.013744468,0.01160644,78.929214,93.799,1.7940581
0.33768407,-9.703801,-0.5499022,-0.038789943,0.012217305,0.0125227375,78.92624,93.79419,1.7893085
0.32801557,-9.694133,-0.5466794,-0.04184427,0.018325957,0.01863139,78.92735,93.792534,1.7852563
0.3238586,-9.689976,-0.55288935,-0.047036625,0.02076942,0.01740966,78.92688,93.79048,1.7830713
0.32153484,-9.687653,-0.5621844,-0.04642576,0.018020526,0.01160644,78.92667,93.78767,1.7806352
0.31921107,-9.6853285,-0.5714795,-0.035430185,0.01985312,0.007941248,78.92877,93.77578,1.767228
0.3168724,-9.68299,-0.58083415,-0.036957346,0.0125227375,0.0125227375,78.9275,93.76694,1.7533852
0.3253106,-9.688335,-0.57800126,-0.042455133,0.016187929,0.016798794,78.92278,93.7585,1.7361581
0.33986795,-9.69804,-0.5682963,-0.043676864,0.011301007,0.014966198,78.91361,93.74991,1.7197429
0.33850008,-9.70757,-0.5712966,-0.046120327,0.0076358155,0.007941248,78.90834,93.74603,1.7036045
0.32894036,-9.71713,-0.5808563,-0.040317107,0.01160644,0.018325957,78.90427,93.73859,1.6836909
0.3194945,-9.726576,-0.59030217,-0.039095376,0.018020526,0.020158553,78.90628,93.73098,1.6736547
0.30964628,-9.736424,-0.60015035,-0.047647487,0.017715093,0.01985312,78.90759,93.723694,1.6616664
0.30947208,-9.735091,-0.6093674,-0.051618114,0.007941248,0.009162978,78.90784,93.716415,1.6525371
0.31431076,-9.727834,-0.61904466,-0.03756821,0.009773844,0.015577064,78.91154,93.70488,1.6392195
0.3189646,-9.720853,-0.62835234,-0.043982297,0.015271631,0.016798794,78.9199,93.70683,1.6378328
0.32370895,-9.713736,-0.637841,-0.03756821,0.0070249503,0.015271631,78.92481,93.70162,1.6352991
0.32561144,-9.716614,-0.6387803,-0.046731193,0.008857546,0.012217305,78.93402,93.70224,1.6332138
0.32561144,-9.726091,-0.63404137,-0.044898596,0.01160644,0.014660766,78.94111,93.69806,1.6299541
0.32561144,-9.7355,-0.6293366,-0.043066,0.017715093,0.018020526,78.95171,93.70279,1.63321
0.32561144,-9.745111,-0.6245314,-0.044593163,0.014966198,0.016798794,78.96042,93.70813,1.6368397
0.32694107,-9.74653,-0.6145146,-0.040927973,0.0125227375,0.014049901,78.970856,93.7114,1.639949
0.32940987,-9.741592,-0.59970194,-0.040927973,0.005497787,0.013133603,78.979065,93.7159,1.6426637
0.33172092,-9.73697,-0.5858355,-0.03726278,0.009468411,0.01863139,78.98383,93.722046,1.6485927
0.33407143,-9.732269,-0.5717325,-0.042455133,0.01160644,0.015577064,78.98589,93.731445,1.6568283
0.33602104,-9.729203,-0.5658644,-0.041233405,0.011301007,0.014049901,78.98852,93.73718,1.6628617
0.33760867,-9.727615,-0.567452,-0.040927973,0.011911872,0.013133603,78.99194,93.7446,1.6694164
0.3391808,-9.726044,-0.56902415,-0.046731193,0.014660766,0.018020526,78.99621,93.74797,1.6781473
0.34076238,-9.724462,-0.57060575,-0.05131268,0.009773844,0.023518313,78.99839,93.75093,1.686494
0.34233704,-9.722887,-0.5721804,-0.04734206,0.014966198,0.02107485,79.00495,93.75255,1.6950048
0.3439319,-9.7212925,-0.5737753,-0.048563786,0.01160644,0.016798794,79.00767,93.75615,1.7020328
0.34335282,-9.718341,-0.5753145,-0.04642576,0.007941248,0.015271631,79.01168,93.75781,1.7088234
0.34019637,-9.713606,-0.57689273,-0.047647487,0.0021380284,0.005497787,79.01387,93.762215,1.718839
0.33711672,-9.708986,-0.57843256,-0.030848695,0.005497787,0.0125227375,79.01472,93.76334,1.7258791
0.3340148,-9.704334,-0.57998353,-0.043066,0.01160644,0.0143553335,79.01449,93.77385,1.7367474
0.3309915,-9.699799,-0.58149517,-0.049785517,0.0125227375,0.022296581,79.01392,93.77688,1.7435265
0.32782084,-9.695043,-0.58308053,-0.043676864,0.0061086523,0.0106901415,79.012695,93.78193,1.7550458
0.32833004,-9.697166,-0.5814666,-0.050396383,0.0076358155,0.018020526,79.014465,93.78821,1.7588212
0.33825985,-9.717026,-0.5715368,-0.043982297,0.01282817,0.018936822,79.01516,93.79181,1.7673934
0.34397373,-9.728454,-0.5674055,-0.034513887,0.0070249503,0.014966198,79.01407,93.796326,1.7739214
0.34164953,-9.723804,-0.5743781,-0.043676864,0.013744468,0.015271631,79.01814,93.80309,1.7790735
0.33940062,-9.719307,-0.5811249,-0.038179077,0.01160644,0.015882496,79.01644,93.80297,1.7858254
0.33710378,-9.714713,-0.5880154,-0.03573562,0.01985312,0.01282817,79.01958,93.806274,1.7935913
0.3359723,-9.7111435,-0.59480745,-0.038789943,0.017104227,0.014049901,79.01295,93.81312,1.8000665
0.3407235,-9.712728,-0.6011424,-0.037873644,0.011911872,0.014049901,79.00797,93.8187,1.8075919
0.3454528,-9.714304,-0.6074481,-0.04062254,0.012217305,0.021685716,79.00322,93.82449,1.8060167
0.350245,-9.715901,-0.6138377,-0.03573562,0.02321288,0.018936822,79.0,93.829315,1.807491
0.35500288,-9.717487,-0.62018156,-0.03726278,0.022602014,0.016493361,78.99384,93.83518,1.80657
0.35976934,-9.719076,-0.62653685,-0.03634648,0.015271631,0.016187929,78.98897,93.839134,1.8059227
0.36447972,-9.72102,-0.6326303,-0.03726278,0.020158553,0.01863139,78.987526,93.843735,1.8053759
0.3690088,-9.72555,-0.63715935,-0.03604105,0.022602014,0.014966198,78.98329,93.848274,1.8065119
0.37308303,-9.72983,-0.64102733,-0.03940081,0.02443461,0.010995574,78.98227,93.85684,1.8082273
0.36494216,-9.7257595,-0.62881607,-0.03145956,0.022602014,0.014049901,78.981026,93.86157,1.8089088
0.35572055,-9.7211485,-0.6149837,-0.0290161,0.022907447,0.015577064,78.97911,93.865326,1.8022187
0.35790804,-9.734724,-0.5986509,-0.040927973,0.017104227,0.01740966,78.97508,93.87024,1.7946985
0.36267558,-9.753794,-0.5795807,-0.040317107,0.02321288,0.021380283,78.97471,93.87087,1.7866212
0.3621412,-9.755211,-0.5728309,-0.04642576,0.025045475,0.017715093,78.97772,93.87011,1.780271
0.3598162,-9.750562,-0.5705059,-0.04428773,0.02321288,0.016493361,78.9815,93.86643,1.7724247
0.35743245,-9.745794,-0.5681222,-0.04337143,0.022907447,0.017715093,78.98367,93.8622,1.7659366
0.35508442,-9.741098,-0.56577414,-0.049785517,0.022296581,0.010079277,78.98505,93.86078,1.7625093
0.3576692,-9.736285,-0.5583769,-0.037873644,0.027794369,0.01740966,78.99017,93.85375,1.7586862
0.36243793,-9.731517,-0.5488395,-0.03970624,0.03023783,0.018020526,78.99397,93.853775,1.7588962
0.3623187,-9.731636,-0.5378781,-0.04886922,0.017104227,0.018020526,78.99713,93.85307,1.7624273
0.35997888,-9.733975,-0.5261791,-0.03848451,0.021991149,0.014966198,79.00596,93.848305,1.7668812
0.35772803,-9.736227,-0.5149248,-0.029932396,0.02687807,0.021685716,79.00795,93.84352,1.766095
0.35541865,-9.738536,-0.5033779,-0.040011674,0.022602014,0.01740966,79.0084,93.84281,1.7691973
0.35303643,-9.740918,-0.50452113,-0.03573562,0.020158553,0.014966198,79.016884,93.83507,1.7757319
0.35055318,-9.743402,-0.5169373,-0.03756821,0.029932396,0.014660766,79.027405,93.831894,1.782762
0.34808627,-9.745868,-0.5292719,-0.043982297,0.021685716,0.015577064,79.03206,93.8243,1.7903266
0.3456208,-9.748333,-0.5415991,-0.038179077,0.01863139,0.018325957,79.040726,93.81422,1.7974201
0.34148362,-9.759033,-0.5524408,-0.03634648,0.022907447,0.020158553,79.04894,93.80702,1.8042432
0.33679384,-9.773103,-0.5618204,-0.035124753,0.02565634,0.013133603,79.05551,93.799644,1.8125151
0.33214808,-9.77032,-0.5635115,-0.042760566,0.01740966,0.015577064,79.05901,93.799034,1.8172957
0.32756048,-9.758851,-0.5612177,-0.038789943,0.011911872,0.014660766,79.063774,93.7967,1.8248705
0.322972,-9.747379,-0.5589235,-0.036957346,0.013133603,0.01038471,79.06911,93.79801,1.8318257
0.31848916,-9.736173,-0.55668205,-0.043066,0.016798794,0.012217305,79.07359,93.79959,1.8370343
0.3205833,-9.727761,-0.55318046,-0.04795292,0.011911872,0.014049901,79.074646,93.80445,1.8472781
0.33044738,-9.72283,-0.5482484,-0.041233405,0.011911872,0.010079277,79.078026,93.80836,1.8584393
0.34028384,-9.717911,-0.5433302,-0.046731193,0.008246681,0.015577064,79.07891,93.81401,1.8650887
0.35012624,-9.71299,-0.538409,-0.035430185,0.0021380284,0.018325957,79.07894,93.81461,1.8732897
0.35017475,-9.716438,-0.54880255,-0.039095376,0.0076358155,0.015271631,79.080376,93.820366,1.8808218
0.3431784,-9.725766,-0.5697916,-0.043676864,0.0076358155,0.019547688,79.078636,93.822044,1.8850895
0.3361623,-9.735122,-0.5908398,-0.038179077,0.004886922,0.015882496,79.07598,93.823044,1.8943089
0.32909414,-9.744545,-0.6120444,-0.03268129,0.01038471,0.015882496,79.075836,93.82396,1.9011595
0.32797638,-9.744459,-0.62485737,-0.04734206,0.0061086523,0.018325957,79.072075,93.82862,1.907891
0.33277053,-9.734871,-0.6296515,-0.044593163,-0.00061086525,0.018936822,79.06913,93.82783,1.9149439
0.32815182,-9.739418,-0.6273783,-0.030848695,0.0061086523,0.016187929,79.07406,93.8331,1.9201564
0.3139434,-9.758363,-0.61790603,-0.038179077,0.008857546,0.02321288,79.07613,93.84121,1.9220736
0.3106198,-9.770424,-0.6025107,-0.04428773,0.004886922,0.018936822,79.0775,93.850204,1.930035
0.31952897,-9.7748785,-0.5802378,-0.041233405,0.007330383,0.0143553335,79.08158,93.85757,1.9360389
0.32710958,-9.776422,-0.5635335,-0.045814894,-0.0076358155,0.013439035,79.074104,93.86762,1.9382032
0.33206603,-9.771465,-0.558577,-0.035430185,0.008857546,0.0125227375,79.07635,93.87357,1.9421023
0.33693248,-9.766599,-0.56243175,-0.04734206,0.0106901415,0.0143553335,79.06579,93.88536,1.9487826
0.34165445,-9.761877,-0.58131963,-0.044593163,-0.0009162979,0.0143553335,79.05616,93.89106,1.9560337
0.3494221,-9.755661,-0.5922097,-0.040317107,0.015882496,0.017104227,79.05126,93.896706,1.9576361
0.36373913,-9.746117,-0.58743733,-0.03940081,0.007941248,0.009468411,79.03602,93.9037,1.9615489
0.37491444,-9.7381935,-0.5813472,-0.03634648,0.005192355,0.014966198,79.02965,93.90941,1.9614427
0.37954503,-9.733563,-0.5720861,-0.047647487,0.014049901,0.01740966,79.02431,93.91966,1.9643321
0.3808903,-9.731127,-0.56175864,-0.043982297,0.01740966,0.018325957,79.01829,93.92258,1.9664935
0.37116346,-9.735991,-0.5471684,-0.039095376,0.011301007,0.014966198,79.01218,93.92801,1.9691007
0.36324894,-9.7409525,-0.5329526,-0.042760566,0.01160644,0.016187929,79.003456,93.93656,1.9726049
0.3609287,-9.745593,-0.5213514,-0.049785517,0.021380283,0.01985312,78.995865,93.94456,1.9762816
0.35853854,-9.750373,-0.5094006,-0.047647487,0.015271631,0.011911872,78.98626,93.9478,1.9821439
0.3561717,-9.755106,-0.49756634,-0.04795292,0.0076358155,0.01282817,78.97931,93.95142,1.9844644
0.35651144,-9.757681,-0.4916715,-0.048258353,0.011911872,0.02107485,78.97744,93.94975,1.9830629
0.36563578,-9.7531185,-0.50535804,-0.04642576,0.008246681,0.011911872,78.970894,93.949974,1.9861025
0.37282512,-9.749524,-0.5181531,-0.046731193,0.01160644,0.013439035,78.965225,93.9446,1.9838557
0.36807355,-9.7519,-0.5252804,-0.048563786,0.013744468,0.0143553335,78.958046,93.94065,1.9843258
0.36342812,-9.754223,-0.5322486,-0.044593163,0.015882496,0.015577064,78.953384,93.93746,1.9850484
0.3587385,-9.756568,-0.539283,-0.052534413,0.008246681,0.013133603,78.94653,93.93809,1.986429
0.35461858,-9.758351,-0.545878,-0.03970624,0.013133603,0.015577064,78.94839,93.92783,1.9845701
0.35773215,-9.75368,-0.545878,-0.03726278,0.012217305,0.01038471,78.946205,93.92368,1.9854022
0.3610693,-9.748675,-0.545878,-0.04520403,0.0106901415,0.01863139,78.94732,93.91841,1.9807017
0.36409128,-9.744143,-0.545878,-0.04337143,0.02107485,0.018325957,78.95127,93.9123,1.9801519
0.3672779,-9.739362,-0.545878,-0.04795292,0.011911872,0.0143553335,78.95076,93.90987,1.9804509
0.37048757,-9.734548,-0.545878,-0.043676864,0.018936822,0.017715093,78.95785,93.90397,1.9792001
0.37368166,-9.730222,-0.5464366,-0.04428773,0.017104227,0.011911872,78.959496,93.9024,1.9813852
0.37599653,-9.732537,-0.55338115,-0.04153884,0.01038471,0.016798794,78.96188,93.89705,1.9795877
0.37841764,-9.734959,-0.5606445,-0.04734206,0.013744468,0.016493361,78.968956,93.89746,1.9864649
0.38068452,-9.737226,-0.5674452,-0.03940081,0.019547688,0.0143553335,78.974724,93.89344,1.9922088
0.38200882,-9.7394,-0.573545,-0.039095376,0.023518313,0.016493361,78.98493,93.88827,1.9946047
0.359365,-9.734872,-0.5509011,-0.03634648,0.013744468,0.014049901,78.99251,93.8818,1.9986591
0.33526257,-9.730333,-0.5266501,-0.04184427,0.0125227375,0.015882496,79.005066,93.878654,2.0012133
0.33673805,-9.736236,-0.5251746,-0.04734206,0.0125227375,0.010995574,79.01479,93.87641,2.0061202
0.33827415,-9.742379,-0.5236385,-0.03634648,0.0143553335,0.009773844,79.02698,93.864525,2.008359
0.33983734,-9.748632,-0.5220753,-0.040317107,0.016493361,0.013133603,79.03902,93.85802,2.0105681
0.34139833,-9.754876,-0.52051425,-0.05100725,0.011301007,0.014660766,79.049126,93.85125,2.0134196
0.34296244,-9.761132,-0.51895016,-0.03726278,0.004276057,0.01038471,79.061676,93.83735,2.0151334
0.3444939,-9.767259,-0.5174187,-0.036651913,0.01740966,0.015577064,79.0784,93.82796,2.013917
0.35259628,-9.756597,-0.51323193,-0.039095376,0.0070249503,0.014049901,79.0868,93.81709,2.0147316
0.36184493,-9.742723,-0.5086076,-0.04153884,0.007330383,0.0125227375,79.10176,93.80577,2.0144498
0.35289446,-9.724914,-0.5259444,-0.04550946,0.013439035,0.016187929,79.11442,93.79467,2.0135236
0.33892804,-9.706291,-0.5492218,-0.050396383,0.0036651916,0.0106901415,79.122185,93.7864,2.0153809
0.32812864,-9.7083645,-0.5660442,-0.037873644,0.0143553335,0.015271631,79.13982,93.77098,2.0144844
0.31905675,-9.717437,-0.5796521,-0.04886922,0.009773844,0.016187929,79.14988,93.76421,2.015747
0.32086167,-9.723677,-0.5809672,-0.05131268,0.014966198,0.019242255,79.17002,93.75005,2.0083897
0.3281211,-9.728517,-0.5761276,-0.045814894,0.008857546,0.020463986,79.1853,93.73726,2.0012558
0.33536315,-9.733345,-0.57129955,-0.04795292,0.0125227375,0.020463986,79.20639,93.72854,1.9929354
0.34259504,-9.738166,-0.56647825,-0.050701816,0.01282817,0.016798794,79.22446,93.7195,1.9854395
0.3379972,-9.741304,-0.5599557,-0.050396383,0.005192355,0.01863139,79.24105,93.709854,1.9765707
0.32804903,-9.743792,-0.5524946,-0.058643065,0.009468411,0.015577064,79.260735,93.70465,1.9705548
0.31856045,-9.746163,-0.54537815,-0.048258353,0.006414085,0.015882496,79.27446,93.69368,1.9645287
0.30880234,-9.748603,-0.5380596,-0.05222898,0.013133603,0.020158553,79.291985,93.688354,1.9586154
0.30288073,-9.756343,-0.5398783,-0.044593163,0.017104227,0.017104227,79.29928,93.6844,1.9550016
0.2982309,-9.765643,-0.5445281,-0.050396383,0.0070249503,0.014966198,79.30446,93.684044,1.9499735
0.30700108,-9.761596,-0.5492514,-0.042760566,0.009773844,0.014966198,79.316895,93.67403,1.9442943
0.32123405,-9.752108,-0.55399567,-0.04550946,0.0067195175,0.016798794,79.32461,93.66827,1.938624
0.33887368,-9.752504,-0.5289303,-0.043982297,0.0125227375,0.016798794,79.33286,93.664406,1.9359348
0.3579623,-9.757277,-0.49075305,-0.043676864,0.010995574,0.014966198,79.33806,93.66165,1.9331839
0.35849163,-9.755509,-0.48752362,-0.043676864,0.0067195175,0.0143553335,79.34433,93.65985,1.9315523
0.3505107,-9.750721,-0.5002931,-0.050701816,0.008857546,0.015271631,79.35188,93.65984,1.9301187
0.342672,-9.746018,-0.512835,-0.04734206,0.014049901,0.017104227,79.35185,93.65497,1.9318016
0.33474952,-9.741264,-0.52551097,-0.049785517,0.018936822,0.013744468,79.35225,93.65392,1.9346871
0.32674015,-9.736459,-0.53832597,-0.04734206,0.008552114,0.012217305,79.343666,93.650246,1.9306024
0.31897414,-9.7318,-0.55075157,-0.044898596,0.011911872,0.016187929,79.34053,93.64689,1.926324
0.32394865,-9.73795,-0.55017877,-0.056505036,0.009773844,0.018020526,79.337204,93.64387,1.9224203
0.33669314,-9.750694,-0.5416825,-0.039095376,0.010995574,0.015882496,79.335815,93.63338,1.9187775
0.33875492,-9.75476,-0.5302911,-0.03145956,0.020463986,0.015271631,79.34133,93.631996,1.9116906
0.32272574,-9.744074,-0.5142619,-0.048563786,0.02107485,0.017104227,79.34463,93.632515,1.9046178
0.3296733,-9.734158,-0.5184817,-0.04886922,0.005192355,0.01282817,79.33934,93.6315,1.9024874
0.35333443,-9.724692,-0.5374106,-0.046731193,0.007330383,0.01282817,79.33956,93.6331,1.899024
0.36213666,-9.72135,-0.54766,-0.044593163,0.019547688,0.013744468,79.33687,93.6328,1.8953731
0.35901785,-9.72291,-0.5507788,-0.06047566,-0.0012217305,0.0125227375,79.32542,93.63667,1.8919748
0.35584924,-9.724494,-0.55394745,-0.043066,0.005497787,0.020463986,79.323524,93.639565,1.8932544
0.35265097,-9.726093,-0.55714566,-0.04184427,0.014660766,0.013133603,79.31636,93.65231,1.8988501
0.34956244,-9.727637,-0.5602342,-0.050396383,0.008857546,0.01863139,79.30823,93.6589,1.8977511
0.34640706,-9.729215,-0.5633896,-0.0421497,0.013439035,0.019242255,79.305595,93.662674,1.9003634
0.3436257,-9.732315,-0.5673103,-0.03848451,0.0030543262,0.018020526,79.294495,93.676056,1.9096252
0.34125906,-9.737048,-0.5720436,-0.050396383,0.0015271631,0.013744468,79.28735,93.691185,1.9194883
0.3388815,-9.741803,-0.57679874,-0.03756821,0.0070249503,0.018020526,79.28085,93.69871,1.9258457
0.33644927,-9.746667,-0.5816632,-0.03756821,0.003970624,0.0143553335,79.27149,93.713585,1.9352375
0.33937448,-9.753375,-0.57162654,-0.0421497,0.0033597588,0.013439035,79.26558,93.728325,1.9481828
0.34899977,-9.7630005,-0.5427507,-0.05100725,-0.002443461,0.015271631,79.25742,93.74374,1.9607835
0.35234037,-9.766341,-0.53272885,-0.04917465,0.0061086523,0.018936822,79.25324,93.759,1.9725314
0.34768292,-9.761683,-0.54670125,-0.042455133,0.015271631,0.0106901415,79.24761,93.77612,1.9866478
0.34313485,-9.757135,-0.5603454,-0.04428773,0.016493361,0.021991149,79.23911,93.78728,1.9950349
