acc_x,acc_y,acc_z,gyro_x,gyro_y,gyro_z,azimuth,pitch,roll
-0.3120273,9.860324,-0.9690404,-0.011301007,0.016187929,0.010079277,355.23056,-95.11237,-1.9116404
-0.2953449,9.863343,-0.96075296,-0.015577064,0.01740966,0.0070249503,355.2194,-95.12769,-1.9192163
-0.28648013,9.858911,-0.9784824,-0.017104227,0.019242255,0.007330383,355.20755,-95.14151,-1.9238375
-0.27668327,9.854012,-0.9954658,-0.0027488936,0.026267206,0.013133603,355.19604,-95.15181,-1.9210945
-0.25995255,9.845647,-0.9871005,-0.004581489,0.028099801,0.007941248,355.1854,-95.158295,-1.9214288
-0.24258763,9.836965,-0.97841805,-0.01160644,0.029321533,0.010079277,355.1705,-95.161896,-1.918454
-0.23159936,9.854933,-0.9846551,-0.011911872,0.03268129,0.007330383,355.15442,-95.167656,-1.9181564
-0.22209053,9.878705,-0.99416393,-0.013133603,0.03023783,0.009468411,355.14,-95.1704,-1.9158765
-0.21280104,9.8720665,-1.0071862,-0.008246681,0.049785517,0.015577064,355.1122,-95.173355,-1.9125125
-0.20336874,9.857918,-1.0213346,-0.005192355,0.047036625,0.009773844,355.0915,-95.176414,-1.9123917
-0.19757,9.868706,-1.0105466,-0.0067195175,0.059864793,0.0125227375,355.0559,-95.18101,-1.9085028
-0.1929285,9.887272,-0.99198055,-0.013133603,0.05955936,0.011911872,355.025,-95.18576,-1.9073662
-0.1978083,9.877161,-0.983275,-0.008857546,0.06627888,0.021991149,354.993,-95.1854,-1.897308
-0.2065071,9.855413,-0.97892565,-0.01740966,0.0693332,0.015882496,354.96204,-95.18167,-1.892075
-0.20567513,9.847465,-0.97432697,-0.007330383,0.0711658,0.009468411,354.92932,-95.18132,-1.8828089
-0.1961624,9.852221,-0.96957064,-0.015577064,0.07727446,0.012217305,354.8949,-95.17354,-1.8724787
-0.19967094,9.856567,-0.9672575,-0.0021380284,0.077579886,0.0076358155,354.86493,-95.1736,-1.8664119
-0.21600541,9.860651,-0.9672575,-0.004276057,0.086437434,0.01038471,354.8313,-95.16638,-1.8570787
-0.23200235,9.864111,-0.9677972,-0.0067195175,0.0888809,0.009468411,354.79886,-95.15845,-1.8486602
-0.24683799,9.864111,-0.9715062,-0.0027488936,0.09010262,0.006414085,354.7646,-95.15176,-1.8398614
-0.26212093,9.864111,-0.9753269,-0.0015271631,0.096516706,0.020158553,354.742,-95.13857,-1.8213367
-0.2735114,9.866792,-0.9795147,0.0015271631,0.115453534,0.015271631,354.7151,-95.12946,-1.8088775
-0.2832377,9.8716545,-0.98437786,-0.01282817,0.10781772,0.016493361,354.6945,-95.11433,-1.791541
-0.2822363,9.878756,-0.9838772,-0.008246681,0.118202426,0.022907447,354.66138,-95.10729,-1.7801092
-0.27296963,9.888022,-0.9792438,-0.016187929,0.1151481,0.016798794,354.63422,-95.09448,-1.772437
-0.26088357,9.885574,-0.97198963,-0.011301007,0.12522738,0.020158553,354.60428,-95.084595,-1.7597663
-0.24571928,9.87041,-0.9618801,-0.020158553,0.13255776,0.021685716,354.57602,-95.07002,-1.7495492
-0.23942018,9.864111,-0.9435463,-0.014049901,0.122478485,0.014660766,354.55307,-95.05742,-1.7363776
-0.23942018,9.864111,-0.92054975,-0.0143553335,0.14080444,0.017715093,354.52036,-95.040085,-1.719266
-0.24071275,9.862172,-0.90086615,-0.008857546,0.14202617,0.016187929,354.4894,-95.02408,-1.7075675
-0.25097823,9.846774,-0.9059989,-0.012217305,0.13713925,0.013744468,354.4553,-95.0059,-1.6950442
-0.2626357,9.837818,-0.9114214,-0.016493361,0.1414153,0.014966198,354.41806,-94.98804,-1.6815574
-0.28489894,9.851176,-0.9203267,-0.006414085,0.15149458,0.016798794,354.38083,-94.97378,-1.6686217
-0.30567726,9.863721,-0.92699885,-0.013744468,0.15454891,0.017715093,354.3439,-94.953064,-1.6592761
-0.29649073,9.859127,-0.9040325,-0.004581489,0.15363261,0.016187929,354.30557,-94.939995,-1.6499007
-0.2881713,9.853884,-0.87998235,-0.011911872,0.1469131,0.010995574,354.2672,-94.91891,-1.6490076
-0.30538863,9.840971,-0.85846066,-0.004581489,0.1518,0.018936822,354.2265,-94.9036,-1.64426
-0.32289964,9.827838,-0.83657193,-0.0018325958,0.15668693,0.020158553,354.18427,-94.88239,-1.643158
-0.34682283,9.817319,-0.8162131,-0.0106901415,0.14569137,0.014966198,354.14563,-94.860466,-1.6415913
-0.37135822,9.807505,-0.7965847,-0.0076358155,0.14752395,0.026267206,354.1028,-94.8413,-1.6342914
-0.38527375,9.802724,-0.7791706,0.005192355,0.1469131,0.017715093,354.06207,-94.82315,-1.64041
-0.3979618,9.798494,-0.76225317,-0.004886922,0.13408493,0.014660766,354.02512,-94.798706,-1.6415914
-0.41193157,9.810014,-0.7533325,-0.0036651916,0.13988814,0.023518313,353.98502,-94.78733,-1.6447918
-0.425768,9.828464,-0.74872035,-0.005192355,0.12736541,0.02076942,353.95392,-94.77432,-1.6523684
-0.43681723,9.835381,-0.76164323,-0.01038471,0.12522738,0.016798794,353.92413,-94.76095,-1.6559249
-0.44578567,9.835381,-0.7840643,-0.0036651916,0.12950343,0.020463986,353.8965,-94.75021,-1.6578867
-0.45010993,9.840271,-0.7850937,-0.006414085,0.11728613,0.02443461,353.8714,-94.74234,-1.6659752
-0.45010993,9.850158,-0.7653201,-0.004886922,0.11026118,0.017715093,353.84387,-94.73824,-1.6753647
-0.44296247,9.84977,-0.74703777,-0.0012217305,0.0983493,0.017104227,353.82095,-94.7378,-1.68502
-0.42873502,9.840284,-0.7280679,-0.004581489,0.106595986,0.02076942,353.79462,-94.736115,-1.694534
-0.4350189,9.830834,-0.7250802,-0.008246681,0.10354166,0.009773844,353.76962,-94.73892,-1.7117316
-0.463237,9.821428,-0.7391892,-0.01038471,0.09773844,0.013439035,353.74393,-94.73927,-1.722951
-0.48311839,9.816227,-0.74271286,-0.019547688,0.08460484,0.0125227375,353.71475,-94.7386,-1.7391146
-0.49233016,9.816227,-0.7335011,-0.015271631,0.087964594,0.01038471,353.68307,-94.74063,-1.7536364
-0.50334775,9.821581,-0.73140645,-0.007941248,0.08124508,0.013439035,353.65536,-94.744255,-1.7770457
-0.5174559,9.835689,-0.7408119,-0.0036651916,0.06536258,0.013439035,353.62976,-94.748695,-1.8010736
-0.5242907,9.84374,-0.74942464,-0.005192355,0.064751714,0.018020526,353.6006,-94.75672,-1.8249102
-0.51648146,9.839836,-0.7572338,-0.006414085,0.055588737,0.01282817,353.57874,-94.76676,-1.8511142
-0.5092117,9.836202,-0.76450354,-0.009162978,0.054367006,0.010995574,353.55875,-94.780785,-1.8743044
-0.5003637,9.842587,-0.76974803,-0.008857546,0.03604105,0.014660766,353.54675,-94.79481,-1.897121
-0.4909572,9.851994,-0.7744514,-0.0067195175,0.03268129,0.002443461,353.53088,-94.8102,-1.9238445
-0.42893234,9.861143,-0.7823308,-0.011301007,0.029626964,0.014049901,353.51538,-94.824936,-1.9440081
-0.34665737,9.870285,-0.79147243,-0.01863139,0.02443461,0.013744468,353.50137,-94.841705,-1.9702613
-0.3443803,9.873688,-0.80621326,-0.0015271631,0.025350908,0.013133603,353.48868,-94.8607,-1.9888009
-0.3902038,9.873688,-0.82454264,-0.013133603,0.0290161,0.008246681,353.4769,-94.87043,-2.0080616
-0.40168253,9.863568,-0.83571225,-0.0067195175,0.01282817,0.002443461,353.46545,-94.87946,-2.010343
-0.3817544,9.84364,-0.84069425,-0.01038471,0.01863139,0.006414085,353.44702,-94.88204,-2.0104644
-0.3790324,9.846455,-0.8593699,-0.012217305,0.014966198,0.015271631,353.4411,-94.894196,-2.0194018
-0.38843292,9.865255,-0.8875714,-0.010079277,0.015271631,0.007941248,353.43234,-94.907455,-2.0312452
-0.38798025,9.8690195,-0.91189194,-0.005497787,0.020463986,0.010079277,353.42822,-94.92005,-2.0288491
-0.37858012,9.859619,-0.9353922,-0.01282817,0.013744468,0.014966198,353.4274,-94.9302,-2.0279968
-0.36452305,9.858123,-0.93554246,-0.009468411,0.003970624,0.015577064,353.42477,-94.95111,-2.0307183
-0.34087622,9.867582,-0.9024369,0.005192355,0.008552114,0.004581489,353.41992,-94.97324,-2.035131
-0.32403314,9.868953,-0.87790966,-0.0070249503,0.0015271631,0.008246681,353.42258,-94.98918,-2.0327048
-0.31923005,9.854544,-0.8683035,-0.0015271631,-0.0009162979,0.010995574,353.4224,-95.01417,-2.033443
-0.31603462,9.841987,-0.86488307,0.005497787,0.00030543262,0.0143553335,353.42273,-95.02723,-2.0272796
-0.31603462,9.832469,-0.8744011,0.014966198,0.005497787,0.014966198,353.42258,-95.041954,-2.0212836
-0.3170471,9.826817,-0.8810662,0.0012217305,-0.009468411,0.010995574,353.42233,-95.05335,-2.0190773
-0.3201795,9.829949,-0.8810662,0.01038471,-0.0036651916,0.020463986,353.41507,-95.071045,-2.0123441
-0.32341453,9.833184,-0.8810662,0.010079277,-0.004276057,0.01160644,353.41382,-95.083084,-2.0129056
-0.32884997,9.838619,-0.8762084,0.01282817,-0.0021380284,0.0125227375,353.41058,-95.09572,-2.007907
-0.33759955,9.847369,-0.863084,0.0106901415,-0.0015271631,0.009468411,353.4077,-95.10802,-2.0066743
-0.34153005,9.861004,-0.84694415,0.016187929,0.0027488936,0.01160644,353.40213,-95.12266,-2.0057266
-0.32633266,9.891398,-0.82161516,0.0067195175,0.0012217305,0.0125227375,353.398,-95.132805,-2.0060756
-0.31455845,9.913471,-0.8162612,0.008552114,-0.004276057,0.014660766,353.39975,-95.14227,-2.0035303
-0.30997038,9.918059,-0.85296565,0.010079277,-0.007941248,0.02321288,353.40155,-95.14812,-1.9989649
-0.30645782,9.920482,-0.8799757,0.012217305,0.0021380284,0.01863139,353.39832,-95.15367,-1.9947419
-0.30645782,9.915657,-0.87515116,0.013133603,-0.0036651916,0.013439035,353.4008,-95.15827,-1.9889584
-0.3110154,9.909717,-0.8737682,0.0036651916,0.0012217305,0.016187929,353.39575,-95.163284,-1.9825045
-0.32998133,9.900233,-0.8832512,-0.004581489,0.004276057,0.007941248,353.39255,-95.17034,-1.9809608
-0.34587532,9.8884,-0.89064306,-0.005192355,-0.0033597588,0.020463986,353.39542,-95.17083,-1.9703044
-0.350259,9.870865,-0.89064306,-0.00061086525,0.005497787,0.009773844,353.39194,-95.17391,-1.9683061
-0.35364294,9.854534,-0.89064306,-0.0106901415,0.003970624,0.015882496,353.3955,-95.169655,-1.9631408
-0.3442404,9.854534,-0.89064306,-0.015271631,-0.00580322,0.014660766,353.3985,-95.16998,-1.9631262
-0.33477202,9.85495,-0.89064306,-0.009773844,-0.007941248,0.008552114,353.4058,-95.16282,-1.9605755
-0.33020133,9.859521,-0.89064306,-0.00580322,-0.007941248,0.0061086523,353.41513,-95.15417,-1.9576932
-0.32632545,9.864825,-0.89064306,-0.004886922,-0.0076358155,0.0076358155,353.42392,-95.143265,-1.9542775
-0.33530137,9.873801,-0.89064306,-0.0067195175,-0.014049901,0.005497787,353.43433,-95.13374,-1.9528964
-0.34433788,9.883265,-0.8908566,-0.0125227375,-0.016187929,0.0030543262,353.43866,-95.12349,-1.9536227
-0.33722183,9.883265,-0.89441466,-0.004581489,-0.014660766,0.004276057,353.4437,-95.116585,-1.9539913
-0.32939386,9.883265,-0.89832866,-0.018325957,-0.012217305,-0.004581489,353.44806,-95.09976,-1.9616435
-0.33080575,9.867682,-0.90541416,-0.01160644,-0.016493361,-0.004581489,353.4519,-95.094246,-1.9637915
-0.34076554,9.837803,-0.9153739,-0.014966198,-0.021991149,-0.002443461,353.45575,-95.08873,-1.96594
-0.34981468,9.825804,-0.91684866,-0.005192355,-0.018325957,-0.0076358155,353.4585,-95.07813,-1.9742873
-0.3590091,9.825804,-0.9122515,-0.010995574,-0.016798794,0.00030543262,353.4596,-95.06066,-1.9806726
-0.36391866,9.830502,-0.9074478,-0.024740042,-0.021380283,-0.005497787,353.46506,-95.04748,-1.9919783
-0.36391866,9.840614,-0.9023914,-0.0106901415,-0.026572637,-0.0076358155,353.47052,-95.03932,-1.9997494
-0.36391866,9.8403845,-0.90707844,-0.014660766,-0.029932396,-0.00580322,353.4787,-95.029945,-2.0076954
-0.36391866,9.832766,-0.9185071,-0.0125227375,-0.030848695,-0.002443461,353.48758,-95.02619,-2.0156748
-0.36344606,9.825332,-0.92989546,-0.013133603,-0.03359759,-0.0009162979,353.49603,-95.02084,-2.0248654
-0.35828057,9.820166,-0.94022644,-0.014660766,-0.038179077,-0.009773844,353.5051,-95.01691,-2.0359273
-0.35220107,9.822649,-0.94703346,-0.01038471,-0.035430185,-0.0076358155,353.5158,-95.01219,-2.0416362
-0.34388536,9.847596,-0.9428756,-0.015882496,-0.03726278,-0.004581489,353.52887,-95.005745,-2.0496528
-0.33518824,9.873688,-0.9383401,-0.00580322,-0.038789943,-0.004581489,353.53632,-95.00778,-2.0513613
-0.33518824,9.873688,-0.9344209,-0.00580322,-0.040317107,0.002443461,353.54282,-95.009575,-2.0528598
-0.33518824,9.873688,-0.9302073,-0.007330383,-0.041233405,0.011301007,353.55667,-95.00847,-2.0546489
-0.34233716,9.870113,-0.9468226,0.00061086525,-0.040317107,0.0021380284,353.5696,-95.00588,-2.0585759
-0.35226622,9.865149,-0.97164524,-0.0033597588,-0.03359759,0.013133603,353.58163,-94.996704,-2.0542479
-0.3400891,9.846295,-0.96614474,0.0012217305,-0.03390302,0.009468411,353.59277,-94.99401,-2.0584445
-0.32172772,9.823343,-0.9523737,0.0012217305,-0.039095376,0.012217305,353.59738,-94.99027,-2.0584462
-0.30950826,9.822754,-0.9644197,-0.0033597588,-0.03359759,0.009162978,353.60205,-94.98651,-2.058448
-0.30037177,9.83189,-0.987261,0.0067195175,-0.025350908,0.014660766,353.61453,-94.98781,-2.0559971
-0.28004077,9.838187,-1.0016013,0.0021380284,-0.02565634,0.019242255,353.62604,-94.98211,-2.0518394
-0.25417256,9.842499,-1.010224,0.006414085,-0.021685716,0.016798794,353.6338,-94.98168,-2.0480404
-0.23942018,9.844957,-1.0151415,-0.004276057,-0.021380283,0.025961773,353.64194,-94.977036,-2.0382566
-0.23942018,9.844957,-1.0151415,0.0106901415,-0.027183503,0.028405234,353.65036,-94.98134,-2.0313864
-0.23666935,9.847708,-1.0096399,0.011911872,-0.01740966,0.015882496,353.65283,-94.97747,-2.0199616
-0.23180352,9.852573,-0.9999082,-0.0030543262,-0.019242255,0.016187929,353.6604,-94.97164,-2.0050788
-0.22984336,9.854534,-0.9959879,0.0125227375,-0.026572637,0.005497787,353.66336,-94.977806,-1.9992024
-0.22984336,9.854534,-0.9959879,0.0125227375,-0.028710667,0.010995574,353.66238,-94.97455,-1.9929957
-0.23237635,9.852001,-0.98838896,0.003970624,-0.013439035,0.016493361,353.6614,-94.971344,-1.986896
-0.23687737,9.8475,-0.97488594,0.011911872,-0.016798794,0.0125227375,353.66464,-94.97673,-1.9817431
-0.24281703,9.846656,-0.96555907,0.011911872,-0.01282817,0.007941248,353.66476,-94.974815,-1.975437
-0.25106284,9.850779,-0.96143615,-0.0033597588,-0.0076358155,0.011301007,353.66492,-94.97284,-1.9689112
-0.25721225,9.854923,-0.9574862,0.003970624,0.002443461,0.014966198,353.66577,-94.97685,-1.9562492
-0.22904022,9.862972,-0.9534616,-0.0015271631,0.0030543262,0.013133603,353.66846,-94.98181,-1.9439882
-0.20093626,9.871002,-0.94944674,0.004886922,0.01038471,0.01985312,353.6676,-94.99124,-1.9295963
-0.20063996,9.873688,-0.9693461,-0.0012217305,0.0125227375,0.01863139,353.66776,-94.9968,-1.9184618
-0.21401113,9.873688,-1.0005455,-0.0009162979,0.015271631,0.015882496,353.66565,-95.00496,-1.9060566
-0.23167709,9.871406,-1.0128593,-0.0106901415,0.018020526,0.011301007,353.65436,-95.00741,-1.8926913
-0.25453836,9.866834,-1.0082872,-0.010995574,0.018020526,0.002443461,353.6429,-95.01302,-1.8816456
-0.27351484,9.869475,-1.0073528,-0.01038471,0.03023783,0.016798794,353.62808,-95.01638,-1.8693166
-0.28880095,9.884761,-1.0124482,-0.02107485,0.03023783,0.018936822,353.61636,-95.01871,-1.8633457
-0.2988542,9.8948145,-1.0151415,-0.027488936,0.027794369,0.013744468,353.6093,-95.021255,-1.8558116
-0.30370918,9.89967,-1.0151415,-0.02107485,0.032375857,0.012217305,353.60043,-95.023735,-1.8466731
-0.31451312,9.892349,-1.0050724,-0.02107485,0.03481932,0.008552114,353.59903,-95.02078,-1.8390326
-0.33364394,9.868435,-0.98115885,-0.019242255,0.043066,0.013133603,353.59476,-95.01941,-1.8294537
-0.34082347,9.852563,-0.9593743,-0.02076942,0.038179077,0.01282817,353.59128,-95.02002,-1.8253273
-0.33119294,9.847748,-0.9401133,-0.02076942,0.047647487,0.02107485,353.58163,-95.02012,-1.8170282
-0.31800893,9.843057,-0.93085086,-0.02321288,0.052839845,0.015882496,353.57874,-95.01976,-1.8142278
-0.2988591,9.838269,-0.9356383,-0.014966198,0.046120327,0.009468411,353.5767,-95.02154,-1.80964
-0.29396677,9.835381,-0.93353015,-0.010995574,0.044593163,0.016798794,353.56995,-95.021095,-1.8009226
-0.31053877,9.835381,-0.92110115,-0.011301007,0.058337633,0.021380283,353.56055,-95.02257,-1.7947075
-0.3288246,9.835381,-0.9069851,-0.016798794,0.063224554,0.018936822,353.5523,-95.021,-1.7857885
-0.36642405,9.835381,-0.8740856,-0.006414085,0.060170226,0.016187929,353.54254,-95.02318,-1.7757431
-0.40301043,9.835119,-0.8430205,-0.004581489,0.05467244,0.026572637,353.53525,-95.01894,-1.7653788
-0.41585883,9.830836,-0.84730333,-0.008246681,0.058948494,0.021685716,353.52567,-95.01784,-1.7601244
-0.42917797,9.826397,-0.85174304,0.0021380284,0.06261369,0.020158553,353.52484,-95.0167,-1.7555484
-0.43474168,9.825804,-0.8296236,0.0067195175,0.052839845,0.027183503,353.52673,-95.01282,-1.7502383
-0.4387741,9.825804,-0.805429,0.016798794,0.058337633,0.02076942,353.52283,-95.01474,-1.748833
-0.4434274,9.825804,-0.79487497,0.0009162979,0.04550946,0.017715093,353.524,-95.01272,-1.7513669
-0.4479171,9.825804,-0.79487497,-0.005497787,0.04550946,0.0143553335,353.51984,-95.01644,-1.7552677
-0.44781318,9.832694,-0.79946846,-0.008246681,0.039095376,0.027183503,353.51947,-95.017975,-1.7574619
-0.44349372,9.845653,-0.8081074,0.00030543262,0.030848695,0.024129177,353.5193,-95.02268,-1.7649776
-0.43903777,9.857525,-0.8095426,-0.005497787,0.030543262,0.020158553,353.51923,-95.023865,-1.769695
-0.4341383,9.867324,-0.7948442,-0.004886922,0.030543262,0.020463986,353.52148,-95.028786,-1.7741398
-0.42764738,9.875342,-0.7786803,-0.0061086523,0.022296581,0.023518313,353.52405,-95.02893,-1.7799786
-0.41739735,9.880467,-0.7581802,-0.005497787,0.022296581,0.022602014,353.52426,-95.03009,-1.786482
-0.4221722,9.885339,-0.76150817,-0.005497787,0.022907447,0.026267206,353.52374,-95.027214,-1.7894077
-0.44577494,9.8900585,-0.7945521,0.006414085,0.028099801,0.025045475,353.5232,-95.02429,-1.792389
-0.46364093,9.8869095,-0.8100743,-0.015577064,0.01160644,0.016798794,353.52823,-95.011116,-1.8019199
-0.47305864,9.872784,-0.8006567,-0.01038471,0.01863139,0.021380283,353.52737,-95.006256,-1.8015504
-0.48252088,9.860431,-0.7985555,-0.007330383,0.023518313,0.01985312,353.5344,-95.00015,-1.8100612
-0.4918293,9.851122,-0.80786395,-0.007330383,0.018325957,0.018936822,353.54242,-94.994354,-1.8170149
-0.4946427,9.846633,-0.81737983,-0.009162978,0.02107485,0.026572637,353.54837,-94.98706,-1.8229638
-0.48502818,9.85144,-0.82699436,-0.01282817,0.018020526,0.020463986,353.5571,-94.981094,-1.833167
-0.47152108,9.856974,-0.8331822,-0.005497787,0.009773844,0.01985312,353.56345,-94.97773,-1.8449715
-0.44998118,9.864154,-0.8331822,-0.011301007,0.013439035,0.021380283,353.56723,-94.97061,-1.8573518
-0.42877898,9.871222,-0.8331822,-0.016493361,0.0143553335,0.021380283,353.56793,-94.97067,-1.8721836
-0.412968,9.865276,-0.8387899,-0.00580322,0.021380283,0.02443461,353.56604,-94.973015,-1.8850592
-0.39955625,9.851864,-0.84773105,-0.015271631,0.01160644,0.019547688,353.56863,-94.969635,-1.9001569
-0.39264908,9.844957,-0.8523358,-0.0076358155,0.016187929,0.019242255,353.5666,-94.970345,-1.9038843
-0.39264908,9.844957,-0.8523358,-0.01160644,0.01282817,0.02443461,353.56967,-94.96561,-1.907755
-0.38977993,9.830611,-0.8293825,-0.020463986,0.017715093,0.028710667,353.56784,-94.965576,-1.9085878
-0.38525704,9.807997,-0.79319966,-0.016798794,0.008857546,0.014660766,353.57068,-94.96931,-1.9136226
-0.3809871,9.799158,-0.76738083,-0.008246681,0.022907447,0.025350908,353.56903,-94.96348,-1.9083548
-0.37690735,9.803238,-0.75106174,-0.010995574,0.027183503,0.018325957,353.57208,-94.95941,-1.9126948
-0.37440822,9.809388,-0.74015236,-0.007941248,0.015577064,0.021991149,353.5772,-94.954025,-1.9083753
-0.37943247,9.824461,-0.7552251,0.0018325958,0.008857546,0.018325957,353.57944,-94.9515,-1.9080708
-0.39128095,9.834013,-0.7647764,-0.0061086523,0.0076358155,0.020463986,353.58286,-94.942696,-1.9042022
-0.4199318,9.829238,-0.76000124,-0.014660766,0.0027488936,0.009773844,353.58878,-94.938255,-1.9053842
-0.4405331,9.833152,-0.7590169,-0.0033597588,0.005192355,0.015271631,353.59195,-94.93557,-1.9038234
-0.4405331,9.861715,-0.76853806,-0.0033597588,-0.004276057,0.021685716,353.5997,-94.92897,-1.905379
-0.4373872,9.881167,-0.7736241,0.011911872,0.004581489,0.020463986,353.6071,-94.93149,-1.9098872
-0.4234491,9.871876,-0.764332,-0.0036651916,-0.009162978,0.015577064,353.62354,-94.92571,-1.91437
-0.40969035,9.864815,-0.75797594,0.004581489,-0.0009162979,0.014049901,353.63547,-94.92763,-1.9144254
-0.39796853,9.868723,-0.7657905,-0.0036651916,-0.013133603,0.014660766,353.65692,-94.92161,-1.9161528
-0.38596684,9.872724,-0.7737917,-0.012217305,-0.01740966,0.0076358155,353.6719,-94.91498,-1.917924
-0.35884976,9.866767,-0.7861025,-0.003970624,-0.0125227375,0.009468411,353.68777,-94.9099,-1.917215
-0.32770744,9.857869,-0.79944915,-0.0061086523,-0.0033597588,0.018020526,353.70343,-94.900215,-1.9166875
-0.30236855,9.854534,-0.78258604,-0.005497787,-0.012217305,0.0067195175,353.72076,-94.89203,-1.9197927
-0.2812045,9.854534,-0.74872357,-0.01038471,-0.01282817,0.0061086523,353.73337,-94.880104,-1.9171968
-0.26657674,9.856108,-0.7294112,-0.01038471,-0.0018325958,0.01038471,353.7431,-94.87222,-1.9091979
-0.26228896,9.860395,-0.7336989,-0.004581489,-0.004581489,0.005192355,353.75647,-94.86605,-1.9046911
-0.25646073,9.865696,-0.7400554,-0.012217305,-0.004886922,0.0106901415,353.76334,-94.8482,-1.8916651
-0.24030302,9.877814,-0.76025254,-0.011301007,-0.004276057,0.010995574,353.77026,-94.835754,-1.8819934
-0.22433357,9.889791,-0.78021437,-0.021991149,-0.0036651916,0.010079277,353.77744,-94.81723,-1.870255
-0.22384433,9.899997,-0.7924537,-0.0143553335,-0.009162978,0.009468411,353.78595,-94.80427,-1.8588735
-0.22824767,9.908804,-0.8012604,-0.02107485,-0.003970624,0.017715093,353.79117,-94.78443,-1.8453606
-0.21844108,9.903443,-0.7901989,-0.015271631,-0.004581489,0.0143553335,353.79666,-94.773964,-1.8330019
-0.20101267,9.890372,-0.76841336,-0.018936822,-0.002443461,0.011911872,353.79987,-94.758736,-1.8183445
-0.19153613,9.876569,-0.75879973,-0.021380283,-0.004276057,0.013133603,353.80832,-94.75066,-1.8015915
-0.19153613,9.86156,-0.7638025,-0.021685716,-0.0067195175,0.0076358155,353.8159,-94.74349,-1.7879498
-0.19860002,9.856889,-0.7779177,-0.016493361,-0.009162978,0.012217305,353.82037,-94.72916,-1.7699486
-0.21227172,9.861446,-0.8007038,-0.022602014,-0.016493361,0.008857546,353.8264,-94.71369,-1.7564234
-0.21443243,9.858277,-0.80819446,-0.01740966,-0.013439035,0.010079277,353.8302,-94.70187,-1.7408891
-0.199234,9.843079,-0.79299605,-0.018325957,-0.013133603,0.009162978,353.8365,-94.68789,-1.7276071
-0.18417451,9.842743,-0.79265976,-0.013744468,-0.016493361,0.007941248,353.8454,-94.68232,-1.7161453
-0.17017017,9.856747,-0.8066641,-0.007941248,-0.014049901,0.0076358155,353.85236,-94.67711,-1.7049502
-0.1649084,9.874624,-0.8203366,-0.02107485,-0.027183503,0.002443461,353.86282,-94.67022,-1.6932507
-0.16957927,9.897979,-0.8343492,-0.011911872,-0.027794369,0.004886922,353.869,-94.67019,-1.6795784
-0.17057937,9.908389,-0.842759,-0.014049901,-0.0290161,-0.002443461,353.8777,-94.658195,-1.6690354
-0.16560625,9.898442,-0.842759,-0.008246681,-0.02107485,-0.0036651916,353.88385,-94.65029,-1.6563216
-0.1571573,9.89849,-0.8540558,-0.0125227375,-0.027183503,0.012217305,353.89697,-94.64147,-1.6405265
-0.14333937,9.912308,-0.8816917,-0.02443461,-0.034513887,0.013744468,353.9076,-94.63394,-1.6294377
-0.1340753,9.918865,-0.90833914,-0.021685716,-0.03145956,0.016187929,353.91916,-94.62598,-1.61145
-0.1340753,9.909919,-0.9351791,-0.020463986,-0.025045475,0.002443461,353.9312,-94.616356,-1.5983701
-0.13130315,9.902418,-0.9556016,-0.015882496,-0.02321288,0.011911872,353.94397,-94.60991,-1.5749036
-0.11149411,9.902418,-0.9407448,-0.022296581,-0.025045475,0.013744468,353.95523,-94.60322,-1.5580729
-0.09481752,9.9005165,-0.92704916,-0.019547688,-0.026267206,0.01282817,353.96854,-94.60238,-1.5381312
-0.08985559,9.890594,-0.9171253,-0.026267206,-0.018325957,0.01740966,353.97958,-94.59681,-1.5166615
-0.08619126,9.884275,-0.910807,-0.028099801,-0.01740966,0.014660766,353.99432,-94.592514,-1.4918048
-0.08619126,9.889123,-0.91565526,-0.029932396,-0.021991149,0.016187929,354.00815,-94.58596,-1.4652723
-0.08619126,9.890923,-0.91457695,-0.021380283,-0.023518313,0.017715093,354.01416,-94.59108,-1.4425219
-0.08619126,9.881247,-0.8903854,-0.026572637,-0.016187929,0.013439035,354.0186,-94.59241,-1.4216319
-0.0883223,9.873688,-0.8750411,-0.022602014,-0.008857546,0.0106901415,354.02335,-94.6006,-1.4003052
-0.10018453,9.873688,-0.8948115,-0.020463986,-0.015271631,0.0143553335,354.02975,-94.60664,-1.3791753
-0.11174033,9.873688,-0.9140712,-0.02565634,-0.008857546,0.015271631,354.02704,-94.613075,-1.3614587
-0.11117878,9.877431,-0.93060213,-0.021380283,-0.0070249503,0.0076358155,354.0272,-94.6229,-1.345933
-0.10630246,9.882307,-0.94523114,-0.029932396,-0.01282817,0.011911872,354.02783,-94.62653,-1.3273011
-0.113091975,9.871644,-0.9326097,-0.020158553,-0.0033597588,0.0061086523,354.03607,-94.64162,-1.3076149
-0.12194893,9.858358,-0.9148958,-0.029932396,-0.0012217305,0.01160644,354.0481,-94.647575,-1.2845473
-0.13157047,9.836854,-0.9027247,-0.027488936,-0.009162978,0.011301007,354.0624,-94.65501,-1.2632198
-0.14127593,9.812591,-0.89301926,-0.029932396,-0.0067195175,0.009162978,354.07288,-94.65812,-1.2413542
-0.15714829,9.816772,-0.8737728,-0.016798794,-0.0067195175,0.0076358155,354.0901,-94.65909,-1.2202374
-0.17517184,9.83029,-0.8512434,-0.019547688,-0.00580322,0.004276057,354.10583,-94.655525,-1.2009401
-0.19952154,9.829527,-0.8251968,-0.004581489,-0.0030543262,0.005192355,354.12668,-94.658104,-1.1796718
-0.22788823,9.820071,-0.7968301,-0.013744468,-0.006414085,0.014049901,354.14868,-94.65312,-1.1579844
-0.24235907,9.819166,-0.79705375,-0.0030543262,-0.006414085,0.018325957,354.1588,-94.65249,-1.1505612
-0.24707185,9.823879,-0.81590486,-0.00580322,-0.006414085,0.015882496,354.16858,-94.65188,-1.1433942
-0.2573471,9.823021,-0.79855496,0.0018325958,-0.016187929,0.018936822,354.19202,-94.64764,-1.1268897
-0.2708927,9.818505,-0.7579181,0.0018325958,0.00030543262,0.017715093,354.20398,-94.64266,-1.1193082
-0.28242388,9.82562,-0.7468071,0.00030543262,-0.0012217305,0.020463986,354.21658,-94.63741,-1.1113142
-0.29077628,9.842324,-0.7635119,0.005497787,-0.007941248,0.014049901,354.24533,-94.63606,-1.1029
-0.3027081,9.857448,-0.78154844,0.004581489,-0.00580322,0.018020526,354.2728,-94.63104,-1.0895312
-0.32234988,9.867269,-0.80119026,0.009468411,-0.0061086523,0.016493361,354.30212,-94.63007,-1.0803446
-0.3336129,9.873688,-0.8156039,0.0027488936,-0.006414085,0.016798794,354.33704,-94.62089,-1.0684005
-0.32870272,9.873688,-0.8205141,0.003970624,-0.010995574,0.021685716,354.37277,-94.615395,-1.056339
-0.3287504,9.873688,-0.8220359,0.01038471,-0.0143553335,0.019242255,354.4122,-94.612785,-1.0483946
-0.33824956,9.873688,-0.8172863,0.0012217305,-0.01985312,0.010079277,354.45288,-94.606575,-1.0417775
-0.34476504,9.872483,-0.8068019,-0.0076358155,-0.019242255,0.01038471,354.49265,-94.597176,-1.0329441
-0.34476504,9.868855,-0.7850327,-0.008552114,-0.01740966,0.0061086523,354.53268,-94.58875,-1.0286738
-0.34476504,9.865013,-0.76197875,0.003970624,-0.018936822,0.010995574,354.5812,-94.57825,-1.0188416
-0.3375381,9.860497,-0.7421138,0.003970624,-0.02321288,0.00030543262,354.62888,-94.565865,-1.0153314
-0.32750937,9.855483,-0.7220563,-0.0027488936,-0.022296581,-0.002443461,354.67508,-94.55478,-1.0087293
-0.33303028,9.858244,-0.7182605,-0.011911872,-0.030848695,0.0012217305,354.72452,-94.540504,-1.0038621
-0.34230062,9.862879,-0.7182605,-0.017715093,-0.037873644,0.0106901415,354.7727,-94.52568,-0.99857897
-0.34798732,9.870556,-0.71503824,-0.022602014,-0.049785517,-0.00061086525,354.82285,-94.502785,-0.997609
-0.35259834,9.879778,-0.7104272,-0.013744468,-0.046731193,-0.0009162979,354.87042,-94.4818,-0.99124897
-0.3593131,9.878294,-0.72359747,-0.02107485,-0.059864793,0.00061086525,354.93143,-94.45003,-0.9870755
-0.367933,9.869674,-0.7494571,-0.027183503,-0.04520403,0.002443461,354.98282,-94.42218,-0.9828336
-0.37016585,9.86744,-0.7628149,-0.020158553,-0.059253927,0.0015271631,355.0463,-94.39368,-0.9811402
-0.35945788,9.878149,-0.7521069,-0.017715093,-0.060170226,0.0015271631,355.07477,-94.378525,-0.980163
-0.34368083,9.879001,-0.75125533,-0.015882496,-0.06383542,-0.00030543262,355.10214,-94.36396,-0.9792235
-0.3220868,9.870362,-0.7598929,-0.022296581,-0.06841691,0.0030543262,355.16043,-94.338135,-0.98031163
-0.31083485,9.862652,-0.7646855,-0.01740966,-0.06780604,0.007941248,355.20944,-94.32127,-0.9851748
-0.32659218,9.857399,-0.75943303,-0.024129177,-0.06719518,0.007941248,355.23477,-94.31121,-0.98834914
-0.32751524,9.856452,-0.7488947,-0.021685716,-0.070554934,0.00580322,355.26004,-94.30117,-0.99151903
-0.31048453,9.86071,-0.73186404,-0.024740042,-0.06566802,0.007330383,355.30273,-94.287544,-0.9930783
-0.29895008,9.865146,-0.72239864,-0.023823744,-0.06536258,0.003970624,355.3455,-94.284454,-1.0008225
-0.30887532,9.870109,-0.74224913,-0.010995574,-0.06658431,-0.005497787,355.38672,-94.28444,-1.0099912
-0.31243905,9.872489,-0.7565677,-0.0033597588,-0.06841691,-0.0033597588,355.43176,-94.27986,-1.0088489
-0.2982162,9.867748,-0.7565677,-0.012217305,-0.07086037,0.004581489,355.47675,-94.274734,-1.0091298
-0.2823821,9.861157,-0.75952095,-0.017104227,-0.06872234,-0.0030543262,355.5218,-94.27132,-1.0153544
-0.26057994,9.848077,-0.77260226,-0.01282817,-0.07360926,-0.002443461,355.5693,-94.267235,-1.0175058
-0.23886538,9.836213,-0.78446597,0.0018325958,-0.06505715,-0.004886922,355.61453,-94.26142,-1.0171701
-0.2309981,9.848014,-0.772665,-0.010079277,-0.06169739,0.005192355,355.6623,-94.24895,-1.0137445
-0.2226548,9.860529,-0.7601501,-0.0076358155,-0.06688975,0.007941248,355.70422,-94.250565,-1.0110977
-0.21050847,9.857606,-0.7565677,-0.0027488936,-0.065973446,0.003970624,355.74298,-94.249535,-1.0077906
-0.19683552,9.84849,-0.7565677,-0.003970624,-0.057421334,0.0061086523,355.78064,-94.24708,-1.0024127
-0.18359064,9.847606,-0.7671617,0.0061086523,-0.05681047,0.0070249503,355.81143,-94.25366,-1.0022535
-0.17116007,9.851749,-0.7837358,0.0015271631,-0.053145275,-0.00580322,355.83832,-94.25657,-1.0054504
-0.16149473,9.855845,-0.8001189,-0.007941248,-0.05131268,0.00061086525,355.8617,-94.2593,-1.0025339
-0.15728317,9.860057,-0.8169651,-0.0067195175,-0.03970624,0.010079277,355.8808,-94.264275,-1.0022631
-0.15322891,9.864363,-0.8321764,-0.0021380284,-0.041233405,0.005192355,355.89853,-94.27395,-1.0039659
-0.15322891,9.868608,-0.8151922,-0.0009162979,-0.032070424,-0.0012217305,355.90985,-94.28226,-1.0031507
-0.15322891,9.872891,-0.7980623,-0.013439035,-0.03023783,-0.0030543262,355.9187,-94.29138,-1.005242
-0.15322891,9.885278,-0.7871486,-0.014966198,-0.018325957,0.0033597588,355.92203,-94.30337,-1.0063806
-0.15322891,9.900238,-0.77717465,-0.016187929,-0.014966198,0.0012217305,355.92703,-94.312355,-1.0105759
-0.15691376,9.902418,-0.7904607,-0.013744468,-0.007330383,-0.0018325958,355.92557,-94.315506,-1.0144837
-0.1617649,9.902418,-0.8098653,-0.009162978,-0.003970624,0.0018325958,355.92447,-94.31856,-1.016989
-0.15574941,9.895362,-0.7893315,-0.015882496,-0.012217305,-0.0015271631,355.92612,-94.32218,-1.020511
-0.14705418,9.886667,-0.7588982,-0.012217305,-0.0070249503,-0.003970624,355.9231,-94.32945,-1.022323
-0.15598132,9.889429,-0.7531555,-0.009773844,-0.0012217305,-0.00030543262,355.92523,-94.3361,-1.022643
-0.1755111,9.899194,-0.7629204,-0.01038471,-0.0021380284,-0.010995574,355.92746,-94.3438,-1.0277557
-0.19455954,9.908718,-0.77874476,-0.0106901415,0.0076358155,0.0036651916,355.92667,-94.344666,-1.0208372
-0.2141578,9.918517,-0.798343,-0.024740042,0.004886922,0.0033597588,355.92917,-94.34318,-1.021534
-0.21086356,9.9059,-0.80131745,-0.031154128,0.0015271631,0.00030543262,355.92935,-94.34306,-1.0237418
-0.19703546,9.8828535,-0.79670805,-0.025045475,0.008246681,0.0012217305,355.9275,-94.342354,-1.0247059
-0.19153613,9.873688,-0.8006325,-0.011911872,0.006414085,0.002443461,355.93823,-94.34181,-1.0248787
-0.19153613,9.873688,-0.8102591,-0.013133603,0.0030543262,-0.004581489,355.9472,-94.33957,-1.0271059
-0.18895692,9.868529,-0.81144935,-0.0106901415,0.003970624,0.003970624,355.9521,-94.340294,-1.0237447
-0.18425049,9.859117,-0.8067429,-0.01038471,0.01038471,-0.0030543262,355.95584,-94.34161,-1.0268133
-0.18687244,9.861904,-0.80445176,-0.016187929,0.012217305,-0.0009162979,355.96777,-94.33761,-1.0202118
-0.19619234,9.875884,-0.80445176,-0.013439035,0.013744468,0.011301007,355.9778,-94.33598,-1.0128195
-0.1986529,9.878345,-0.7995317,-0.009162978,0.0125227375,0.0143553335,355.9849,-94.33652,-1.0084107
-0.19365814,9.868355,-0.7895422,-0.0027488936,0.019242255,0.0070249503,355.98917,-94.338326,-1.0035437
-0.19978884,9.86136,-0.78529817,-0.015271631,0.019242255,0.0076358155,355.99628,-94.34065,-0.99751145
-0.21342883,9.856813,-0.78529817,-0.010079277,0.026572637,0.015271631,355.99927,-94.34946,-0.9914321
-0.22684143,9.854534,-0.7809149,-0.004581489,0.024740042,0.009468411,355.99954,-94.35614,-0.9917807
-0.2411654,9.854534,-0.7713656,-0.019242255,0.033292156,0.012217305,355.9951,-94.35739,-0.98722166
-0.2566042,9.858337,-0.7699481,-0.015271631,0.028710667,0.004276057,355.99622,-94.36386,-0.9904244
-0.27622342,9.868148,-0.7797578,-0.015271631,0.020158553,0.012217305,355.99643,-94.3639,-0.9881903
-0.28542686,9.868056,-0.7796661,-0.0021380284,0.026572637,0.007941248,356.00162,-94.36836,-0.9887782
-0.28106704,9.854976,-0.7665866,-0.016187929,0.025350908,0.008857546,356.01154,-94.36441,-0.98612016
-0.27458936,9.846003,-0.7555217,-0.0106901415,0.026267206,0.011911872,356.01685,-94.37306,-0.99031544
-0.2606943,9.850635,-0.75089,-0.0106901415,0.025350908,0.006414085,356.02283,-94.37668,-0.996668
-0.24825571,9.853051,-0.7455084,-0.0036651916,0.025045475,0.0033597588,356.03003,-94.38029,-0.9990358
-0.2434803,9.843501,-0.73595756,-0.0027488936,0.028099801,0.009468411,356.03656,-94.38192,-1.0002805
-0.24020135,9.837725,-0.72393143,0.0009162979,0.03481932,0.005497787,356.03818,-94.38223,-1.0045035
-0.24422328,9.849791,-0.7038218,0.0018325958,0.03756821,0.005192355,356.04028,-94.38144,-1.0059384
-0.24805765,9.861293,-0.6846499,-0.0036651916,0.03390302,0.0030543262,356.0414,-94.382095,-1.008036
-0.27138254,9.845456,-0.65756774,-0.01282817,0.03573562,0.005497787,356.04028,-94.38162,-1.0086905
-0.30102363,9.820756,-0.62792665,-0.017104227,0.032375857,0.0033597588,356.0416,-94.3814,-1.0113971
-0.30645782,9.82789,-0.63804406,-0.01282817,0.035124753,0.0036651916,356.04312,-94.379814,-1.0114741
-0.30645782,9.842389,-0.6573763,-0.015577064,0.03604105,0.004886922,356.0461,-94.37529,-1.0120147
-0.2958532,9.852027,-0.6643346,-0.009162978,0.03848451,-0.0030543262,356.0504,-94.37847,-1.0196834
-0.28251097,9.860922,-0.668782,-0.016493361,0.03145956,0.0012217305,356.05746,-94.37617,-1.0235958
-0.2858138,9.861416,-0.673072,-0.014966198,0.039095376,0.0012217305,356.05252,-94.38796,-1.0351368
-0.29867312,9.857129,-0.6773584,-0.018325957,0.03756821,-0.0070249503,356.05222,-94.396324,-1.047846
-0.31412598,9.858368,-0.6780363,-0.013133603,0.043676864,-0.0018325958,356.0467,-94.40403,-1.0535533
-0.33262002,9.867616,-0.67341274,-0.018020526,0.047036625,0.0015271631,356.04236,-94.40846,-1.061918
-0.3493302,9.879775,-0.67341995,-0.01863139,0.04153884,-0.0012217305,356.04047,-94.41754,-1.072791
-0.3624632,9.897285,-0.6821753,-0.02107485,0.043676864,0.0015271631,356.03577,-94.42387,-1.080602
-0.37349546,9.90776,-0.68882424,-0.026572637,0.040927973,0.005497787,356.03235,-94.42507,-1.0953435
-0.37349546,9.880377,-0.68426037,-0.02076942,0.048258353,0.0076358155,356.02563,-94.428635,-1.1090794
-0.374338,9.853972,-0.67911077,-0.03481932,0.042760566,0.00580322,356.01865,-94.426994,-1.1300904
-0.3878566,9.84496,-0.66559213,-0.028099801,0.040927973,0.0018325958,356.0088,-94.43268,-1.1501938
-0.40239957,9.834513,-0.65035444,-0.021991149,0.03573562,0.008552114,355.9953,-94.43282,-1.1725658
-0.40599605,9.81653,-0.632372,-0.02321288,0.036651913,0.004276057,355.98068,-94.43404,-1.1982512
-0.41019803,9.79552,-0.6113621,-0.018936822,0.035124753,-0.0012217305,355.96173,-94.43712,-1.2307206
-0.4146123,9.793116,-0.60052925,-0.020463986,0.029626964,0.003970624,355.94434,-94.43793,-1.2603122
-0.4193473,9.802586,-0.59579426,-0.008857546,0.03023783,0.0021380284,355.9259,-94.444626,-1.2922677
-0.42638755,9.811658,-0.6037782,-0.019242255,0.03176499,0.00061086525,355.9143,-94.44048,-1.3193622
-0.43596146,9.821232,-0.62292594,-0.0061086523,0.02107485,-0.0030543262,355.90634,-94.44641,-1.3469505
-0.43789536,9.828442,-0.634707,-0.015882496,0.01282817,0.008857546,355.894,-94.44286,-1.373587
-0.4330156,9.833322,-0.6395867,0.005192355,0.012217305,0.0067195175,355.88263,-94.45291,-1.4043407
-0.4093616,9.832682,-0.633548,-0.0061086523,0.014660766,0.010079277,355.87735,-94.44815,-1.4293846
-0.37316746,9.828157,-0.6199752,0.0036651916,0.013744468,0.015577064,355.87354,-94.45484,-1.4536972
-0.35640305,9.825804,-0.6190992,0.01282817,0.01282817,0.013744468,355.8708,-94.45654,-1.4761425
-0.36090764,9.825804,-0.632613,0.005192355,0.002443461,0.010995574,355.8713,-94.45601,-1.4968828
-0.36391866,9.827329,-0.6401214,0.007941248,0.01160644,0.009773844,355.85953,-94.458595,-1.5121449
-0.36391866,9.832592,-0.63485825,0.008246681,0.015882496,0.020158553,355.85254,-94.45764,-1.5246748
-0.36391866,9.835381,-0.6407839,0.011911872,0.004581489,0.01160644,355.84512,-94.46473,-1.5452416
-0.36391866,9.835381,-0.6633032,0.005192355,0.0036651916,0.015882496,355.8343,-94.466705,-1.5583438
-0.3602607,9.832942,-0.6811726,0.016187929,0.006414085,0.0143553335,355.82532,-94.47708,-1.5750743
-0.34566668,9.823213,-0.6860373,0.0033597588,0.0067195175,0.013744468,355.81766,-94.478584,-1.5898886
-0.33633032,9.821938,-0.6906722,0.0125227375,0.01160644,0.020463986,355.81,-94.49586,-1.6007102
-0.34043202,9.842446,-0.6947739,0.0125227375,0.014049901,0.018325957,355.80295,-94.50779,-1.6138555
-0.34436467,9.862109,-0.6987065,0.01282817,0.009162978,0.0143553335,355.79544,-94.51906,-1.6230304
-0.3283285,9.86822,-0.70732516,0.012217305,0.0106901415,0.01160644,355.78558,-94.52979,-1.6319588
-0.31100214,9.872552,-0.71598834,0.007330383,0.0290161,0.015577064,355.77255,-94.538795,-1.6395136
-0.31001118,9.877241,-0.7040471,0.0030543262,0.016187929,0.013744468,355.76855,-94.54324,-1.6510446
-0.31474832,9.881979,-0.68509847,0.013439035,0.0143553335,0.016493361,355.75662,-94.54927,-1.6591364
-0.31251687,9.865676,-0.67291784,0.009773844,0.010079277,0.016187929,355.75528,-94.552,-1.6587336
-0.307737,9.841777,-0.66335803,0.01160644,0.019242255,0.01863139,355.75076,-94.558174,-1.6565397
-0.30311388,9.845412,-0.6607997,0.014966198,0.0106901415,0.0106901415,355.75305,-94.5619,-1.6584955
-0.2983835,9.859604,-0.6607997,0.0076358155,0.007941248,0.012217305,355.75134,-94.56192,-1.6567514
-0.3077499,9.861394,-0.64993083,0.014660766,0.007941248,0.01740966,355.75916,-94.56733,-1.6488993
-0.32440203,9.85723,-0.63327867,0.010079277,-0.0021380284,0.0070249503,355.77017,-94.569084,-1.6456084
-0.33691967,9.854534,-0.6294182,0.02107485,-0.0012217305,0.009162978,355.78235,-94.571365,-1.6331779
-0.34165657,9.854534,-0.64836574,0.020463986,-0.0012217305,0.016798794,355.79727,-94.569885,-1.6227634
-0.34339452,9.854534,-0.66628176,0.014049901,-0.004276057,0.013744468,355.8172,-94.56913,-1.6164557
-0.33935338,9.854534,-0.6824463,0.0106901415,-0.012217305,0.010079277,355.83838,-94.56835,-1.6086979
-0.3353737,9.854534,-0.6985505,0.017715093,-0.014966198,0.01160644,355.8617,-94.57217,-1.5996268
-0.3397135,9.854534,-0.6855311,0.012217305,-0.014966198,0.010079277,355.88602,-94.57241,-1.5930327
-0.34437436,9.854534,-0.67154855,0.010995574,-0.018020526,0.01160644,355.91202,-94.57389,-1.5846936
-0.34476504,9.854534,-0.69725925,0.017715093,-0.0106901415,0.008246681,355.93454,-94.57673,-1.5784166
-0.34476504,9.854534,-0.7254216,0.016798794,-0.013133603,0.0143553335,355.9606,-94.57617,-1.5697279
-0.35848665,9.859108,-0.7278373,0.015577064,-0.0106901415,0.019547688,355.9835,-94.575485,-1.5630447
-0.37299773,9.863945,-0.7278373,0.011911872,-0.014049901,0.011301007,356.0082,-94.5747,-1.5590577
-0.3700945,9.86071,-0.7074317,0.016493361,-0.025350908,0.01038471,356.02966,-94.58191,-1.5555328
-0.36638767,9.857003,-0.6851905,0.018020526,-0.02565634,0.017715093,356.0487,-94.58718,-1.5520667
-0.357012,9.85626,-0.67210317,0.0070249503,-0.02107485,0.01282817,356.06824,-94.59953,-1.5562818
-0.33656797,9.861372,-0.67721415,0.016493361,-0.02443461,0.017104227,356.0903,-94.61577,-1.5561455
-0.32125112,9.857571,-0.6799533,0.013133603,-0.023823744,0.010995574,356.10895,-94.62331,-1.5592303
-0.31161213,9.843112,-0.6799533,0.014966198,-0.03390302,0.015271631,356.13174,-94.63309,-1.5586203
-0.30037877,9.842979,-0.69059163,0.009162978,-0.034513887,0.013439035,356.1533,-94.63902,-1.554922
-0.28666997,9.860116,-0.714582,0.013133603,-0.028710667,0.0106901415,356.1756,-94.64759,-1.5507312
-0.2734664,9.87662,-0.73768824,0.0106901415,-0.02687807,0.011911872,356.19388,-94.64544,-1.5485251
-0.25894678,9.880197,-0.7561947,0.014660766,-0.021991149,0.012217305,356.20935,-94.6465,-1.5473613
-0.24442108,9.875355,-0.7707205,0.00061086525,-0.019242255,0.018936822,356.22482,-94.64137,-1.5442108
-0.22143559,9.873688,-0.7817162,0.005192355,-0.016798794,0.017715093,356.2371,-94.63656,-1.5403904
-0.19431528,9.873688,-0.79075634,0.018020526,-0.014049901,0.008246681,356.24823,-94.63073,-1.5372218
-0.1847015,9.873688,-0.8003593,0.0070249503,-0.008552114,0.008552114,356.25385,-94.61774,-1.5314656
-0.1898115,9.873688,-0.8105793,0.005497787,-0.009162978,0.004581489,356.25998,-94.6123,-1.5298433
-0.1945941,9.87063,-0.8232025,0.00580322,-0.007941248,0.004886922,356.26062,-94.6055,-1.5219204
-0.19930784,9.865916,-0.8373437,0.005497787,-0.0033597588,0.008857546,356.2604,-94.59842,-1.5142279
-0.19815913,9.864111,-0.842759,0.009162978,0.004886922,-0.0012217305,356.25006,-94.59565,-1.5182307
-0.19334091,9.864111,-0.842759,-0.0061086523,0.0033597588,0.005192355,356.24176,-94.58593,-1.5164162
-0.20134261,9.86738,-0.85256547,-0.0061086523,0.013133603,0.007941248,356.2352,-94.58872,-1.5178385
-0.21423878,9.871678,-0.86546165,0.0067195175,0.014966198,0.0012217305,356.22955,-94.59112,-1.519063
-0.21768795,9.8762665,-0.86117494,0.0009162979,0.013133603,0.0021380284,356.22195,-94.586174,-1.5187334
-0.21334274,9.880612,-0.84379417,0.00580322,0.017104227,0.0033597588,356.20456,-94.59157,-1.5211089
-0.22261912,9.881277,-0.83914685,-0.00030543262,0.020463986,-0.0012217305,356.1831,-94.595825,-1.5322022
-0.25308985,9.876198,-0.8543822,-0.004276057,0.022296581,-0.004276057,356.16138,-94.60149,-1.5419935
-0.26032084,9.877603,-0.86387,-0.010079277,0.022602014,-0.004276057,356.13693,-94.59925,-1.5525347
-0.24425498,9.885635,-0.8678865,-0.0076358155,0.03390302,-0.002443461,356.10922,-94.59833,-1.5625904
-0.23127958,9.890926,-0.8695744,-0.008857546,0.023823744,-0.00061086525,356.0935,-94.59869,-1.5757997
-0.24619603,9.8710375,-0.84968585,-0.0061086523,0.040317107,0.0021380284,356.06738,-94.60046,-1.5868384
-0.2604761,9.854534,-0.8341334,-0.008857546,0.03848451,0.004276057,356.04718,-94.60058,-1.5945386
-0.26898307,9.854534,-0.83838683,-0.017104227,0.03573562,0.004276057,356.03485,-94.60012,-1.5975416
-0.27798742,9.8547945,-0.84249896,-0.01740966,0.041233405,0.005497787,356.02136,-94.59961,-1.600828
-0.28194037,9.8587475,-0.83854604,-0.013133603,0.039095376,0.0012217305,356.00104,-94.60588,-1.6084622
-0.2859737,9.862781,-0.8345127,-0.009162978,0.040011674,0.005497787,355.97858,-94.61036,-1.6160636
-0.2873042,9.857908,-0.8114739,-0.006414085,0.03390302,0.00580322,355.9589,-94.61627,-1.6257318
-0.2873042,9.848814,-0.7796423,0.0012217305,0.04428773,0.007941248,355.93472,-94.6237,-1.6328442
-0.29881865,9.842078,-0.7661445,0.003970624,0.03604105,0.0067195175,355.92035,-94.6308,-1.6401439
-0.31787652,9.837315,-0.7661445,0.002443461,0.03145956,0.00580322,355.90234,-94.63823,-1.6460987
-0.3333682,9.835381,-0.75838774,-0.004581489,0.032375857,0.007941248,355.89023,-94.637695,-1.6476872
-0.3468538,9.835381,-0.74490213,-0.0033597588,0.040011674,0.009773844,355.87766,-94.63901,-1.6494086
-0.35795674,9.831766,-0.7392215,0.008857546,0.027794369,0.011911872,355.8686,-94.643585,-1.6571883
-0.36814538,9.821577,-0.74431586,0.0061086523,0.03359759,0.016493361,355.85254,-94.64396,-1.6628419
-0.37349546,9.812325,-0.7469909,0.010079277,0.024740042,0.0106901415,355.8475,-94.65649,-1.6714166
-0.37349546,9.803309,-0.7469909,0.0067195175,0.016798794,0.005192355,355.84082,-94.66545,-1.6782202
-0.37200668,9.804517,-0.7529461,0.009162978,0.011911872,0.011301007,355.83325,-94.67928,-1.6878288
-0.3668912,9.830094,-0.77340794,0.018325957,0.01160644,0.013744468,355.82666,-94.6945,-1.6996887
-0.35663375,9.846778,-0.7798345,0.009162978,0.0021380284,0.009468411,355.8204,-94.7044,-1.714835
-0.33836094,9.851347,-0.76612985,0.00580322,0.0036651916,0.008246681,355.81146,-94.71723,-1.727721
-0.32561144,9.857713,-0.7565677,0.004276057,0.0033597588,0.010079277,355.80493,-94.7332,-1.7398185
-0.32561144,9.867156,-0.7565677,0.016798794,0.0036651916,0.007330383,355.7979,-94.75208,-1.7530866
-0.32656398,9.872735,-0.75275755,0.01863139,-0.0061086523,0.004886922,355.7943,-94.75972,-1.760756
-0.33094272,9.868357,-0.7352426,0.005497787,-0.010079277,0.007330383,355.7892,-94.7661,-1.7674048
-0.33518824,9.863436,-0.7185983,0.010079277,-0.011301007,0.0076358155,355.7793,-94.78241,-1.7799852
-0.33518824,9.855592,-0.72252,0.0125227375,-0.0076358155,0.0061086523,355.76938,-94.7942,-1.7919343
-0.33518824,9.847292,-0.72666997,0.006414085,-0.003970624,0.006414085,355.7561,-94.80207,-1.8072159
-0.3453989,9.848361,-0.7448551,-0.0033597588,-0.015882496,0.009468411,355.74655,-94.80914,-1.8218294
-0.3593626,9.853015,-0.768128,0.0009162979,-0.014966198,0.003970624,355.73242,-94.81893,-1.8378611
-0.3517754,9.85757,-0.78482884,0.0030543262,-0.016798794,0.0015271631,355.72958,-94.8234,-1.8470892
-0.33271292,9.862335,-0.7991257,-0.005192355,-0.018325957,-0.0076358155,355.72626,-94.82743,-1.8594512
-0.32561144,9.857773,-0.78226995,0.00030543262,-0.02107485,-0.0027488936,355.72556,-94.84054,-1.8707209
-0.32561144,9.847961,-0.7479297,-0.003970624,-0.02321288,-0.00061086525,355.725,-94.84986,-1.8849565
-0.3173854,9.855926,-0.7374141,0.00030543262,-0.020158553,-0.0027488936,355.71475,-94.86561,-1.9005035
-0.30443037,9.873199,-0.7374141,0.0009162979,-0.018020526,-0.008246681,355.70557,-94.87898,-1.9159728
-0.29303104,9.879415,-0.74318904,-0.0106901415,-0.02565634,-0.014049901,355.69113,-94.88982,-1.937038
-0.28378925,9.870173,-0.7570517,-0.0033597588,-0.026572637,-0.014049901,355.67456,-94.90529,-1.9570671
-0.27378276,9.861481,-0.77534866,-0.007941248,-0.018325957,-0.015577064,355.65448,-94.90976,-1.9775269
-0.26168996,9.853419,-0.8035652,-0.005192355,-0.011301007,-0.008246681,355.6356,-94.91684,-1.9947562
-0.25019732,9.8457575,-0.8303814,-0.015577064,-0.008246681,-0.012217305,355.6196,-94.913574,-2.0102913
-0.26137152,9.853207,-0.83730704,-0.00580322,-0.0106901415,-0.011911872,355.6038,-94.91497,-2.0219674
-0.27519035,9.86242,-0.84191334,-0.004886922,-0.005497787,-0.010079277,355.58514,-94.91176,-2.0335677
-0.28176102,9.868145,-0.8387254,-0.0033597588,-0.010995574,-0.004886922,355.5695,-94.91325,-2.0414681
-0.28673926,9.873123,-0.83374715,-0.004581489,-0.009162978,-0.009773844,355.55038,-94.91516,-2.0510247
-0.2873042,9.88587,-0.837243,-0.00061086525,0.0012217305,-0.009468411,355.52792,-94.921364,-2.062931
-0.2873042,9.899212,-0.8416903,-0.004276057,-0.004581489,-0.005497787,355.5099,-94.92521,-2.074931
-0.2981221,9.898812,-0.83554703,-0.004276057,-0.005192355,-0.005497787,355.50058,-94.92648,-2.0797024
-0.312193,9.894121,-0.82616645,-0.00061086525,0.0015271631,-0.0061086523,355.4913,-94.92775,-2.0844414
-0.32709,9.885471,-0.8088649,-0.00061086525,-0.009773844,-0.004886922,355.48575,-94.927704,-2.088738
-0.34145373,9.8758955,-0.78971326,-0.0012217305,-0.012217305,-0.0061086523,355.48044,-94.927666,-2.0928304
-0.34849384,9.873688,-0.77784055,0.0021380284,-0.009773844,-0.008857546,355.46088,-94.93285,-2.1028352
-0.35296553,9.873688,-0.7688971,0.0021380284,-0.0125227375,-0.009773844,355.45358,-94.93578,-2.1087446
-0.32929295,9.864294,-0.76927567,0.0021380284,-0.006414085,-0.008857546,355.44644,-94.93865,-2.1145093
-0.29234427,9.850438,-0.77389425,-0.0070249503,-0.020463986,-0.011301007,355.43796,-94.94529,-2.1296637
-0.2777274,9.83358,-0.78709847,-0.008246681,-0.02443461,-0.0061086523,355.42667,-94.94679,-2.1432204
-0.2777274,9.815064,-0.8056138,-0.015882496,-0.017104227,-0.012217305,355.4161,-94.94605,-2.1602175
-0.27227017,9.809379,-0.81402856,-0.006414085,-0.018325957,-0.006414085,355.4073,-94.94348,-2.164464
-0.26229307,9.814367,-0.81402856,-0.002443461,-0.011301007,-0.003970624,355.39398,-94.93888,-2.1707442
-0.2616255,9.843693,-0.81402856,-0.0015271631,-0.014660766,-0.003970624,355.38953,-94.93533,-2.172351
-0.26613912,9.884315,-0.81402856,-0.00580322,-0.009162978,-0.00061086525,355.3853,-94.93196,-2.1738763
-0.27568045,9.907438,-0.8115186,-0.004886922,-0.00580322,0.0027488936,355.37448,-94.927,-2.175941
-0.29033822,9.91721,-0.8066327,0.0015271631,-0.00580322,0.006414085,355.36862,-94.920586,-2.175581
-0.30791607,9.917158,-0.81107277,-0.009468411,0.00030543262,0.0012217305,355.36353,-94.91504,-2.1752696
-0.3332043,9.9070425,-0.8262457,-0.010079277,0.0018325958,0.0030543262,355.35318,-94.90473,-2.1732903
-0.35659283,9.904783,-0.8260855,-0.017715093,-0.003970624,-0.0012217305,355.34512,-94.89224,-2.1756003
-0.37928277,9.909322,-0.81247157,-0.02321288,0.0036651916,-0.0070249503,355.33292,-94.88049,-2.177388
-0.3992364,9.911995,-0.80664754,-0.020158553,0.008246681,-0.0067195175,355.32693,-94.86974,-2.1826801
-0.41384092,9.911995,-0.8115157,-0.015577064,-0.006414085,-0.006414085,355.32428,-94.85917,-2.1896045
-0.43085662,9.904887,-0.80218214,-0.014660766,0.0012217305,-0.01038471,355.32175,-94.84448,-2.1974022
-0.44888052,9.89137,-0.7796523,-0.0061086523,0.00061086525,-0.010995574,355.32584,-94.83303,-2.2044597
-0.4520217,9.869851,-0.7680608,-0.008857546,-0.0033597588,-0.009162978,355.33264,-94.820496,-2.212339
-0.43288964,9.8363695,-0.77284384,-0.00030543262,-0.006414085,-0.0030543262,355.33945,-94.812965,-2.2189517
-0.41714185,9.819052,-0.7700712,-0.010995574,-0.011301007,-0.01282817,355.34518,-94.80567,-2.2357914
-0.4020092,9.829141,-0.74989426,-0.008246681,-0.016493361,-0.011301007,355.3523,-94.80193,-2.2474077
-0.39427784,9.840267,-0.73578537,-0.004581489,-0.015271631,-0.0076358155,355.35248,-94.79532,-2.2614236
-0.39883816,9.853948,-0.731225,0.0012217305,-0.01282817,-0.009773844,355.35382,-94.790886,-2.2763193
-0.39907342,9.865162,-0.7215324,-0.0030543262,-0.0106901415,0.0015271631,355.35284,-94.78156,-2.2836814
-0.38561866,9.869647,-0.6946229,-0.0030543262,-0.016187929,0.0030543262,355.35358,-94.779465,-2.2887542
-0.37497506,9.874181,-0.67234933,0.00030543262,-0.020158553,0.004276057,355.35434,-94.77732,-2.293943
-0.38679984,9.878123,-0.68811566,0.0015271631,-0.016493361,0.0021380284,355.3513,-94.77442,-2.3026786
-0.39883462,9.882134,-0.704162,0.0036651916,-0.019547688,0.004581489,355.34744,-94.76298,-2.310566
-0.41550642,9.866664,-0.72196424,0.0012217305,-0.020158553,-0.005497787,355.34167,-94.75316,-2.3221855
-0.4320227,9.846019,-0.7384805,0.002443461,-0.02565634,0.004581489,355.33875,-94.742035,-2.3272195
-0.44553623,9.832879,-0.7319815,-0.007941248,-0.03481932,0.00061086525,355.34073,-94.73424,-2.3394253
-0.45538828,9.827953,-0.7024254,0.004886922,-0.027794369,-0.007330383,355.33984,-94.73198,-2.3494284
-0.45197287,9.823233,-0.6895301,-0.0021380284,-0.025961773,-0.0070249503,355.34772,-94.72245,-2.3604603
-0.43787855,9.818535,-0.6895301,0.00061086525,-0.036651913,-0.003970624,355.35706,-94.719536,-2.3727467
-0.4309563,9.820963,-0.68479407,0.004276057,-0.036957346,-0.007330383,355.3686,-94.71586,-2.3836882
-0.4309563,9.830398,-0.6753598,-0.0021380284,-0.036651913,-0.007330383,355.3767,-94.7143,-2.387192
-0.4242512,9.830911,-0.6703765,0.014660766,-0.042455133,0.00061086525,355.38483,-94.712746,-2.3906963
-0.40992296,9.821359,-0.6703765,0.0036651916,-0.04062254,0.00030543262,355.3946,-94.70947,-2.3998454
-0.39993805,9.823091,-0.6703765,0.0061086523,-0.042455133,-0.008246681,355.40942,-94.71013,-2.4071
-0.39555162,9.836249,-0.6703765,-0.005497787,-0.056199603,-0.002443461,355.4273,-94.7028,-2.4105172
-0.3893365,9.846613,-0.6720328,0.0009162979,-0.043676864,-0.0012217305,355.43567,-94.70581,-2.4145696
-0.38030067,9.851131,-0.6765507,0.0009162979,-0.04886922,-0.007330383,355.44498,-94.70381,-2.4160242
-0.37569815,9.858939,-0.68105465,-0.0061086523,-0.052839845,0.0009162979,355.45416,-94.701836,-2.4174576
-0.3852759,9.878095,-0.6858435,0.0036651916,-0.06536258,0.008552114,355.4672,-94.70379,-2.4188843
-0.39530954,9.893728,-0.6886433,0.011911872,-0.063224554,0.0070249503,355.4755,-94.70087,-2.422546
-0.40847364,9.898116,-0.68425524,0.007330383,-0.058948494,0.0076358155,355.48682,-94.69598,-2.4236894
-0.42276916,9.90214,-0.67967534,0.0012217305,-0.06291912,0.007330383,355.50757,-94.69331,-2.4218147
-0.44246885,9.8982,-0.6757354,0.008246681,-0.0693332,0.0070249503,355.52756,-94.69283,-2.4199595
-0.4628328,9.894127,-0.6716626,0.00061086525,-0.06872234,0.0015271631,355.5519,-94.69082,-2.4187334
-0.47258228,9.886204,-0.6803328,0.00580322,-0.07147124,0.007941248,355.57895,-94.69207,-2.4147036
-0.4774606,9.876448,-0.6949676,0.007941248,-0.058643065,-0.004886922,355.6006,-94.69447,-2.4176717
-0.4716854,9.877266,-0.70268434,-0.0070249503,-0.06047566,-0.0067195175,355.62784,-94.69406,-2.4219315
-0.46194935,9.8821335,-0.7075524,-0.00061086525,-0.06627888,-0.011301007,355.65207,-94.701675,-2.4304633
-0.46321625,9.890324,-0.71927226,0.0015271631,-0.062308256,-0.01038471,355.67233,-94.706924,-2.4403377
-0.46784407,9.899579,-0.7331558,0.006414085,-0.05497787,-0.01160644,355.693,-94.71533,-2.4520454
-0.45179352,9.895431,-0.7444021,-0.003970624,-0.06383542,-0.01160644,355.71548,-94.71901,-2.4621081
-0.42747313,9.885702,-0.75413024,-0.0143553335,-0.058643065,-0.023518313,355.73145,-94.72572,-2.4753592
-0.40347037,9.883265,-0.771492,-0.01038471,-0.060170226,-0.0076358155,355.75772,-94.72902,-2.4780114
-0.37828505,9.883265,-0.79247975,-0.0033597588,-0.05955936,-0.020463986,355.78088,-94.736664,-2.4920256
-0.36391866,9.88159,-0.80277705,-0.010995574,-0.059253927,-0.011301007,355.80014,-94.73668,-2.492981
-0.36391866,9.876616,-0.7978025,-0.016798794,-0.058948494,-0.016187929,355.8185,-94.7428,-2.5015628
-0.36391866,9.869956,-0.8023384,-0.02443461,-0.057726767,-0.022907447,355.83548,-94.74519,-2.5016065
-0.36391866,9.860723,-0.82080567,-0.009162978,-0.054061573,-0.023823744,355.85144,-94.75162,-2.501504
-0.36710137,9.854534,-0.8331822,-0.023823744,-0.05100725,-0.018020526,355.86713,-94.749344,-2.5013518
-0.3770671,9.854534,-0.8331822,-0.02687807,-0.049785517,-0.016493361,355.88202,-94.75429,-2.502738
-0.384814,9.854534,-0.8384074,-0.022907447,-0.05497787,-0.024129177,355.89978,-94.76157,-2.5035577
-0.3893018,9.854534,-0.8518708,-0.029321533,-0.05222898,-0.016493361,355.9151,-94.763,-2.4995975
-0.39148495,9.856862,-0.86540496,-0.03268129,-0.050396383,-0.010995574,355.93082,-94.766685,-2.5021172
-0.38663608,9.86656,-0.8799516,-0.030848695,-0.05131268,-0.016493361,355.94635,-94.770584,-2.50568
-0.38142535,9.873688,-0.8881727,-0.030848695,-0.056199603,-0.015577064,355.96127,-94.77407,-2.508216
-0.37150627,9.873688,-0.87329406,-0.026267206,-0.048563786,-0.015577064,355.97266,-94.78004,-2.512346
-0.36046717,9.871387,-0.8619126,-0.030848695,-0.051923547,-0.01038471,355.98288,-94.78733,-2.5178177
-0.34600294,9.861744,-0.8619126,-0.029321533,-0.041233405,-0.01038471,355.9868,-94.797745,-2.5242016
-0.3372522,9.854534,-0.8670725,-0.03390302,-0.050396383,-0.0143553335,355.99393,-94.80383,-2.5306861
-0.34501272,9.854534,-0.88647383,-0.027183503,-0.052534413,-0.0143553335,355.9961,-94.81224,-2.5355487
-0.35306922,9.854534,-0.906615,-0.01160644,-0.034513887,-0.015577064,355.99078,-94.82218,-2.541193
-0.34678745,9.854534,-0.8871334,-0.0125227375,-0.036957346,-0.016798794,355.99197,-94.82954,-2.5471423
-0.33739877,9.854534,-0.8589674,-0.009773844,-0.035430185,-0.013133603,355.98706,-94.84063,-2.5514007
-0.32339114,9.854534,-0.8444711,-0.003970624,-0.042455133,-0.010079277,355.9881,-94.85973,-2.5560842
-0.31077135,9.854534,-0.8360579,-0.00030543262,-0.03481932,0.004886922,355.98492,-94.876076,-2.5558605
-0.31660098,9.857915,-0.82642007,0.01160644,-0.03756821,0.007330383,355.98288,-94.890686,-2.5592675
-0.33178097,9.862975,-0.8163001,0.016798794,-0.029321533,0.009773844,355.97586,-94.90194,-2.5579932
-0.32793137,9.856854,-0.8104001,0.011911872,-0.039095376,0.006414085,355.97028,-94.915146,-2.5575018
-0.3184928,9.847415,-0.8056809,0.01985312,-0.03848451,0.01160644,355.95972,-94.93062,-2.5534778
-0.32904005,9.841706,-0.8012004,0.017104227,-0.032070424,0.006414085,355.95227,-94.940544,-2.5558038
-0.34695905,9.837227,-0.7967207,0.032070424,-0.029321533,0.0143553335,355.94617,-94.95368,-2.5529382
-0.3570959,9.846397,-0.78661287,0.02687807,-0.035430185,0.012217305,355.94098,-94.96211,-2.551639
-0.36192644,9.865719,-0.77212113,0.027794369,-0.033292156,0.008857546,355.9329,-94.97431,-2.5482635
-0.37032816,9.870483,-0.785373,0.017715093,-0.03940081,0.011911872,355.93613,-94.98006,-2.5437312
-0.379116,9.866089,-0.8117366,0.01985312,-0.039095376,0.011911872,355.93677,-94.98968,-2.540949
-0.38307226,9.866468,-0.81653327,0.013439035,-0.025045475,0.016493361,355.929,-94.99398,-2.5417223
-0.38307226,9.870502,-0.80443245,0.014966198,-0.022602014,0.007941248,355.92422,-95.00244,-2.546394
-0.38307226,9.872705,-0.79487497,0.013439035,-0.03176499,0.010995574,355.916,-95.011505,-2.5513515
-0.38307226,9.867591,-0.79487497,0.01160644,-0.03023783,0.00580322,355.90387,-95.02292,-2.560498
-0.38448012,9.859887,-0.7962828,0.013439035,-0.025350908,0.004886922,355.89334,-95.03293,-2.5674458
-0.38958126,9.844584,-0.801384,0.007330383,-0.019242255,0.009162978,355.88226,-95.040184,-2.5740168
-0.38686395,9.844059,-0.80445176,0.0015271631,-0.020463986,0.0070249503,355.87222,-95.04269,-2.5829997
-0.36773863,9.872746,-0.80445176,0.011911872,-0.015271631,0.007330383,355.85898,-95.04663,-2.5894864
-0.35060877,9.894085,-0.8056961,0.01282817,-0.018936822,-0.0012217305,355.8493,-95.050285,-2.5997698
-0.33731732,9.898516,-0.8101266,0.0018325958,0.002443461,0.005497787,355.8315,-95.051094,-2.6046293
-0.32408875,9.901911,-0.8125059,0.004276057,-0.005497787,-0.0015271631,355.81754,-95.06359,-2.6142414
-0.30919826,9.896947,-0.7976154,-0.00061086525,-0.008552114,0.0012217305,355.79675,-95.06881,-2.6182384
-0.30000925,9.892841,-0.78529817,-0.0030543262,-0.003970624,0.0021380284,355.77417,-95.07714,-2.6219893
-0.31971952,9.892841,-0.78529817,0.005192355,0.0067195175,0.002443461,355.75104,-95.086235,-2.6247911
-0.33518824,9.891829,-0.780236,-0.00061086525,0.009162978,-0.0015271631,355.73,-95.08697,-2.6241913
-0.33518824,9.887598,-0.75908333,-0.005497787,0.015271631,-0.0015271631,355.7181,-95.08795,-2.6232648
-0.33450216,9.883265,-0.7374141,-0.006414085,0.015882496,-0.0027488936,355.70505,-95.089035,-2.6222496
-0.32548696,9.883265,-0.7374141,-0.007330383,0.028099801,-0.009162978,355.68628,-95.092995,-2.6209316
-0.31686658,9.882849,-0.739078,-0.01863139,0.0290161,-0.002443461,355.6693,-95.09036,-2.6158688
-0.32481286,9.878876,-0.7549706,-0.012217305,0.029321533,-0.00580322,355.6489,-95.09412,-2.6151285
-0.33345246,9.874556,-0.7722498,-0.010079277,0.028710667,-0.008552114,355.62817,-95.087654,-2.6108918
-0.34646046,9.877445,-0.7644491,-0.013744468,0.032070424,-0.0061086523,355.60648,-95.08114,-2.6059706
-0.3606282,9.882168,-0.7502814,-0.009468411,0.034513887,-0.01160644,355.58517,-95.078705,-2.6040504
-0.3567218,9.876068,-0.7397941,-0.01160644,0.030848695,-0.015271631,355.56464,-95.07577,-2.6038275
-0.34765813,9.867004,-0.7307304,-0.013133603,0.028710667,-0.020158553,355.54312,-95.07495,-2.6052341
-0.34804243,9.870666,-0.73439205,-0.0067195175,0.03268129,-0.021991149,355.51886,-95.07437,-2.6120865
-0.3527473,9.880075,-0.7438018,-0.0036651916,0.032070424,-0.008552114,355.49707,-95.071045,-2.6156826
-0.36048695,9.883265,-0.73777324,-0.0027488936,0.03268129,-0.011911872,355.47455,-95.06985,-2.6209688
-0.36977223,9.883265,-0.72384536,-0.0106901415,0.03023783,-0.021991149,355.4535,-95.06623,-2.6242034
-0.37630215,9.872038,-0.7210672,-0.008246681,0.027488936,-0.018020526,355.431,-95.06934,-2.626179
-0.38117215,9.852557,-0.7259372,-0.018936822,0.01985312,-0.009162978,355.4108,-95.06788,-2.629416
-0.39442092,9.839283,-0.71648866,-0.007330383,0.028405234,-0.0076358155,355.3881,-95.0722,-2.6345172
-0.41286433,9.830062,-0.69804525,-0.013439035,0.022296581,-0.010079277,355.3721,-95.06883,-2.6384442
-0.42651832,9.830943,-0.6895301,-0.0061086523,0.018020526,-0.014660766,355.35464,-95.06913,-2.643107
-0.4361223,9.840547,-0.6895301,-0.014049901,0.008552114,-0.0125227375,355.34076,-95.0636,-2.6465175
-0.45279732,9.849863,-0.68462443,-0.017104227,0.010079277,-0.0018325958,355.33444,-95.05427,-2.6468747
-0.47462597,9.858595,-0.67589295,-0.011301007,0.004886922,-0.0009162979,355.33264,-95.04661,-2.6496344
-0.4867396,9.862433,-0.67373157,-0.025350908,0.008246681,-0.008857546,355.32645,-95.0353,-2.6550965
-0.48210606,9.8578,-0.6829987,-0.01160644,0.005497787,-0.009773844,355.32367,-95.03123,-2.6584003
-0.48014757,9.857148,-0.6895301,-0.015271631,0.005497787,-0.007941248,355.32495,-95.028046,-2.6629553
-0.48518834,9.86723,-0.6895301,-0.007941248,-0.0021380284,-0.017104227,355.32623,-95.024796,-2.6675994
-0.49018145,9.877216,-0.69129443,-0.01160644,-0.00580322,-0.008857546,355.32877,-95.01791,-2.672375
-0.4943937,9.885641,-0.69550663,0.005497787,-0.009468411,-0.0070249503,355.33356,-95.01446,-2.6804104
-0.49968433,9.89115,-0.69995207,0.0018325958,-0.008857546,-0.004276057,355.33862,-95.001236,-2.6870801
-0.5085411,9.882294,-0.7043805,0.0027488936,-0.0067195175,-0.0061086523,355.3442,-94.99405,-2.6944175
-0.51714754,9.874246,-0.70812565,0.0070249503,-0.015271631,-0.009773844,355.351,-94.98464,-2.7045457
-0.51714754,9.886382,-0.695989,-0.0106901415,-0.015882496,-0.007330383,355.355,-94.96998,-2.712982
-0.51714754,9.898973,-0.683398,-0.0033597588,-0.014660766,-0.013439035,355.35928,-94.968056,-2.7282653
-0.5138199,9.892435,-0.6766256,-0.013133603,-0.01740966,-0.004581489,355.36523,-94.95552,-2.7383184
-0.50926447,9.878769,-0.6720702,0.008552114,-0.018325957,0.0009162979,355.37018,-94.954094,-2.7506227
-0.49171597,9.873688,-0.67566144,0.005497787,-0.018936822,-0.003970624,355.3695,-94.9438,-2.767896
-0.46628016,9.873688,-0.68414,-0.0015271631,-0.028710667,0.0015271631,355.37216,-94.93554,-2.7803974
-0.45300844,9.872239,-0.69097936,-0.0018325958,-0.01985312,-0.007330383,355.3685,-94.93178,-2.7970202
-0.46117854,9.868154,-0.6950644,-0.0018325958,-0.02321288,-0.0018325958,355.3704,-94.9282,-2.8017206
-0.46946648,9.864111,-0.6991069,0.005497787,-0.025350908,0.0033597588,355.37234,-94.924484,-2.8065977
-0.47339353,9.864111,-0.6991069,0.0033597588,-0.024740042,0.00061086525,355.3636,-94.91818,-2.8206458
-0.47747117,9.864111,-0.6991069,0.0033597588,-0.032070424,-0.00580322,355.36084,-94.917336,-2.8266838
-0.47884035,9.870098,-0.6991069,-0.008246681,-0.021380283,-0.0070249503,355.35803,-94.91647,-2.8328562
-0.47884035,9.879123,-0.6991069,-0.0018325958,-0.027794369,-0.002443461,355.3554,-94.91696,-2.8421843
-0.48910952,9.87813,-0.6939723,-0.007330383,-0.028405234,-0.008552114,355.35077,-94.913124,-2.857153
-0.5082689,9.86855,-0.68439263,-0.0067195175,-0.03176499,-0.008857546,355.34906,-94.91067,-2.8689544
-0.51714754,9.858855,-0.6799533,-0.005497787,-0.03756821,-0.0033597588,355.34766,-94.90981,-2.8804958
-0.51714754,9.848948,-0.6799533,0.003970624,-0.03390302,-0.0076358155,355.34442,-94.912796,-2.8943884
-0.5144426,9.844957,-0.67454344,-0.003970624,-0.027794369,-0.009468411,355.34604,-94.91519,-2.907307
-0.5098355,9.844957,-0.6653292,-0.003970624,-0.029321533,-0.008552114,355.34882,-94.92173,-2.9203665
-0.50495756,9.83973,-0.65557325,-0.004886922,-0.029932396,-0.010995574,355.3516,-94.9317,-2.9321303
-0.50059783,9.831012,-0.64685374,-0.003970624,-0.032375857,-0.01038471,355.3555,-94.941154,-2.9425447
-0.505542,9.825804,-0.641646,-0.0061086523,-0.030543262,-0.020158553,355.3591,-94.95106,-2.954033
-0.5230298,9.825804,-0.641646,-0.005192355,-0.026572637,-0.016493361,355.3631,-94.95922,-2.9613125
-0.5392417,9.8277645,-0.6485071,-0.013439035,-0.026267206,-0.013744468,355.36496,-94.96445,-2.9724045
-0.5541786,9.837722,-0.68336004,-0.0125227375,-0.02076942,-0.010995574,355.36435,-94.97115,-2.9819636
-0.5638307,9.846158,-0.7122864,-0.015577064,-0.028710667,-0.013744468,355.36826,-94.97655,-2.9968584
-0.55898416,9.851005,-0.7268261,-0.009162978,-0.015271631,-0.01282817,355.3647,-94.98311,-3.0090046
-0.5554548,9.851056,-0.7339362,-0.008552114,-0.026267206,-0.019242255,355.37164,-94.99472,-3.0268335
-0.5554548,9.836899,-0.71977824,-0.007941248,-0.025045475,-0.008857546,355.37177,-95.004395,-3.0386498
-0.55138636,9.824787,-0.70156395,-0.01740966,-0.031154128,-0.012217305,355.37234,-95.02381,-3.0572057
-0.5322154,9.819994,-0.66801476,-0.0076358155,-0.01985312,0.00061086525,355.3683,-95.0425,-3.06738
-0.51714754,9.817256,-0.64473164,-0.015271631,-0.029932396,-0.009773844,355.37247,-95.05544,-3.085256
-0.51714754,9.822061,-0.6591466,-0.0030543262,-0.032070424,-0.006414085,355.37177,-95.07005,-3.0948377
-0.5179302,9.828152,-0.6782029,-0.0030543262,-0.04184427,-0.0125227375,355.37488,-95.07116,-3.0985081
-0.5221035,9.840672,-0.7199359,-0.009468411,-0.038789943,-0.010079277,355.37814,-95.07233,-3.1023972
-0.52583647,9.851871,-0.757265,-0.0030543262,-0.03726278,-0.01740966,355.38272,-95.08019,-3.109812
-0.5231575,9.868802,-0.77327836,-0.010995574,-0.03848451,-0.010079277,355.39276,-95.07914,-3.1126866
-0.51876223,9.886382,-0.7820688,-0.0021380284,-0.03726278,-0.0033597588,355.40146,-95.084656,-3.1176255
-0.51142395,9.878532,-0.7824364,0.004276057,-0.033292156,-0.0125227375,355.40808,-95.09354,-3.1274714
-0.5024575,9.856116,-0.7779532,-0.006414085,-0.03176499,-0.009773844,355.41537,-95.09713,-3.1319318
-0.4930066,9.837476,-0.770734,-0.0076358155,-0.029626964,-0.0015271631,355.4213,-95.10227,-3.136138
-0.48292565,9.822355,-0.760653,-0.005497787,-0.024129177,-0.0012217305,355.4257,-95.1066,-3.1416116
-0.47625938,9.818808,-0.75914866,-0.0076358155,-0.025961773,-0.007330383,355.4323,-95.11045,-3.1434653
-0.47182325,9.823244,-0.7635848,-0.004886922,-0.025961773,-0.004886922,355.43698,-95.11424,-3.1426888
-0.4713212,9.829919,-0.77025986,-0.0012217305,-0.03023783,-0.0076358155,355.44296,-95.11295,-3.143916
-0.47612217,9.83952,-0.7798618,-0.0021380284,-0.01985312,-0.0067195175,355.4448,-95.11029,-3.1431508
-0.48098275,9.844957,-0.7767285,-0.008552114,-0.021685716,-0.0018325958,355.45282,-95.1083,-3.1396494
-0.48579523,9.844957,-0.7574786,-0.006414085,-0.01740966,0.005497787,355.45612,-95.10747,-3.1349723
-0.48344263,9.844957,-0.75030726,-0.0012217305,-0.02443461,-0.0012217305,355.4614,-95.112885,-3.1350045
-0.4720309,9.844957,-0.7579151,-0.0027488936,-0.016493361,-0.0030543262,355.46136,-95.11506,-3.1313071
-0.460909,9.844957,-0.76532966,-0.0036651916,-0.021685716,-0.004581489,355.4665,-95.114136,-3.1321695
-0.47235042,9.849178,-0.75770205,0.002443461,-0.021685716,0.005192355,355.46802,-95.112854,-3.1300488
-0.48859558,9.855069,-0.74681246,0.0030543262,-0.019547688,-0.0015271631,355.47,-95.11334,-3.1331263
-0.49276718,9.867584,-0.74264085,-0.005497787,-0.020463986,-0.0009162979,355.47165,-95.106476,-3.1295328
-0.4974165,9.881533,-0.7379916,-0.00030543262,-0.02443461,0.0027488936,355.4703,-95.10486,-3.133107
-0.5065147,9.8790045,-0.71611214,0.003970624,-0.015577064,-0.005192355,355.46542,-95.1032,-3.1394236
-0.5159789,9.874272,-0.69245183,-0.004886922,-0.020158553,-0.0061086523,355.46573,-95.09801,-3.142921
-0.5213957,9.86944,-0.7022744,-0.0076358155,-0.015882496,-0.004581489,355.4584,-95.10356,-3.1492674
-0.5260625,9.864773,-0.71627474,-0.0076358155,-0.016187929,-0.0036651916,355.45636,-95.10647,-3.1519828
-0.5267244,9.860108,-0.7422763,0.0030543262,-0.01740966,0.00030543262,355.45422,-95.10955,-3.154867
-0.5267244,9.855825,-0.7679721,0.00061086525,-0.022296581,0.003970624,355.45065,-95.112236,-3.1615756
-0.52995455,9.851304,-0.76603097,0.00061086525,-0.015577064,0.005497787,355.44247,-95.12255,-3.169425
-0.5341949,9.847063,-0.75330985,-0.014660766,-0.01863139,-0.0012217305,355.43857,-95.129364,-3.1786065
-0.5363012,9.844957,-0.7469909,0.0018325958,-0.0143553335,-0.0061086523,355.43378,-95.14073,-3.1848042
-0.5363012,9.844957,-0.7469909,-0.0015271631,-0.017715093,-0.0027488936,355.43216,-95.14378,-3.1905541
-0.5331338,9.851292,-0.75966036,-0.0076358155,-0.01038471,-0.0015271631,355.42722,-95.149216,-3.1983814
-0.5284818,9.860597,-0.7782687,-0.004886922,-0.020158553,-0.0033597588,355.42822,-95.15565,-3.2063
-0.5237057,9.864111,-0.79133546,-0.01282817,-0.01160644,0.004276057,355.41727,-95.16389,-3.213128
-0.51900697,9.864111,-0.800733,-0.013133603,-0.014966198,0.00030543262,355.41248,-95.17642,-3.223895
-0.51998454,9.861274,-0.79310375,-0.013133603,-0.009468411,-0.0012217305,355.40372,-95.18865,-3.2289062
-0.52446866,9.85679,-0.7751674,-0.009773844,-0.0125227375,-0.0018325958,355.39844,-95.20168,-3.234813
-0.51992416,9.852267,-0.7480105,-0.011911872,-0.013439035,-0.007330383,355.3949,-95.21475,-3.2378037
-0.50622416,9.8477,-0.7114773,-0.004581489,-0.00030543262,-0.0076358155,355.38834,-95.22942,-3.2392006
-0.49799395,9.843196,-0.6912918,-0.0015271631,-0.004581489,-0.00580322,355.38544,-95.24339,-3.2440913
-0.49799395,9.838385,-0.69610316,-0.0015271631,-0.00580322,-0.0009162979,355.3781,-95.25729,-3.2476556
-0.4910696,9.837111,-0.69564474,-0.00580322,-0.0070249503,-0.00061086525,355.36597,-95.265656,-3.2530787
-0.4727488,9.841692,-0.68648434,0.00030543262,-0.004276057,-0.003970624,355.35327,-95.27579,-3.2578745
-0.46393096,9.840713,-0.68136805,-0.0009162979,-0.004276057,0.006414085,355.3416,-95.2843,-3.2585042
-0.4787902,9.825853,-0.68632114,-0.0036651916,-0.009773844,0.009468411,355.33078,-95.29524,-3.262012
-0.48841715,9.816227,-0.67905205,-0.0009162979,-0.0036651916,0.00580322,355.31482,-95.30148,-3.2609115
-0.48841715,9.816227,-0.6507539,0.005192355,-0.00030543262,0.013133603,355.30167,-95.30518,-3.2559457
-0.48841715,9.816227,-0.62202424,0.0106901415,-0.0033597588,0.020158553,355.29004,-95.31213,-3.254919
-0.48542538,9.828194,-0.62787455,0.014966198,0.006414085,0.01863139,355.2739,-95.320076,-3.2538297
-0.48116088,9.845252,-0.64919704,0.005497787,0.0027488936,0.020463986,355.26285,-95.32403,-3.2501168
-0.49371547,9.858784,-0.66504973,0.006414085,-0.006414085,0.01740966,355.2521,-95.33004,-3.2464104
-0.5259931,9.868007,-0.6742719,0.0125227375,-0.0036651916,0.021991149,355.23932,-95.33323,-3.2398765
-0.55107474,9.878884,-0.68168557,0.01038471,-0.004886922,0.026572637,355.23233,-95.33005,-3.2326345
-0.5652425,9.893052,-0.68640816,0.0125227375,-0.01038471,0.020463986,355.22568,-95.330246,-3.2273176
-0.58036494,9.907023,-0.69643795,0.0070249503,-0.008857546,0.022296581,355.22653,-95.3311,-3.2198045
-0.59913015,9.922035,-0.7189562,0.006414085,-0.011911872,0.01863139,355.22995,-95.335434,-3.2160044
-0.61741155,9.936661,-0.7408939,0.007941248,-0.011911872,0.013744468,355.2338,-95.33742,-3.2147973
-0.6043855,9.937708,-0.7560444,0.010079277,-0.009468411,0.0106901415,355.2377,-95.33968,-3.2142162
-0.57964414,9.933584,-0.7684151,0.0036651916,-0.0070249503,0.0030543262,355.24133,-95.34192,-3.2163844
-0.5528429,9.923023,-0.7716585,-0.0021380284,-0.011301007,0.0061086523,355.25836,-95.34409,-3.2136085
-0.5234558,9.903431,-0.76186275,-0.0021380284,-0.007330383,0.002443461,355.26553,-95.347206,-3.214646
-0.5053937,9.881956,-0.7587448,0.0036651916,-0.010995574,-0.00030543262,355.27283,-95.350365,-3.2157001
-0.5008155,9.859065,-0.76332295,-0.0067195175,-0.0125227375,-0.0015271631,355.28638,-95.34606,-3.210981
-0.49799395,9.837808,-0.75720733,-0.010079277,-0.018020526,-0.01160644,355.29712,-95.343796,-3.2063353
-0.49799395,9.818787,-0.73343194,-0.004886922,-0.004581489,-0.004886922,355.30304,-95.33867,-3.1971645
-0.49799395,9.80665,-0.7155764,-0.0070249503,0.0009162979,-0.002443461,355.31552,-95.33626,-3.1887484
-0.49799395,9.80665,-0.7073844,-0.009162978,-0.003970624,-0.0076358155,355.32693,-95.33529,-3.1809075
-0.4988229,9.807202,-0.6996595,-0.010079277,-0.00580322,-0.0015271631,355.3313,-95.330444,-3.1731803
-0.51026344,9.81483,-0.70728654,-0.012217305,-0.0067195175,-0.008246681,355.3363,-95.328026,-3.1708567
-0.52249354,9.822984,-0.7154399,-0.008246681,-0.00030543262,-0.0021380284,355.34082,-95.32166,-3.1627085
-0.5170823,9.835446,-0.72790265,-0.011911872,-0.0061086523,0.00030543262,355.34875,-95.31502,-3.1579864
-0.5025459,9.849982,-0.742439,-0.0143553335,-0.005497787,-0.0027488936,355.3529,-95.30967,-3.1530292
-0.5012052,9.860956,-0.7502021,-0.006414085,0.0009162979,0.004581489,355.3562,-95.30811,-3.148783
-0.5054086,9.869364,-0.75440556,-0.016187929,0.00030543262,0.004886922,355.36102,-95.30372,-3.1476283
-0.5026897,9.873688,-0.74192464,-0.009773844,-0.0027488936,0.004886922,355.364,-95.29915,-3.1419892
-0.4929853,9.873688,-0.71281135,-0.0027488936,0.00061086525,0.0009162979,355.36514,-95.29336,-3.1374586
-0.48605245,9.876053,-0.7109304,-0.010079277,0.004581489,0.0009162979,355.3693,-95.289085,-3.133294
-0.4814685,9.880637,-0.7338501,-0.013439035,0.00030543262,0.0009162979,355.37347,-95.28477,-3.129091
-0.47653967,9.890167,-0.74929154,-0.011301007,0.0015271631,0.003970624,355.38022,-95.281075,-3.1211612
-0.47175476,9.904521,-0.7540765,0.0009162979,0.004886922,0.0076358155,355.38336,-95.271324,-3.113384
-0.47155827,9.900521,-0.7565677,-0.0015271631,0.0125227375,0.0061086523,355.38943,-95.25574,-3.1023157
-0.4760695,9.877965,-0.7565677,0.0021380284,0.014660766,0.007330383,355.39597,-95.243774,-3.0898895
-0.47884035,9.864111,-0.7507521,-0.011911872,0.017715093,0.007330383,355.39597,-95.22926,-3.0798798
-0.47884035,9.864111,-0.7360569,-0.009773844,0.025350908,0.009468411,355.394,-95.21912,-3.0690675
-0.48095307,9.85566,-0.7278373,-0.0125227375,0.025045475,0.010995574,355.3968,-95.20469,-3.0578134
-0.48579282,9.836301,-0.7278373,-0.008246681,0.027183503,0.0143553335,355.39664,-95.192154,-3.0455477
-0.49257421,9.829961,-0.7195232,-0.018936822,0.02107485,0.01038471,355.38922,-95.18208,-3.041907
-0.5019393,9.839326,-0.70079297,-0.011911872,0.026572637,0.0143553335,355.37814,-95.17539,-3.0348315
-0.51128924,9.846816,-0.68395233,-0.0125227375,0.021685716,0.0036651916,355.37183,-95.17027,-3.034401
-0.520887,9.851615,-0.6695558,-0.009468411,0.023518313,0.0076358155,355.36246,-95.164635,-3.02845
-0.530682,9.856513,-0.6647573,-0.009468411,0.017104227,0.010079277,355.35806,-95.158356,-3.0275257
-0.5395454,9.860945,-0.6736207,-0.01282817,0.020158553,0.013439035,355.35062,-95.151344,-3.0249498
-0.5387422,9.861257,-0.677099,-0.005192355,0.01038471,0.0070249503,355.34253,-95.14937,-3.031787
-0.5156064,9.852002,-0.66784465,-0.010995574,0.014966198,0.0015271631,355.3297,-95.142944,-3.0368185
-0.5019339,9.845942,-0.6578447,-0.0143553335,0.017104227,0.0076358155,355.3219,-95.14062,-3.041752
-0.51843286,9.850067,-0.6454705,-0.011911872,0.006414085,0.0106901415,355.3164,-95.139755,-3.048975
-0.5348988,9.854183,-0.633121,-0.003970624,0.004581489,0.007330383,355.30554,-95.131454,-3.05237
-0.54042107,9.854534,-0.64442885,-0.0027488936,0.004276057,0.0061086523,355.2975,-95.12163,-3.0543344
-0.5446556,9.854534,-0.65713257,0.0036651916,0.0027488936,0.00030543262,355.29068,-95.1139,-3.0634966
-0.5490615,9.854534,-0.67671704,0.00061086525,0.012217305,0.003970624,355.2811,-95.103226,-3.0697775
-0.55360174,9.854534,-0.69941837,-0.004581489,0.008246681,-0.004886922,355.27557,-95.096985,-3.0812597
-0.55805415,9.857133,-0.7060844,-0.0067195175,0.010995574,0.0009162979,355.26755,-95.08544,-3.0876396
-0.56289434,9.861974,-0.7012442,-0.015271631,0.0070249503,0.005192355,355.2625,-95.07348,-3.096816
-0.55987006,9.85895,-0.6991069,-0.0067195175,0.005192355,-0.0033597588,355.25665,-95.068565,-3.1086316
-0.5500256,9.849105,-0.6991069,-0.016187929,0.008857546,0.009468411,355.25098,-95.05358,-3.1127818
-0.54058,9.847606,-0.715001,-0.014049901,0.013133603,0.002443461,355.24954,-95.05271,-3.1215656
-0.5318743,9.851959,-0.7411181,-0.013439035,0.013744468,0.004276057,355.2486,-95.04579,-3.1240406
-0.5288976,9.852361,-0.747875,-0.013439035,0.015271631,0.0030543262,355.24643,-95.04108,-3.1262486
-0.5338218,9.847437,-0.7281781,-0.022296581,0.016187929,0.00580322,355.24442,-95.03365,-3.1267354
-0.53401583,9.844957,-0.71368974,-0.021685716,0.015577064,0.013133603,355.23874,-95.03148,-3.1264935
-0.52925485,9.844957,-0.70416784,-0.008552114,0.022296581,0.011301007,355.23065,-95.031364,-3.1278312
-0.52894884,9.844957,-0.7035558,-0.016798794,0.021685716,0.01282817,355.22607,-95.02342,-3.1266747
-0.53365004,9.844957,-0.71295816,-0.0143553335,0.016798794,0.007330383,355.22073,-95.02245,-3.127949
-0.53415465,9.851397,-0.7161139,-0.017104227,0.015577064,0.008246681,355.21112,-95.01942,-3.1278186
-0.52935034,9.86581,-0.7113097,-0.014966198,0.015882496,0.007330383,355.20248,-95.0193,-3.12972
-0.5183104,9.869481,-0.7170977,-0.014049901,0.018936822,0.0143553335,355.19434,-95.01884,-3.1295724
-0.49948213,9.860066,-0.735926,-0.009468411,0.025045475,0.00580322,355.18503,-95.02255,-3.1339424
-0.48180506,9.859493,-0.74864393,-0.0125227375,0.01740966,0.0070249503,355.17346,-95.02293,-3.1364179
-0.46417746,9.872714,-0.7530508,-0.011911872,0.016493361,0.01038471,355.15833,-95.0261,-3.1401923
-0.4492505,9.885843,-0.7531299,-0.017104227,0.023518313,0.008246681,355.14575,-95.02631,-3.1383808
-0.4442846,9.900741,-0.73326635,-0.017715093,0.028099801,0.010995574,355.1344,-95.02612,-3.1342854
-0.43954226,9.911995,-0.71726966,-0.01985312,0.027794369,0.013133603,355.1165,-95.02036,-3.1311388
-0.43492875,9.911995,-0.71265614,-0.02076942,0.03023783,0.0106901415,355.0966,-95.01515,-3.1282988
-0.42984512,9.90755,-0.7086837,-0.014049901,0.036957346,0.0143553335,355.07315,-95.00607,-3.1239066
-0.4214055,9.873792,-0.7086837,-0.01740966,0.038179077,0.012217305,355.05063,-94.996216,-3.1218038
-0.41305652,9.840396,-0.7086837,-0.016187929,0.044898596,0.0070249503,355.02594,-94.99014,-3.1166077
-0.415858,9.831326,-0.7046284,-0.017715093,0.042455133,0.0021380284,355.00372,-94.98313,-3.1120608
-0.42020437,9.826979,-0.70028204,-0.026267206,0.0580322,0.015882496,354.9749,-94.97249,-3.1031053
-0.41088623,9.832799,-0.68861365,-0.018020526,0.050701816,0.016493361,354.9521,-94.969604,-3.0984116
-0.39693952,9.842096,-0.67466694,-0.021685716,0.06261369,0.020158553,354.91986,-94.95924,-3.0882418
-0.3961179,9.841489,-0.6842518,-0.013744468,0.063224554,0.022907447,354.89737,-94.955605,-3.0760496
-0.4012542,9.836352,-0.70479697,-0.021380283,0.06505715,0.01740966,354.87122,-94.948494,-3.0650558
-0.40928274,9.849495,-0.719269,-0.016187929,0.06352998,0.0067195175,354.83963,-94.94638,-3.0556445
-0.418072,9.867073,-0.7324528,-0.007330383,0.067500606,0.01160644,354.80643,-94.94157,-3.0432453
-0.42998257,9.871537,-0.72450954,-0.011301007,0.076052725,0.0143553335,354.7747,-94.94105,-3.0337253
-0.44677517,9.867339,-0.6993207,-0.0125227375,0.08277224,0.01160644,354.74258,-94.943,-3.0243676
-0.4579404,9.864548,-0.6825728,-0.017715093,0.07666359,0.014660766,354.7083,-94.94732,-3.017469
-0.45968673,9.848221,-0.6640634,-0.022602014,0.079107046,0.019242255,354.67007,-94.95121,-3.010454
-0.45968673,9.830563,-0.6464047,-0.016493361,0.08032878,0.020463986,354.63434,-94.95613,-3.0035498
-0.4876895,9.825804,-0.6241443,-0.0143553335,0.08582657,0.015577064,354.59555,-94.955444,-3.0034752
-0.5243756,9.825804,-0.60121554,-0.016493361,0.08155051,0.0106901415,354.55966,-94.95477,-3.0029418
-0.5363012,9.829055,-0.6067663,-0.015882496,0.086437434,0.00580322,354.5197,-94.95661,-3.0030415
-0.5363012,9.833718,-0.62541884,-0.013133603,0.09437868,0.011911872,354.4807,-94.95714,-3.001082
-0.5425504,9.84163,-0.62582004,-0.021685716,0.08460484,0.013744468,354.45282,-94.95623,-3.00599
-0.55194783,9.8510275,-0.6164226,-0.015577064,0.08307768,0.01282817,354.4208,-94.958466,-3.0092306
-0.5595079,9.86264,-0.6088626,-0.018020526,0.07849618,0.011301007,354.39914,-94.95839,-3.006908
-0.5634345,9.870494,-0.60493594,-0.01038471,0.07269296,0.004886922,354.37842,-94.96278,-3.0061777
-0.5761972,9.876479,-0.60333884,-0.009773844,0.074830994,0.007330383,354.35434,-94.96376,-3.0076773
-0.59270227,9.880606,-0.60333884,-0.013744468,0.057421334,0.011911872,354.33777,-94.965904,-3.0105853
-0.6067325,9.879871,-0.5965515,-0.007330383,0.0580322,0.011301007,354.31622,-94.97141,-3.0140665
-0.6167544,9.869849,-0.5765077,-0.0106901415,0.049480084,0.01038471,354.3026,-94.97287,-3.0166397
-0.6287904,9.862012,-0.5629323,-0.006414085,0.04153884,0.013133603,354.29175,-94.979195,-3.0206404
-0.6433403,9.8571615,-0.55808234,-0.008246681,0.037873644,0.02107485,354.28238,-94.98238,-3.0232615
-0.6533666,9.848103,-0.5511673,-0.0061086523,0.0290161,0.018936822,354.27304,-94.99224,-3.0327244
-0.6581077,9.833879,-0.54168516,-0.0106901415,0.019547688,0.009468411,354.26514,-94.99974,-3.0418165
-0.648729,9.835863,-0.54837185,0.00061086525,0.015271631,0.019242255,354.2644,-95.00963,-3.044962
-0.6194556,9.860257,-0.5776453,-0.0018325958,0.010079277,0.015882496,354.26627,-95.01896,-3.0545309
-0.59991,9.870259,-0.5989053,-0.004581489,0.0076358155,0.011911872,354.27432,-95.0287,-3.058272
