acc_x,acc_y,acc_z,gyro_x,gyro_y,gyro_z,azimuth,pitch,roll
-0.56615525,-9.638038,0.8276797,-0.01863139,0.044898596,-0.0033597588,301.69376,65.20241,8.403354
-0.62774885,-9.642776,0.8087278,-0.0125227375,0.059253927,-0.013744468,301.1169,65.28732,8.527959
-0.66449636,-9.629563,0.7844577,-0.0033597588,0.05681047,-0.004581489,300.53873,65.37457,8.64336
-0.6987391,-9.608162,0.75449526,-0.0009162979,0.06078109,-0.009468411,299.96753,65.460655,8.761336
-0.72507423,-9.594988,0.7344939,-0.0012217305,0.06261369,-0.007941248,299.39832,65.553986,8.864077
-0.76119137,-9.589828,0.7190152,-0.00061086525,0.057726767,-0.0018325958,298.82712,65.64755,8.965927
-0.7838627,-9.583513,0.7058128,-0.0012217305,0.051618114,-0.0061086523,298.247,65.74581,9.065344
-0.7792898,-9.574367,0.6966669,-0.004276057,0.038179077,0.004276057,297.66016,65.848045,9.159354
-0.77345353,-9.572219,0.6936123,-0.010079277,0.031154128,0.006414085,297.0733,65.954666,9.250115
-0.76126224,-9.59904,0.7155565,-0.02107485,0.026572637,0.011911872,296.481,66.06617,9.337205
-0.74912906,-9.625733,0.73739624,-0.044898596,0.01282817,0.018936822,295.88464,66.183784,9.425903
-0.73696923,-9.652485,0.7592839,-0.05375614,-0.007330383,0.008246681,295.2857,66.29995,9.517666
-0.72336084,-9.673695,0.781317,-0.051923547,-0.011911872,0.013133603,294.6839,66.42313,9.6017685
-0.7044182,-9.67843,0.8049953,-0.06505715,-0.020463986,0.017104227,294.07593,66.552055,9.689902
-0.68525606,-9.683221,0.8289479,-0.06352998,-0.019242255,0.014660766,293.47455,66.67419,9.776461
-0.6665708,-9.687892,0.8523046,-0.056505036,-0.030543262,0.011911872,292.86627,66.79952,9.862528
-0.6539531,-9.689454,0.8664841,-0.054061573,-0.026267206,0.018325957,292.26334,66.92932,9.9408
-0.670792,-9.675422,0.8356128,-0.049480084,-0.02443461,0.011911872,291.6577,67.055534,10.022931
-0.6831795,-9.665098,0.8129023,-0.032070424,-0.013133603,0.006414085,291.06277,67.170334,10.104514
-0.6962792,-9.654182,0.7888861,-0.021991149,-0.0036651916,0.01282817,290.46686,67.28735,10.18282
-0.70979357,-9.64218,0.7650346,-0.022907447,0.015882496,0.014049901,289.88086,67.40219,10.259962
-0.71885526,-9.628588,0.7559729,-0.02076942,0.03145956,0.010995574,289.29584,67.51477,10.334307
-0.72858626,-9.615613,0.74749017,-0.029321533,0.0421497,0.018325957,288.70312,67.639854,10.401517
-0.74219537,-9.624686,0.75656295,-0.046120327,0.05222898,0.01160644,288.11612,67.76484,10.470232
-0.75630647,-9.6340065,0.7673201,-0.046731193,0.04337143,0.016798794,287.52582,67.893616,10.530269
-0.75170124,-9.629401,0.7880437,-0.03573562,0.03268129,0.011911872,286.93942,68.02184,10.592378
-0.74679744,-9.624497,0.8101108,-0.046731193,0.012217305,0.01282817,286.3497,68.15852,10.647952
-0.74183565,-9.619535,0.8324387,-0.035430185,0.004886922,0.0125227375,285.76138,68.286575,10.7033
-0.7369998,-9.616771,0.8506787,-0.042455133,0.004886922,0.010079277,285.46396,68.3537,10.731073
-0.73224556,-9.635788,0.8316616,-0.04062254,-0.009468411,0.016798794,285.16196,68.42185,10.759274
-0.7285064,-9.653087,0.8130249,-0.04337143,-0.0070249503,0.010079277,284.5665,68.55264,10.81567
-0.73809034,-9.648294,0.79864895,-0.044898596,-0.009773844,0.0143553335,283.97623,68.68036,10.866683
-0.7463057,-9.644188,0.786326,-0.026267206,0.0009162979,0.010995574,283.38144,68.80424,10.922016
-0.7380949,-9.634949,0.7941941,-0.025045475,0.009468411,0.012217305,282.78497,68.93462,10.973501
-0.72686845,-9.62348,0.80324066,-0.026267206,0.015882496,0.0070249503,282.19232,69.06018,11.025022
-0.71129215,-9.60401,0.7837703,-0.02687807,0.027183503,0.013439035,281.60275,69.19146,11.067623
-0.69227344,-9.580236,0.7599969,-0.030543262,0.031154128,0.015882496,281.0172,69.3201,11.112303
-0.6855971,-9.592539,0.75263476,-0.026267206,0.03634648,0.013439035,280.43576,69.44763,11.153726
-0.68068093,-9.612204,0.7477186,-0.03176499,0.027488936,0.009468411,279.8523,69.57892,11.193993
-0.65897,-9.61931,0.7553842,-0.03359759,0.032986723,0.009773844,279.27087,69.709,11.235287
-0.6348774,-9.624129,0.76502126,-0.04428773,0.015271631,0.016493361,278.68137,69.84325,11.276657
-0.6489264,-9.63312,0.74928737,-0.031154128,0.014049901,0.005192355,278.09787,69.97098,11.319928
-0.66764945,-9.642482,0.73056436,-0.038179077,0.014660766,0.01160644,277.5091,70.11018,11.355818
-0.6744454,-9.651982,0.7156307,-0.036957346,0.0021380284,0.015882496,276.91803,70.23912,11.3980465
-0.6791529,-9.661397,0.70150816,-0.028710667,0.015271631,0.019242255,276.33533,70.36922,11.434575
-0.66168493,-9.665028,0.7133156,-0.026572637,0.017104227,0.01160644,275.74475,70.50666,11.467293
-0.641739,-9.667244,0.7288291,-0.032375857,0.024129177,0.019242255,275.1595,70.64728,11.491532
-0.62022483,-9.669635,0.7455623,-0.032070424,0.019547688,0.015577064,274.57025,70.78573,11.519622
-0.5995726,-9.671929,0.7616252,-0.034513887,0.014966198,0.01160644,273.9842,70.92736,11.543227
-0.5903817,-9.667504,0.76276416,-0.0290161,0.015882496,0.016187929,273.39996,71.06793,11.563497
-0.58576256,-9.660576,0.75814503,-0.036957346,0.027183503,0.010995574,272.8203,71.2096,11.5852
-0.58114433,-9.653648,0.75352687,-0.05009095,0.023823744,0.0012217305,272.24658,71.34201,11.611923
-0.57650304,-9.646687,0.7488855,-0.046120327,0.013439035,0.0015271631,271.67572,71.47318,11.634997
-0.5918617,-9.640969,0.7383642,-0.054061573,0.010079277,0.0036651916,271.10526,71.607445,11.659367
-0.62222826,-9.635908,0.72318095,-0.05497787,0.0070249503,-0.0033597588,270.5347,71.73756,11.684803
-0.64510524,-9.632639,0.716631,-0.044593163,-0.005497787,0.005497787,269.95935,71.869286,11.706764
-0.6647711,-9.63018,0.7141728,-0.05009095,-0.00580322,0.0012217305,269.39032,72.00076,11.731493
-0.6845155,-9.627712,0.71170473,-0.038789943,-0.009773844,-0.00061086525,268.8182,72.13221,11.749452
-0.70400864,-9.625276,0.7092681,-0.043066,-0.0012217305,0.0018325958,268.2519,72.26803,11.764505
-0.6979165,-9.639048,0.7194509,-0.038179077,0.005497787,0.009773844,267.68677,72.40012,11.776792
-0.6837194,-9.657976,0.733648,-0.047647487,0.015271631,0.009468411,267.12772,72.53482,11.787945
-0.6621219,-9.670131,0.7481129,-0.04550946,0.0143553335,0.010995574,266.5699,72.6739,11.786785
-0.63777703,-9.679869,0.7627198,-0.050701816,0.015882496,0.012217305,266.01807,72.81603,11.7833
-0.6175604,-9.660389,0.7806534,-0.0571159,0.019547688,0.01282817,265.4718,72.95516,11.779201
-0.5985452,-9.6318655,0.79966855,-0.05467244,0.014049901,0.005497787,264.92627,73.09179,11.775784
-0.5972852,-9.629975,0.7974054,-0.050701816,0.0067195175,0.0021380284,264.38684,73.22536,11.772804
-0.6020035,-9.6370535,0.7879688,-0.059253927,0.009468411,0.002443461,263.85153,73.35983,11.768864
-0.6067577,-9.644184,0.77846044,-0.058948494,0.013744468,0.0012217305,263.3309,73.48346,11.768759
-0.61144763,-9.651219,0.76908046,-0.044898596,0.015271631,-0.00030543262,262.8127,73.60569,11.766964
-0.6209802,-9.655034,0.7661445,-0.037873644,0.017715093,0.004276057,262.29398,73.72966,11.762359
-0.6328465,-9.657407,0.7661445,-0.036957346,0.015577064,0.002443461,261.7774,73.85009,11.758499
-0.644694,-9.659777,0.7661445,-0.034208454,0.016798794,0.0106901415,261.25836,73.975945,11.7472105
-0.6563098,-9.6621,0.7661445,-0.03023783,0.02687807,0.0030543262,260.74496,74.097244,11.738992
-0.6492158,-9.65431,0.7632485,-0.026267206,0.02443461,0.0070249503,260.2257,74.2219,11.724314
-0.6300394,-9.639928,0.75845444,-0.027794369,0.018325957,0.009773844,259.71167,74.34458,11.710274
-0.6095884,-9.638569,0.7565677,-0.030848695,0.013439035,0.005192355,259.2024,74.47094,11.688928
-0.58829886,-9.645666,0.7565677,-0.03145956,0.0012217305,0.0076358155,258.6917,74.59874,11.66424
-0.56682503,-9.652823,0.7565677,-0.032986723,0.0012217305,0.0143553335,258.43713,74.66082,11.654362
-0.5454069,-9.659963,0.7565677,-0.03573562,-0.009162978,0.007941248,258.1832,74.72274,11.644509
-0.53360724,-9.65761,0.75926167,-0.038789943,-0.008552114,0.008246681,257.67728,74.846664,11.62278
-0.5288837,-9.648164,0.7639852,-0.04184427,-0.007941248,0.008246681,257.1715,74.97087,11.600174
-0.53948367,-9.641294,0.7712482,-0.06169739,-0.01740966,-0.0036651916,256.67255,75.08782,11.589967
-0.5658949,-9.636011,0.7818127,-0.04520403,-0.016798794,0.005497787,256.1787,75.20296,11.571805
-0.57936555,-9.640215,0.7841089,-0.04734206,-0.021991149,0.002443461,255.6865,75.31721,11.560603
-0.58875406,-9.65195,0.78176177,-0.050701816,-0.029932396,0.008857546,255.1959,75.432396,11.542728
-0.59789264,-9.663373,0.7794771,-0.04886922,-0.027794369,0.008857546,254.71164,75.548004,11.51957
-0.6071293,-9.674919,0.777168,-0.04337143,-0.01985312,0.0030543262,254.22986,75.66312,11.49503
-0.60932755,-9.683946,0.77033925,-0.042760566,-0.018325957,0.009162978,253.75278,75.78039,11.466683
-0.599784,-9.688718,0.7560239,-0.042760566,-0.01740966,0.005192355,253.28152,75.89258,11.441287
-0.5918832,-9.697366,0.75450623,-0.055283304,-0.013133603,0.0030543262,252.8115,76.012695,11.40806
-0.58704937,-9.711866,0.77384156,-0.045814894,-0.010995574,0.0070249503,252.34412,76.12898,11.373214
-0.5880253,-9.714699,0.7833781,-0.04917465,-0.019242255,0.00030543262,251.87288,76.24611,11.342749
-0.5974305,-9.700591,0.77867556,-0.04795292,-0.019547688,-0.00030543262,251.40741,76.36254,11.307945
-0.6016566,-9.690046,0.7706747,-0.046731193,-0.017715093,-0.00030543262,250.94806,76.475174,11.274024
-0.5968344,-9.685225,0.756208,-0.04337143,-0.017715093,-0.0027488936,250.49144,76.58583,11.240004
-0.60762614,-9.679071,0.74391,-0.043066,-0.014966198,0.004581489,250.0333,76.6994,11.201575
-0.65136844,-9.669351,0.7341895,-0.03726278,-0.008552114,0.002443461,249.57999,76.80806,11.165387
-0.6879627,-9.6584215,0.7232605,-0.032986723,-0.0027488936,-0.0036651916,249.13191,76.91696,11.129135
-0.7225101,-9.6386795,0.7035191,-0.029321533,-0.004276057,0.00061086525,248.68655,77.02636,11.089628
-0.75526994,-9.622326,0.6907128,-0.028405234,-0.004886922,0.0030543262,248.24306,77.14089,11.043481
-0.78544235,-9.613705,0.6950232,-0.03359759,-0.012217305,0.008857546,247.80019,77.25685,10.994694
-0.81281674,-9.605941,0.70031875,-0.032375857,-0.018020526,0.014049901,247.35542,77.378265,10.939199
-0.79762954,-9.611004,0.71550596,-0.044593163,-0.01740966,0.016798794,246.91362,77.502205,10.882168
-0.777529,-9.619227,0.73149335,-0.04520403,-0.01740966,0.025350908,246.47055,77.630806,10.816072
-0.73947936,-9.639371,0.7493991,-0.054061573,-0.023823744,0.013439035,246.02963,77.75673,10.754718
-0.703125,-9.658617,0.766507,-0.065973446,-0.032070424,0.016798794,245.59479,77.884346,10.6885605
-0.666955,-9.677766,0.7835282,-0.06719518,-0.043982297,0.015882496,245.16077,78.0066,10.626783
-0.629952,-9.697356,0.80094135,-0.06291912,-0.038789943,0.013133603,244.73257,78.12903,10.563805
-0.65359443,-9.69353,0.78890073,-0.06261369,-0.022296581,0.010995574,244.3075,78.25097,10.500442
-0.69200677,-9.683927,0.76969457,-0.061086524,-0.014966198,0.014049901,243.8845,78.37176,10.436008
-0.71611,-9.665149,0.76189375,-0.059253927,-0.0009162979,0.008552114,243.47781,78.472946,10.386415
-0.7336293,-9.64763,0.7575139,-0.051618114,0.011301007,0.0067195175,243.07593,78.5741,10.334221
-0.7335911,-9.640022,0.7489217,-0.04886922,0.023823744,0.0076358155,242.67542,78.68245,10.274981
-0.7289316,-9.635363,0.7396027,-0.035430185,0.02107485,0.0021380284,242.27756,78.785515,10.217789
-0.7297018,-9.621217,0.7336851,-0.03145956,0.036651913,0.008246681,241.88641,78.89338,10.155094
-0.73196954,-9.605342,0.72914964,-0.032986723,0.037873644,0.005497787,241.49393,78.9957,10.096525
-0.7343408,-9.588743,0.72440714,-0.024740042,0.033292156,0.010079277,241.10541,79.098755,10.034813
-0.73668814,-9.572311,0.7197124,-0.0290161,0.030543262,0.01160644,240.72119,79.20097,9.974377
-0.7405086,-9.561041,0.72754395,-0.036957346,0.030848695,0.01740966,240.33963,79.304115,9.911179
-0.74501723,-9.552024,0.7410699,-0.045814894,0.03390302,0.01985312,239.96136,79.40638,9.84828
-0.7498391,-9.550925,0.7327498,-0.049480084,0.032070424,0.015271631,239.58115,79.50933,9.784062
-0.75487626,-9.555962,0.7075641,-0.05222898,0.027183503,0.016187929,239.20413,79.61418,9.71739
-0.74505204,-9.566866,0.7129257,-0.06536258,0.025350908,0.013744468,238.83775,79.71853,9.649743
-0.72751266,-9.580897,0.73397297,-0.05467244,0.025045475,0.019547688,238.47353,79.82224,9.579448
-0.70739806,-9.596512,0.757486,-0.0693332,0.02565634,0.014049901,238.104,79.926765,9.513145
-0.67902493,-9.608672,0.7777525,-0.05589417,0.018020526,0.01740966,237.73515,80.030426,9.442685
-0.6482397,-9.621865,0.799742,-0.053450707,0.024740042,0.017104227,237.37843,80.12676,9.378759
-0.6224249,-9.63238,0.8121402,-0.04520403,0.025961773,0.020158553,237.02112,80.2222,9.313001
-0.5996409,-9.641494,0.82125384,-0.03634648,0.019242255,0.0061086523,236.66702,80.31165,9.252139
-0.5794302,-9.647428,0.80210763,-0.04550946,0.014966198,0.007330383,236.3242,80.39831,9.192144
-0.560809,-9.652082,0.7741758,-0.027183503,0.023518313,0.0036651916,235.9866,80.47606,9.137319
-0.5486267,-9.646593,0.7490742,-0.02443461,0.026572637,0.0061086523,235.65274,80.552055,9.084894
-0.5392704,-9.637238,0.72568357,-0.022296581,0.038179077,0.011911872,235.32698,80.62598,9.0321455
-0.52972895,-9.644126,0.7182605,-0.021685716,0.045814894,0.0061086523,235.0024,80.69378,8.986591
-0.5200204,-9.6586895,0.7182605,-0.01740966,0.03940081,0.008857546,234.67995,80.76446,8.936767
-0.51072615,-9.67263,0.7182605,-0.014966198,0.043982297,0.008246681,234.3547,80.83164,8.890713
-0.5011436,-9.687004,0.7182605,-0.016798794,0.048563786,0.009468411,234.03079,80.89943,8.843169
-0.49469963,-9.698318,0.7149662,-0.02076942,0.04795292,0.0012217305,233.71005,80.96373,8.798284
-0.4900106,-9.707695,0.71027714,-0.032986723,0.046120327,0.007941248,233.39331,81.0325,8.74852
-0.48231623,-9.713933,0.70715845,-0.04795292,0.035124753,0.0015271631,233.079,81.09144,8.708472
-0.47279888,-9.718691,0.70477915,-0.057421334,0.027488936,0.00061086525,232.76813,81.15347,8.664633
-0.46370694,-9.723237,0.7025061,-0.055283304,0.028405234,-0.0106901415,232.46301,81.20959,8.626225
-0.45443296,-9.727875,0.7001877,-0.05100725,0.015577064,-0.010079277,232.1547,81.26844,8.584516
-0.45405942,-9.72477,0.6938409,-0.040927973,0.007330383,-0.01160644,231.85117,81.322426,8.546218
-0.46162584,-9.714682,0.68375236,-0.05009095,0.0125227375,-0.01282817,231.55089,81.37672,8.507292
-0.46892354,-9.704951,0.67402214,-0.05375614,0.019242255,-0.022602014,231.25635,81.42344,8.474381
-0.47633404,-9.69507,0.6641414,-0.048563786,0.025961773,-0.019242255,230.96625,81.47293,8.437641
-0.48254246,-9.688026,0.6422892,-0.04795292,0.038789943,-0.021380283,230.68289,81.51786,8.404788
-0.48666328,-9.683906,0.62168497,-0.05100725,0.046120327,-0.021991149,230.40276,81.5635,8.370181
-0.49135292,-9.671877,0.608512,-0.052534413,0.052839845,-0.027488936,230.1299,81.60781,8.336475
-0.4960682,-9.655374,0.60143906,-0.053145275,0.06078109,-0.034513887,229.86229,81.65089,8.303026
-0.5007958,-9.638826,0.59434766,-0.055283304,0.06414085,-0.027488936,229.59303,81.69721,8.265883
-0.5054988,-9.622366,0.5872931,-0.061086524,0.052839845,-0.0290161,229.32466,81.738464,8.232867
-0.504854,-9.628697,0.5787518,-0.07147124,0.043676864,-0.03756821,229.06064,81.77905,8.199532
-0.49975953,-9.65417,0.56856275,-0.06658431,0.037873644,-0.03481932,228.79703,81.82147,8.163106
-0.48471445,-9.66831,0.5862788,-0.06811147,0.021991149,-0.029321533,228.52779,81.86317,8.126801
-0.46118245,-9.677723,0.62393,-0.07086037,0.0125227375,-0.029626964,228.26152,81.90311,8.091021
-0.45766118,-9.677117,0.6542314,-0.09010262,-0.0027488936,-0.034208454,227.9898,81.938515,8.058942
-0.47210127,-9.667491,0.67829823,-0.09407325,-0.02107485,-0.031154128,227.71724,81.97503,8.024327
-0.48380288,-9.66548,0.6969739,-0.09040806,-0.029321533,-0.030848695,227.45505,82.003815,7.9961843
-0.4932253,-9.670191,0.71110755,-0.09162979,-0.020158553,-0.025350908,227.19527,97.96566,7.9651713
-0.50394773,-9.660667,0.72570276,-0.098043874,-0.026572637,-0.026267206,226.93652,97.93502,7.933005
-0.51215416,-9.644255,0.7359607,-0.093462385,-0.023518313,-0.026267206,226.6857,97.9031,7.898661
-0.5216139,-9.625336,0.7477854,-0.09468412,-0.013744468,-0.03176499,226.43907,97.871574,7.8637857
-0.53140163,-9.60576,0.7600201,-0.09865474,-0.003970624,-0.02076942,226.19582,97.83593,7.8239217
-0.5470478,-9.59811,0.78763765,-0.10415252,0.013439035,-0.019547688,225.95995,97.80527,7.7881947
-0.5707948,-9.6028595,0.83513176,-0.099571034,0.015882496,-0.015577064,225.72499,97.7712,7.748338
-0.59436226,-9.599431,0.8720897,-0.10415252,0.01863139,-0.019547688,225.50526,97.73659,7.7072806
-0.61782044,-9.585356,0.89554787,-0.09682214,0.022296581,-0.018936822,225.28862,97.69979,7.6637683
-0.6374617,-9.573212,0.9026067,-0.083383106,0.025961773,-0.014966198,225.08052,97.65807,7.6157436
-0.65181696,-9.563642,0.88346636,-0.067500606,0.016493361,-0.013133603,224.87154,97.61706,7.568246
-0.66588175,-9.564429,0.85116124,-0.04886922,0.018020526,-0.005497787,224.66864,97.568726,7.5140905
-0.6800888,-9.583372,0.79433286,-0.021685716,0.022602014,0.0015271631,224.46571,97.51975,7.4598336
-0.68646336,-9.599028,0.7366337,-0.0027488936,0.03268129,0.007941248,224.26213,97.466545,7.4009213
-0.67681766,-9.608673,0.6739367,0.018020526,0.048258353,0.007941248,224.06328,97.41273,7.342341
-0.6650836,-9.622171,0.62501204,0.019547688,0.058643065,0.0021380284,223.8542,97.35681,7.279698
-0.65206397,-9.63953,0.6076526,0.016187929,0.07147124,0.007330383,223.65234,97.298,7.2145987
-0.6368759,-9.661769,0.59495455,0.016493361,0.06841691,0.002443461,223.44112,97.24755,7.155842
-0.6197183,-9.691794,0.59924394,0.0036651916,0.07238753,-0.011911872,223.23769,97.199974,7.0989456
-0.60238254,-9.720077,0.60314757,-0.015271631,0.042760566,-0.009468411,223.02289,97.15249,7.040648
-0.59085494,-9.715466,0.60084206,-0.019547688,0.03145956,-0.013133603,222.81653,97.111496,6.9886975
-0.5787008,-9.710604,0.59841126,-0.036651913,0.005497787,-0.016493361,222.60188,97.07533,6.9394135
-0.5672957,-9.706041,0.5961302,-0.028405234,-0.009162978,-0.014049901,222.38945,97.03813,6.8897448
-0.5548812,-9.700158,0.594718,-0.02687807,-0.02687807,-0.0030543262,222.16855,97.00123,6.838297
-0.54090804,-9.672212,0.61800665,-0.027794369,-0.06047566,-0.008552114,221.94104,96.96862,6.7908077
-0.5253546,-9.643502,0.6409611,-0.0125227375,-0.06566802,0.0027488936,221.7163,96.933464,6.741276
-0.50893164,-9.639397,0.6327497,-0.024129177,-0.07513642,0.0067195175,221.48306,96.904274,6.695139
-0.49097168,-9.634907,0.6237697,-0.009162978,-0.09560041,0.013439035,221.25479,96.87171,6.64921
-0.49274316,-9.625616,0.64844865,-0.014966198,-0.0888809,0.01160644,221.03392,96.84318,6.6048045
-0.4985062,-9.614261,0.6804655,-0.019547688,-0.07574729,0.01863139,220.81152,96.809654,6.5559278
-0.51069176,-9.593951,0.6926511,-0.029932396,-0.058948494,0.025961773,220.59508,96.782295,6.511754
-0.5237935,-9.572115,0.70575285,-0.043676864,-0.047036625,0.02076942,220.39148,96.75326,6.467119
-0.51364267,-9.569098,0.7068149,-0.043982297,-0.036651913,0.022907447,220.1945,96.72048,6.41866
-0.49694654,-9.571484,0.70442975,-0.042760566,-0.01160644,0.016798794,220.00706,96.69293,6.3745227
-0.4801538,-9.573883,0.7020308,-0.04062254,-0.0021380284,0.015882496,219.81847,96.66069,6.3260055
-0.46379748,-9.57622,0.69969416,-0.007330383,0.01863139,0.02076942,219.6422,96.62611,6.278209
-0.4563293,-9.5969515,0.6856772,0.0067195175,0.04062254,0.025045475,219.47081,96.59394,6.2312384
-0.45191562,-9.623434,0.6680224,0.020463986,0.048258353,0.028710667,219.30304,96.55807,6.1834536
-0.44124344,-9.643134,0.6371557,0.029932396,0.061086524,0.022296581,219.14893,96.530205,6.1451845
-0.4262245,-9.658154,0.59710526,0.041233405,0.065973446,0.01282817,218.99634,96.50105,6.1070495
-0.41179702,-9.669387,0.56502026,0.045814894,0.06383542,0.009162978,218.84088,96.47339,6.0694547
-0.39753398,-9.678895,0.5364942,0.051923547,0.061086524,0.014660766,218.68831,96.44485,6.0322294
-0.39543697,-9.693303,0.51557285,0.047036625,0.043066,0.010995574,218.52795,96.42567,6.0011115
-0.3997396,-9.710514,0.49836236,0.03359759,0.019242255,0.0036651916,218.36693,96.40655,5.969555
-0.4121139,-9.71947,0.50720435,0.023823744,0.00030543262,0.0067195175,218.20123,96.39053,5.9386864
-0.4357069,-9.717111,0.5520311,0.009162978,-0.022907447,-0.00030543262,218.02924,96.38122,5.912458
-0.45795494,-9.714886,0.59430236,-0.025961773,-0.04795292,-0.004581489,217.85301,96.37337,5.8823256
-0.48201174,-9.712481,0.6400103,-0.04520403,-0.07086037,-0.0143553335,217.67274,96.36891,5.855466
-0.508132,-9.70953,0.6805145,-0.06627888,-0.083383106,-0.009162978,217.4866,96.36627,5.8254905
-0.5444677,-9.704686,0.7168503,-0.086437434,-0.08399397,-0.0106901415,217.29942,96.3702,5.799847
-0.58001196,-9.699946,0.7523945,-0.08857546,-0.09315695,-0.01740966,217.11215,96.35838,5.764272
-0.616506,-9.695081,0.7888886,-0.1001819,-0.09162979,-0.01160644,216.93007,96.34755,5.725674
-0.6559861,-9.680974,0.82299113,-0.10170906,-0.07971791,-0.0106901415,216.7503,96.33903,5.690392
-0.68588626,-9.658548,0.8416787,-0.08368854,-0.067500606,-0.01160644,216.57324,96.32872,5.654007
-0.7204731,-9.632424,0.8589624,-0.07452556,-0.03848451,-0.0018325958,216.40831,96.298485,5.6005235
-0.7503528,-9.607525,0.8191229,-0.074830994,-0.0143553335,-0.0012217305,216.2471,96.27032,5.5503936
-0.77656555,-9.582163,0.7895189,-0.06414085,0.011301007,0.0033597588,216.09991,96.22619,5.4883738
-0.7813897,-9.558043,0.81363994,-0.040317107,0.030543262,0.004276057,215.95927,96.18191,5.428147
-0.7804694,-9.54011,0.83801097,-0.024740042,0.06047566,0.014966198,215.82243,96.13303,5.358633
-0.75134504,-9.549817,0.86713535,0.004581489,0.076358154,0.025961773,215.68852,96.07966,5.2896643
-0.72416896,-9.561321,0.88575196,0.015271631,0.08307768,0.03268129,215.56975,96.02138,5.218261
-0.69515216,-9.590339,0.8470628,0.0070249503,0.09743301,0.025961773,215.45886,95.96354,5.1489816
-0.6652337,-9.6164,0.8104929,0.0067195175,0.099265605,0.0290161,215.35127,95.90229,5.0823765
-0.62913257,-9.625425,0.7856734,0.013744468,0.11026118,0.0290161,215.25127,95.84466,5.0198503
-0.5921779,-9.634664,0.7602671,0.010995574,0.08735373,0.03176499,215.14432,95.79629,4.96135
-0.556764,-9.643517,0.73592,0.010079277,0.08277224,0.033292156,215.04674,95.7479,4.9044876
-0.5166232,-9.653945,0.7089459,0.008857546,0.059864793,0.03359759,214.93362,95.70244,4.848655
-0.50770915,-9.66286,0.7134029,0.019242255,0.04917465,0.037873644,214.8239,95.654915,4.7921352
-0.49622405,-9.670805,0.7161366,0.01282817,0.023518313,0.03604105,214.70665,95.630264,4.7530136
-0.4737287,-9.64831,0.68914217,0.0012217305,0.014049901,0.040011674,214.59242,95.602936,4.711547
-0.45262983,-9.622365,0.6617689,-0.0021380284,0.015577064,0.025961773,214.47882,95.58097,4.6775393
-0.51108676,-9.568404,0.6842523,-0.010995574,-0.0067195175,0.022296581,214.35721,95.558685,4.639324
-0.57645833,-9.509214,0.70997864,-0.014660766,0.005497787,0.0067195175,214.24635,95.54987,4.614478
-0.6190979,-9.496423,0.7398263,-0.041233405,-0.0021380284,-0.015577064,214.12468,95.54874,4.5921044
-0.66519123,-9.4825945,0.7720917,-0.046120327,0.009773844,-0.044593163,214.01227,95.53849,4.5644803
-0.6664397,-9.496786,0.799342,-0.05589417,0.02076942,-0.04734206,213.89879,95.53261,4.53575
-0.66195387,-9.5147295,0.8262572,-0.06505715,0.015882496,-0.044898596,213.7851,95.533104,4.5137706
-0.666161,-9.5872555,0.8635629,-0.07422013,0.03145956,-0.059253927,213.67964,95.528625,4.48814
-0.6731234,-9.675447,0.9030168,-0.08002335,0.043066,-0.05467244,213.57315,95.52039,4.45644
-0.6802572,-9.765808,0.94344145,-0.0852157,0.059253927,-0.044593163,213.47728,95.51334,4.4289975
-0.6878893,-9.862481,0.98669,-0.094989546,0.071776666,-0.03940081,213.38469,95.508316,4.4019156
-0.6860096,-9.91847,1.0241522,-0.09896017,0.0870483,-0.035124753,213.29993,95.50043,4.3721786
-0.68096864,-9.96888,1.0644798,-0.10598512,0.10934488,-0.02687807,213.22179,95.492935,4.340406
-0.6761477,-9.960005,1.0649912,-0.10934488,0.111177474,-0.0076358155,213.14948,95.4695,4.3009305
-0.67146474,-9.93659,1.0556253,-0.10567969,0.1151481,0.0015271631,213.08476,95.44706,4.262919
-0.64971846,-9.88639,1.0672208,-0.079107046,0.11575896,0.025350908,213.02345,95.411766,4.2179847
-0.623116,-9.828751,1.0849558,-0.04337143,0.09468412,0.04153884,212.95758,95.374535,4.1729665
-0.5863406,-9.776753,1.0884341,-0.01863139,0.07422013,0.0571159,212.88934,95.33157,4.122885
-0.544784,-9.730002,1.0832396,-0.00030543262,0.056199603,0.0711658,212.81659,95.28108,4.0691385
-0.52490777,-9.678683,1.0366055,0.0030543262,0.040011674,0.0720821,212.74533,95.23219,4.0224476
-0.51056963,-9.62611,0.979253,0.005497787,0.032070424,0.07513642,212.67212,95.17768,3.9717903
-0.49015838,-9.587255,0.92895025,-0.0015271631,0.016187929,0.06536258,212.59698,95.13472,3.9335647
-0.46785653,-9.551572,0.8798862,0.0009162979,-0.006414085,0.062308256,212.51843,95.08838,3.8929482
-0.45455432,-9.520536,0.8336844,-0.0021380284,-0.01985312,0.052839845,212.43411,95.057915,3.8600237
-0.44612753,-9.491042,0.787337,-0.0015271631,-0.018020526,0.05100725,212.34862,95.02591,3.8260915
-0.43018258,-9.47385,0.76054865,-0.017715093,-0.021380283,0.04520403,212.25641,95.010895,3.800617
-0.3975216,-9.481388,0.7731106,-0.026572637,-0.03023783,0.04184427,212.16412,94.99465,3.7751598
-0.36495146,-9.488904,0.78563756,-0.04734206,-0.03268129,0.042455133,212.06825,94.99339,3.7526383
-0.33260846,-9.496368,0.7980772,-0.053450707,-0.038789943,0.034513887,211.96973,94.99372,3.7334027
-0.3207197,-9.518933,0.7950816,-0.050396383,-0.028710667,0.031154128,211.88203,94.99453,3.7125387
-0.33046436,-9.557912,0.77559227,-0.044898596,-0.031154128,0.025350908,211.78986,94.99826,3.6943946
-0.34491146,-9.591392,0.7612829,-0.052839845,-0.040011674,0.02565634,211.71033,95.01168,3.6907134
-0.36403084,-9.620071,0.75172323,-0.030543262,-0.028405234,0.019547688,211.63666,95.020454,3.690593
-0.39597762,-9.627169,0.73752475,-0.013439035,-0.022907447,0.008857546,211.55605,95.03299,3.6884768
-0.4412126,-9.612884,0.71847844,-0.005497787,-0.015882496,-0.0009162979,211.48001,95.04369,3.6878278
-0.48602355,-9.598733,0.6996107,0.00061086525,-0.011301007,0.013133603,211.40234,95.04649,3.6785908
-0.53135777,-9.584416,0.6805226,0.01282817,-0.0076358155,0.007330383,211.3268,95.05245,3.6776855
-0.57301795,-9.56583,0.65500873,0.013744468,0.01038471,0.004886922,211.25784,95.0556,3.6719825
-0.61099195,-9.542096,0.62178147,0.020158553,0.017104227,0.010079277,211.18753,95.05475,3.6654594
-0.64220726,-9.5268955,0.58711797,0.022602014,0.014660766,0.017104227,211.10538,95.047874,3.6395674
-0.66613513,-9.52211,0.54883343,0.020158553,0.009773844,0.021685716,211.02536,95.0403,3.6131766
-0.6638135,-9.546246,0.5482442,0.016798794,0.01160644,0.036957346,210.93939,95.02826,3.5733848
-0.6229675,-9.614323,0.6027054,0.0061086523,0.0021380284,0.043066,210.84966,95.01964,3.5350473
-0.5834518,-9.666864,0.64551234,-0.006414085,-0.013744468,0.046120327,210.75642,95.013374,3.4885106
-0.543612,-9.681805,0.6604523,-0.015882496,-0.021991149,0.05222898,210.66379,95.0076,3.4399154
-0.5011469,-9.694396,0.67304325,-0.039095376,-0.04886922,0.054061573,210.57239,95.0035,3.400292
-0.44501668,-9.703751,0.6823983,-0.043676864,-0.06963864,0.051923547,210.48132,94.99752,3.360492
-0.40052912,-9.707488,0.6861366,-0.0421497,-0.09315695,0.0580322,210.3893,94.99647,3.326204
-0.39337048,-9.6931715,0.67181927,-0.04062254,-0.102319926,0.055588737,210.29623,94.998634,3.2951365
-0.386279,-9.678988,0.6576363,-0.01985312,-0.11881329,0.046120327,210.20578,95.002884,3.2768164
-0.37912604,-9.664682,0.6433304,-0.016493361,-0.124005646,0.043066,210.11699,95.0097,3.2574484
-0.3684553,-9.651405,0.63005316,-0.010079277,-0.129198,0.04520403,210.0267,95.012276,3.2390387
-0.34434304,-9.641761,0.6204083,-0.0125227375,-0.11942416,0.045814894,209.94014,95.0168,3.2221134
-0.32666245,-9.6395235,0.6223747,-0.020463986,-0.112704635,0.04153884,209.85138,95.027756,3.2087421
-0.3318524,-9.665473,0.66908425,-0.027488936,-0.105374254,0.043982297,209.76675,95.03748,3.1933997
-0.3362852,-9.687636,0.7089795,-0.045814894,-0.101098195,0.04153884,209.68619,95.05735,3.185849
-0.34101376,-9.71128,0.75153667,-0.056505036,-0.09590584,0.030848695,209.60883,95.07772,3.1799388
-0.34671822,-9.736872,0.78725135,-0.060170226,-0.093462385,0.03023783,209.53285,95.10186,3.1732717
-0.35562038,-9.768029,0.7961535,-0.07544186,-0.099265605,0.021991149,209.45651,95.13364,3.1714807
-0.36888787,-9.796388,0.80222416,-0.07422013,-0.092240654,0.014660766,209.39217,95.147514,3.1684778
-0.43407625,-9.787396,0.7730018,-0.08307768,-0.087659165,0.008857546,209.32608,95.167885,3.1669977
-0.51081157,-9.776812,0.73860323,-0.07880162,-0.08246681,0.0021380284,209.25946,95.18243,3.165296
-0.56488454,-9.769354,0.7143636,-0.07452556,-0.06780604,-0.006414085,209.19746,95.19991,3.1658301
-0.630086,-9.760361,0.68513536,-0.055283304,-0.05131268,-0.0106901415,209.13817,95.21305,3.166953
-0.72786635,-9.707818,0.63684314,-0.04062254,-0.011911872,-0.019242255,209.09006,95.22807,3.1722302
-0.82934093,-9.647856,0.5861058,-0.03023783,0.0067195175,-0.019242255,209.04144,95.23864,3.1759186
-0.90377903,-9.608546,0.5709339,-0.0070249503,0.034208454,-0.013439035,208.97734,95.23475,3.1492605
-0.9695434,-9.575664,0.56623644,-0.01038471,0.062308256,-0.015271631,208.91933,95.236015,3.1254609
-0.99698496,-9.5460825,0.57208085,-0.008246681,0.07696902,-0.016493361,208.84741,95.226585,3.0771036
-1.0109742,-9.518104,0.581407,-0.012217305,0.08460484,-0.0021380284,208.78252,95.217735,3.025968
-1.0117993,-9.493058,0.6109222,-0.0009162979,0.0888809,0.002443461,208.71051,95.200134,2.963958
-1.0070795,-9.469459,0.64868134,-0.0070249503,0.07360926,0.008552114,208.63611,95.18611,2.8981676
-0.9736515,-9.4555025,0.673565,-0.009468411,0.04886922,0.017715093,208.5583,95.16562,2.8282163
-0.9261422,-9.446001,0.69256866,-0.010995574,0.04795292,0.021685716,208.48369,95.147545,2.7592533
-0.8621925,-9.470373,0.70524937,-0.00030543262,0.041233405,0.03145956,208.40288,95.11989,2.6878798
-0.7835008,-9.516065,0.71540314,-0.0143553335,0.03145956,0.035124753,208.32162,95.10033,2.6180823
-0.7186306,-9.553731,0.7237735,-0.014049901,0.02687807,0.042760566,208.24515,95.07542,2.5563698
-0.6460786,-9.595859,0.73313504,-0.013744468,0.018936822,0.040317107,208.16553,95.05597,2.4970872
-0.5827171,-9.648058,0.7346688,-0.008246681,0.010079277,0.042455133,208.08858,95.03533,2.4353888
-0.5262699,-9.709637,0.72953725,-0.004581489,0.008552114,0.042455133,208.01208,95.01676,2.3758721
-0.4857028,-9.767524,0.74033326,-0.015577064,0.005192355,0.048563786,207.95474,95.008995,2.3471928
-0.4529271,-9.82371,0.75906223,-0.02107485,0.0030543262,0.045814894,207.89772,95.00038,2.321354
-0.43758354,-9.856755,0.7602454,-0.035124753,0.00061086525,0.04520403,207.84686,95.00069,2.3047428
-0.43281752,-9.87582,0.75071335,-0.034208454,-0.009162978,0.040317107,207.79375,94.99961,2.290076
-0.4251376,-9.8658085,0.7499002,-0.036651913,-0.00580322,0.034208454,207.74672,95.00241,2.2839334
-0.4157763,-9.837725,0.75458086,-0.04062254,-0.00580322,0.029321533,207.69649,95.00583,2.2785008
-0.40645766,-9.8070965,0.76993024,-0.04520403,-0.0033597588,0.022296581,207.64806,95.0129,2.2763133
-0.397214,-9.774743,0.79303944,-0.059253927,-0.0143553335,0.018936822,207.59636,95.02344,2.274052
-0.38781476,-9.741846,0.8213719,-0.06688975,-0.017104227,0.021380283,207.55002,95.03369,2.2744868
-0.3776537,-9.706283,0.8569356,-0.070554934,-0.026267206,0.016187929,207.49905,95.04765,2.2774389
-0.36353096,-9.679274,0.8889273,-0.06688975,-0.035430185,0.013744468,207.45374,95.057335,2.2809317
-0.34482843,-9.655895,0.9216567,-0.07788532,-0.042760566,0.009773844,207.40671,95.07231,2.2859156
-0.3249614,-9.64589,0.9364817,-0.077579886,-0.042455133,0.00580322,207.36388,95.07757,2.2933657
-0.30367395,-9.650147,0.9322242,-0.060170226,-0.03481932,0.014049901,207.32176,95.07994,2.2981224
-0.29201445,-9.649888,0.92306244,-0.057421334,-0.034208454,0.004581489,207.28323,95.08485,2.313433
-0.3106281,-9.635928,0.8997954,-0.04520403,-0.029321533,0.010995574,207.24908,95.07975,2.3217776
-0.34055564,-9.622699,0.8760848,-0.028099801,-0.0070249503,0.010079277,207.22562,95.07858,2.340419
-0.41318303,-9.613014,0.85187566,-0.015882496,-0.00061086525,0.010995574,207.19955,95.07452,2.3560228
-0.4754954,-9.606576,0.83006626,-0.024129177,0.00061086525,0.005192355,207.17392,95.074776,2.3692138
-0.5041289,-9.611348,0.8157495,-0.01038471,-0.0012217305,0.016798794,207.14995,95.064026,2.3769262
-0.5314692,-9.623654,0.80160487,-0.008552114,-0.004581489,0.01863139,207.11243,95.05792,2.3724952
-0.55523604,-9.666435,0.7873448,-0.0106901415,-0.013439035,0.015577064,207.07333,95.04861,2.3659837
-0.57789165,-9.698022,0.7781838,-0.0106901415,-0.032375857,0.015882496,207.04785,95.04273,2.3566852
-0.5962318,-9.679682,0.7919389,-0.014049901,-0.045814894,0.028099801,207.02228,95.036835,2.347353
-0.61334157,-9.663424,0.80530363,-0.032070424,-0.052534413,0.03390302,206.97629,95.03082,2.3319843
-0.6180801,-9.668162,0.8147806,-0.043066,-0.06414085,0.03145956,206.92082,95.02388,2.309018
-0.6228618,-9.672206,0.82582176,-0.046120327,-0.06261369,0.03268129,206.8666,95.014626,2.279874
-0.62762314,-9.667444,0.8543898,-0.06352998,-0.062308256,0.026572637,206.80905,95.01335,2.2535641
-0.634084,-9.6642065,0.8842898,-0.059253927,-0.0571159,0.026267206,206.75914,95.002754,2.2237506
-0.6568848,-9.677888,0.92077106,-0.07360926,-0.06291912,0.02443461,206.70653,95.00258,2.196226
-0.6808799,-9.692424,0.95605916,-0.06994407,-0.05681047,0.015882496,206.66075,94.99268,2.1709049
-0.69713074,-9.704612,0.9276202,-0.07849618,-0.056199603,0.013744468,206.61234,94.989265,2.1443603
-0.7166499,-9.719251,0.8934616,-0.07574729,-0.034208454,0.010995574,206.57118,94.97452,2.1165097
-0.7558407,-9.706794,0.86331195,-0.07391469,-0.027794369,0.0033597588,206.52605,94.9634,2.0907118
-0.805637,-9.688686,0.82709646,-0.054367006,-0.0021380284,0.013439035,206.49341,94.9455,2.0619419
-0.8394745,-9.701195,0.81085473,-0.030543262,0.0143553335,0.0106901415,206.45671,94.931595,2.0338006
-0.8640884,-9.730732,0.8059319,-0.03756821,0.032375857,0.016493361,206.42853,94.91889,2.0014594
-0.85478044,-9.736271,0.80278087,-0.021380283,0.040927973,0.016493361,206.39218,94.898346,1.960052
-0.8312225,-9.73156,0.80042505,-0.023518313,0.046120327,0.022907447,206.3606,94.883644,1.9162097
-0.8076598,-9.726847,0.7980688,-0.016798794,0.0580322,0.024740042,206.32988,94.862625,1.8693819
-0.783823,-9.722079,0.7956851,-0.006414085,0.059864793,0.02321288,206.2981,94.841705,1.8224691
-0.75680923,-9.704699,0.798027,-0.01038471,0.048258353,0.025350908,206.2644,94.819756,1.7734369
-0.72787017,-9.680583,0.8028501,-0.01740966,0.05467244,0.027488936,206.2366,94.797,1.7261789
-0.7055282,-9.653477,0.80869585,-0.03634648,0.053450707,0.01740966,206.20953,94.784035,1.6926212
-0.68638414,-9.624761,0.81507725,-0.03970624,0.044593163,0.015577064,206.18254,94.768295,1.6567249
-0.6675825,-9.596559,0.82134444,-0.039095376,0.051923547,0.0067195175,206.16394,94.75961,1.6330125
-0.64619714,-9.56448,0.8284729,-0.05375614,0.04153884,0.0067195175,206.1381,94.75551,1.607122
-0.62938184,-9.539257,0.834078,-0.058948494,0.03726278,0.009773844,206.1167,94.750084,1.5837938
-0.61040896,-9.510798,0.8404023,-0.06078109,0.045814894,0.00061086525,206.09595,94.748985,1.5643545
-0.6094839,-9.469468,0.8304689,-0.06169739,0.047647487,0.0018325958,206.07256,94.74786,1.5411813
-0.6192584,-9.420595,0.8109198,-0.05955936,0.049480084,0.004581489,206.05164,94.74717,1.5206757
-0.6312904,-9.41029,0.7985865,-0.04917465,0.040011674,0.008246681,206.03622,94.74478,1.5128131
-0.6443304,-9.418983,0.78989315,-0.038179077,0.041233405,0.006414085,206.02444,94.74194,1.5061269
-0.6559418,-9.442453,0.7782199,-0.034513887,0.03604105,0.0076358155,206.00688,94.73911,1.493981
-0.6658183,-9.48196,0.7634051,-0.03634648,0.03390302,0.009773844,205.99068,94.73506,1.4823701
-0.66560024,-9.519298,0.7422389,-0.030543262,0.023518313,0.016187929,205.96625,94.72979,1.4664007
-0.6562754,-9.556597,0.7142644,-0.02443461,0.027183503,0.022296581,205.9455,94.72494,1.4503925
-0.64887184,-9.597966,0.6897028,-0.032375857,0.026572637,0.022602014,205.9184,94.725876,1.4324645
-0.6439722,-9.642062,0.67010456,-0.03268129,0.032375857,0.022907447,205.89458,94.722725,1.4133205
-0.6349173,-9.669726,0.6585568,-0.040927973,0.028099801,0.02443461,205.8649,94.73049,1.3961056
-0.6202165,-9.684428,0.65365654,-0.038789943,0.010079277,0.02687807,205.83325,94.73536,1.378582
-0.60260904,-9.686003,0.6558036,-0.03481932,-0.0033597588,0.027488936,205.80055,94.74623,1.3625795
-0.5665866,-9.665991,0.6718136,-0.027794369,-0.016187929,0.022907447,205.76318,94.75567,1.3471336
-0.5313508,-9.646415,0.6874739,-0.029321533,-0.017715093,0.025045475,205.7257,94.76889,1.3337575
-0.53088564,-9.66049,0.6978526,-0.03848451,-0.024740042,0.016187929,205.68309,94.78326,1.324447
-0.53551376,-9.679002,0.7071088,-0.03848451,-0.019242255,0.012217305,205.64426,94.79469,1.3134288
-0.54017466,-9.697646,0.7164306,-0.040317107,-0.023823744,0.015882496,205.60832,94.80742,1.3121443
-0.5449462,-9.716732,0.72597367,-0.042455133,-0.01985312,0.0106901415,205.5735,94.82469,1.3165176
-0.5612888,-9.705049,0.73169,-0.03726278,-0.018020526,0.0076358155,205.53735,94.83956,1.3188424
-0.58076125,-9.6855755,0.7365581,-0.03604105,-0.0061086523,0.00030543262,205.50542,94.85639,1.3239374
-0.60168964,-9.664648,0.7417902,-0.03359759,0.014049901,0.0009162979,205.48123,94.867195,1.3258588
-0.6198671,-9.64647,0.74633455,-0.030848695,0.035430185,0.0030543262,205.46098,94.87771,1.3295113
-0.6343732,-9.616123,0.7628319,-0.034208454,0.056199603,0.0076358155,205.44662,94.888664,1.3325415
-0.64767826,-9.585078,0.780572,-0.03756821,0.06291912,0.009162978,205.43452,94.89864,1.3358293
-0.64413404,-9.582124,0.79593146,-0.034208454,0.073303826,0.008246681,205.42491,94.90416,1.3306745
-0.63468415,-9.5892105,0.8101062,-0.020463986,0.07941248,0.0030543262,205.41603,94.90772,1.326402
-0.6251102,-9.596392,0.8244672,-0.025045475,0.07696902,0.007941248,205.40163,94.9135,1.318335
-0.6154217,-9.603658,0.83899987,-0.01740966,0.083383106,0.0076358155,205.39134,94.91289,1.313633
-0.5937606,-9.603796,0.82534534,-0.017104227,0.084910266,0.003970624,205.3798,94.91445,1.307931
-0.5674283,-9.601402,0.80140686,-0.020463986,0.084910266,0.0106901415,205.37,94.91412,1.299531
-0.5412014,-9.599018,0.7775643,-0.008246681,0.08827003,0.007941248,205.36618,94.90583,1.299718
-0.51469,-9.596608,0.753463,0.0030543262,0.087964594,0.014049901,205.36172,94.897575,1.2953814
-0.49819204,-9.586582,0.7376122,0.007941248,0.08674286,0.015271631,205.35782,94.8884,1.2932838
-0.48535213,-9.573742,0.7247723,0.013439035,0.070249505,0.017104227,205.34964,94.87562,1.2889415
-0.48404217,-9.5880375,0.7260632,0.00580322,0.03848451,0.015271631,205.34204,94.87685,1.2959218
-0.4941554,-9.62849,0.7412331,-0.0036651916,0.033292156,0.008857546,205.33734,94.87726,1.3037547
-0.4905419,-9.648316,0.74997175,-0.017715093,0.015577064,0.004886922,205.32365,94.88543,1.3134681
-0.47860295,-9.655479,0.7547473,-0.027794369,0.005497787,0.01038471,205.31093,94.894714,1.3220885
-0.4667922,-9.662566,0.7594716,-0.042760566,-0.0021380284,0.0143553335,205.29475,94.90333,1.328436
-0.45492208,-9.669688,0.76421964,-0.04886922,-0.013133603,0.014966198,205.27504,94.911865,1.33362
-0.43898204,-9.683702,0.78840023,-0.058643065,-0.03145956,0.013133603,205.25133,94.92509,1.3377953
-0.4201364,-9.702548,0.8260916,-0.06658431,-0.048563786,0.0070249503,205.225,94.9394,1.3425617
-0.39900687,-9.719413,0.8576874,-0.09315695,-0.061086524,0.0076358155,205.19926,94.95998,1.3508025
-0.37584862,-9.734851,0.8847054,-0.09896017,-0.06383542,0.0033597588,205.17155,94.97741,1.3616211
-0.35291675,-9.750139,0.91217184,-0.099265605,-0.054061573,-0.0009162979,205.14977,94.99385,1.376727
-0.3374999,-9.760417,0.9378666,-0.10262536,-0.0580322,-0.0036651916,205.12355,95.01247,1.3917484
-0.3340739,-9.7641115,0.9566229,-0.10476339,-0.0580322,-0.0036651916,205.10593,95.0253,1.4139335
-0.37106797,-9.745615,0.9519986,-0.080634214,-0.058948494,-0.008857546,205.08704,95.03225,1.4376972
-0.40970957,-9.727542,0.9449856,-0.07086037,-0.058643065,-0.004581489,205.07278,95.03914,1.4618205
-0.46718758,-9.708383,0.9210365,-0.05100725,-0.049785517,-0.0106901415,205.06064,95.038,1.4899598
-0.5232503,-9.687152,0.89869416,-0.04734206,-0.03940081,-0.007941248,205.04898,95.03306,1.5033561
-0.57304305,-9.649807,0.88624597,-0.021991149,-0.015882496,-0.011301007,205.04355,95.01798,1.5203718
-0.62194425,-9.613131,0.87402064,-0.008857546,-0.0061086523,0.004581489,205.02805,95.004974,1.5175943
-0.65800583,-9.57219,0.8344372,-0.0036651916,0.00030543262,0.004886922,205.01805,94.989136,1.5205818
-0.69126743,-9.529426,0.78692067,-0.0012217305,0.015271631,0.01863139,205.01411,94.968285,1.5156206
-0.67865306,-9.522755,0.77913034,-0.0009162979,0.018020526,0.019242255,204.99913,94.94809,1.5013149
-0.6501077,-9.527513,0.7838879,-0.015882496,0.010079277,0.018325957,204.98578,94.9308,1.4839365
-0.6251859,-9.548676,0.8050503,-0.025045475,0.005497787,0.021685716,204.96617,94.91897,1.4574128
-0.602497,-9.575902,0.832277,-0.044898596,0.0076358155,0.020463986,204.94627,94.91501,1.4328743
-0.5952543,-9.598322,0.8308211,-0.046120327,0.005192355,0.019547688,204.92844,94.90888,1.4139158
-0.59766996,-9.617647,0.8114954,-0.052839845,-0.010995574,0.019547688,204.90741,94.90985,1.3950768
-0.6003418,-9.639022,0.79012084,-0.052534413,-0.02321288,0.010079277,204.89221,94.90597,1.3853145
-0.6025033,-9.656314,0.77282864,-0.05375614,-0.026267206,0.0070249503,204.8753,94.903824,1.3737041
-0.6246545,-9.687359,0.7387387,-0.052534413,-0.029932396,0.002443461,204.85469,94.9018,1.3650177
-0.6576158,-9.725029,0.6963599,-0.041233405,-0.035124753,-0.007330383,204.83281,94.89797,1.3586415
-0.69640535,-9.736721,0.64814025,-0.02687807,-0.035430185,-0.009468411,204.80006,94.89557,1.3488957
-0.7399145,-9.731887,0.59496236,-0.025350908,-0.0143553335,-0.009162978,204.77219,94.89416,1.341611
-0.77714133,-9.71828,0.58930385,-0.021380283,0.006414085,-0.006414085,204.73682,94.89412,1.3260902
-0.8096195,-9.699721,0.6125025,-0.022602014,0.014049901,-0.0070249503,204.70407,94.8954,1.3117985
-0.8249222,-9.682511,0.63961107,-0.025350908,0.028099801,-0.004276057,204.6697,94.9034,1.2862598
-0.8273067,-9.665819,0.6706098,-0.051618114,0.03176499,-0.00030543262,204.63498,94.91819,1.2608463
-0.82970226,-9.649051,0.70175153,-0.048258353,0.022296581,-0.0061086523,204.59583,94.920525,1.2309817
-0.8320935,-9.632312,0.73283726,-0.052839845,0.015882496,-0.0012217305,204.5593,94.931244,1.1975678
-0.8228449,-9.622107,0.7573282,-0.06169739,0.017715093,0.006414085,204.52274,94.942406,1.1654292
-0.8035147,-9.617274,0.7766584,-0.07788532,0.003970624,0.0021380284,204.48012,94.95733,1.1352141
-0.79209,-9.60119,0.79922295,-0.07727446,0.020158553,0.0036651916,204.4463,94.958305,1.1029378
-0.7876223,-9.578851,0.8215616,-0.0852157,0.018020526,0.0036651916,204.4036,94.96661,1.0719599
-0.79373026,-9.570844,0.830773,-0.071776666,0.015577064,0.0033597588,204.36987,94.9658,1.0459666
-0.80968195,-9.577681,0.8262154,-0.062308256,0.02565634,0.0009162979,204.33937,94.96841,1.0211731
-0.82573354,-9.584559,0.8216292,-0.06414085,0.03481932,0.003970624,204.31412,94.96637,0.99639297
-0.84194,-9.591506,0.8169988,-0.05955936,0.057421334,0.0033597588,204.29564,94.96038,0.9742555
-0.85056776,-9.61541,0.8087244,-0.041233405,0.070554934,0.007941248,204.27748,94.95072,0.9501023
-0.8456084,-9.669962,0.7938464,-0.027488936,0.082161374,0.0033597588,204.2652,94.941734,0.929602
-0.841036,-9.708197,0.7784063,-0.022296581,0.090713486,0.00580322,204.24586,94.932434,0.9001535
-0.8370042,-9.724324,0.762279,-0.018325957,0.09987647,0.005497787,204.22998,94.920334,0.87355006
-0.8306742,-9.74024,0.7460504,-0.019547688,0.11759156,0.0061086523,204.21819,94.91173,0.8482841
-0.79875314,-9.74822,0.73408,-0.02443461,0.12156218,0.010079277,204.20525,94.90324,0.82250243
-0.7643993,-9.756808,0.72119737,-0.016798794,0.112704635,0.008857546,204.19296,94.8955,0.7993775
-0.73566836,-9.748317,0.71129405,-0.016493361,0.105374254,0.029321533,204.18288,94.89027,0.7695498
-0.7060952,-9.73353,0.70143634,-0.015577064,0.089491755,0.027488936,204.16733,94.88408,0.7464779
-0.6738995,-9.723734,0.7085597,-0.007941248,0.07727446,0.028099801,204.15565,94.878204,0.72551435
-0.635899,-9.714233,0.72280985,-0.009162978,0.06688975,0.03268129,204.14014,94.87468,0.70398486
-0.60582465,-9.684214,0.7178366,-0.014660766,0.059864793,0.032375857,204.12535,94.8728,0.689934
-0.5808229,-9.644211,0.7028356,-0.02076942,0.061086524,0.03604105,204.11034,94.87121,0.67364466
-0.55987966,-9.630586,0.71383566,-0.025961773,0.064751714,0.03726278,204.09703,94.86879,0.66711956
-0.5404717,-9.625733,0.7332436,-0.033292156,0.0711658,0.032070424,204.08495,94.86882,0.6615398
-0.52542454,-9.599312,0.72653747,-0.039095376,0.07269296,0.034208454,204.075,94.87266,0.6584873
-0.5114703,-9.566752,0.71258324,-0.038789943,0.076052725,0.041233405,204.0675,94.87667,0.6556706
-0.49912176,-9.554274,0.7103735,-0.038179077,0.08979719,0.03726278,204.0673,94.8791,0.6601174
-0.48715073,-9.549485,0.7127677,-0.0290161,0.09285152,0.03970624,204.06537,94.87834,0.66048956
-0.4752345,-9.544719,0.71515095,-0.020463986,0.08399397,0.040927973,204.06886,94.8834,0.66592085
-0.46337065,-9.539973,0.7175237,-0.017715093,0.0888809,0.049785517,204.07732,94.88696,0.66880596
-0.46300957,-9.555114,0.7548117,-0.018936822,0.09040806,0.04520403,204.08194,94.88964,0.6748032
-0.46775728,-9.578853,0.8070366,-0.018936822,0.09193522,0.03756821,204.08803,94.8909,0.67924154
-0.44977838,-9.602622,0.8171103,-0.008246681,0.087659165,0.049785517,204.09682,94.88828,0.684478
-0.42174304,-9.625984,0.8077652,-0.01160644,0.09162979,0.054367006,204.10796,94.89023,0.694129
-0.39033523,-9.625068,0.79371804,-0.013439035,0.087659165,0.057726767,204.11993,94.877594,0.69957894
-0.356833,-9.610709,0.7769669,0.003970624,0.07696902,0.065973446,204.1312,94.86025,0.7021977
-0.32391495,-9.5966015,0.7605079,0.0027488936,0.070554934,0.06505715,204.14565,94.851105,0.7126453
-0.29071805,-9.582375,0.7439094,0.0015271631,0.055283304,0.058643065,204.15442,94.837166,0.721719
-0.26053622,-9.593998,0.72881854,0.0009162979,0.04520403,0.053450707,204.16298,94.82025,0.72904587
-0.2320582,-9.622477,0.7145795,0.0027488936,0.031154128,0.046731193,204.1658,94.803635,0.73803765
-0.22302462,-9.6453,0.70592564,-0.008246681,0.021991149,0.041233405,204.17178,94.79827,0.76201195
-0.22777838,-9.664315,0.7011719,-0.016798794,0.004276057,0.03268129,204.17113,94.79242,0.7877539
-0.2271303,-9.669862,0.70453304,-0.013439035,-0.0015271631,0.027183503,204.17429,94.78967,0.8198922
-0.22251853,-9.66525,0.7137565,-0.019547688,-0.014660766,0.028405234,204.17036,94.792175,0.8512349
-0.23249027,-9.658109,0.74026316,-0.033292156,-0.015271631,0.030848695,204.16747,94.796776,0.88210166
-0.256209,-9.648622,0.78295684,-0.03176499,-0.020158553,0.028099801,204.15968,94.79902,0.9129599
-0.28339615,-9.648201,0.8066297,-0.03573562,-0.028099801,0.016493361,204.15219,94.80542,0.9460583
-0.31484404,-9.657186,0.81112224,-0.0421497,-0.03145956,0.0070249503,204.14479,94.81211,0.9786036
-0.34880143,-9.664511,0.8132723,-0.046120327,-0.016798794,0.007330383,204.14336,94.812965,1.0070522
-0.38745832,-9.668806,0.8111247,-0.04337143,-0.024129177,-0.0036651916,204.1344,94.81502,1.0401216
-0.42591465,-9.673079,0.8089882,-0.044898596,-0.022602014,-0.009162978,204.12811,94.81706,1.0641532
-0.46452525,-9.677369,0.80684316,-0.04734206,-0.019547688,-0.011911872,204.12018,94.81911,1.0897967
-0.50318986,-9.681665,0.8046951,-0.04886922,-0.008246681,-0.008857546,204.11658,94.82097,1.1146743
-0.52634853,-9.696235,0.7950629,-0.044593163,0.002443461,-0.007330383,204.11374,94.82214,1.1402123
-0.5484026,-9.709259,0.78565884,-0.038179077,0.013439035,-0.013744468,204.11423,94.82344,1.1668382
-0.5818015,-9.687788,0.79043007,-0.029321533,0.02321288,-0.008857546,204.10548,94.819626,1.1706067
-0.6139577,-9.667116,0.79502386,-0.04153884,0.029321533,-0.0061086523,204.09468,94.822296,1.1729355
-0.6471199,-9.645798,0.7997613,-0.03940081,0.04428773,-0.012217305,204.08923,94.81886,1.1767542
-0.68060315,-9.6248,0.80456007,-0.04550946,0.052839845,-0.014049901,204.08397,94.8206,1.1784955
-0.6939589,-9.627026,0.806786,-0.047647487,0.05375614,-0.018325957,204.08327,94.82244,1.1829864
-0.7076172,-9.629302,0.8090624,-0.053145275,0.05009095,-0.026572637,204.07475,94.82345,1.1746895
-0.72162277,-9.631636,0.81139666,-0.06169739,0.043066,-0.027488936,204.06566,94.825615,1.1655855
-0.73562,-9.633969,0.8137295,-0.052839845,0.027794369,-0.018325957,204.05328,94.824234,1.155741
-0.76818955,-9.63632,0.8099252,-0.05100725,0.02076942,-0.023823744,204.04097,94.82808,1.150422
-0.8035246,-9.638676,0.8052138,-0.053450707,0.01985312,-0.02565634,204.02649,94.82968,1.1413181
-0.83986574,-9.641098,0.80036837,-0.04917465,0.0125227375,-0.023823744,204.0078,94.82873,1.1266226
-0.8749225,-9.6434355,0.7956941,-0.03726278,0.021380283,-0.022602014,203.99358,94.82642,1.1131406
-0.8790721,-9.651821,0.79487497,-0.047647487,0.026572637,-0.01740966,203.98149,94.828445,1.0972327
-0.8766943,-9.661332,0.79487497,-0.044898596,0.01863139,-0.015882496,203.96822,94.8237,1.0821387
-0.8743042,-9.670893,0.79487497,-0.048258353,0.015577064,-0.0106901415,203.94736,94.82261,1.0492506
-0.87194216,-9.680341,0.79487497,-0.05009095,0.016187929,-0.0106901415,203.93764,94.82156,1.0294719
-0.83720547,-9.670724,0.80249363,-0.055588737,0.021991149,0.019547688,203.92773,94.820496,1.009338
-0.79501826,-9.656661,0.81186855,-0.053145275,0.02321288,0.022602014,203.90541,94.81818,0.9760547
-0.7678754,-9.649937,0.8523587,-0.056505036,0.018020526,0.02321288,203.8836,94.819534,0.9373076
-0.7451968,-9.645401,0.9022515,-0.07452556,0.017715093,0.03176499,203.86392,94.82403,0.89625627
-0.6967718,-9.637072,0.94308144,-0.07574729,0.016187929,0.03023783,203.84492,94.82392,0.8680605
-0.6380346,-9.627281,0.9773449,-0.06566802,0.025961773,0.034208454,203.82951,94.82503,0.83662784
-0.58648515,-9.61749,1.0188177,-0.06780604,0.019242255,0.03390302,203.81969,94.822235,0.81295544
-0.5376167,-9.607716,1.0627993,-0.044593163,0.028405234,0.02687807,203.8171,94.80972,0.79112655
-0.5139094,-9.603706,1.0323267,-0.04917465,0.04734206,0.02687807,203.82498,94.80164,0.7815182
-0.4975609,-9.601371,0.9809457,-0.032070424,0.052534413,0.018325957,203.83113,94.78185,0.7764054
-0.48125833,-9.599042,0.9297091,-0.0036651916,0.06536258,0.020463986,203.8578,94.753456,0.77997446
-0.46444398,-9.596641,0.8768639,0.0125227375,0.06566802,0.022602014,203.88194,94.72453,0.78576785
-0.4865888,-9.60605,0.8181967,0.027488936,0.05955936,0.027183503,203.90778,94.68832,0.79038805
-0.52514744,-9.620508,0.75553894,0.03481932,0.052534413,0.026267206,203.9331,94.650604,0.795962
-0.5568557,-9.64182,0.6997309,0.045814894,0.058337633,0.03604105,203.9578,94.62632,0.8025026
-0.58552307,-9.6657095,0.64717406,0.059864793,0.050701816,0.03634648,203.97621,94.60006,0.81142116
-0.5971171,-9.6558,0.6220041,0.049480084,0.032375857,0.042455133,203.98396,94.58761,0.8063663
-0.60185474,-9.632112,0.60779107,0.026572637,0.011301007,0.04520403,203.98856,94.57528,0.80207294
-0.56740046,-9.621424,0.63274294,0.004581489,-0.0030543262,0.04153884,203.98375,94.57449,0.79039913
-0.5154837,-9.616704,0.6752203,-0.025350908,-0.026267206,0.03726278,203.9705,94.58228,0.7776622
-0.4674893,-9.624266,0.7078329,-0.06169739,-0.0421497,0.028405234,203.95346,94.600975,0.76597476
-0.42130047,-9.638123,0.7355462,-0.08827003,-0.05681047,0.022602014,203.93028,94.62501,0.7542522
-0.38793126,-9.655281,0.74127305,-0.10445796,-0.0693332,0.02076942,203.91002,94.6488,0.7560624
-0.36344513,-9.67487,0.73147863,-0.09315695,-0.06383542,0.010995574,203.89062,94.67224,0.7616158
-0.3631766,-9.693932,0.71900254,-0.086132,-0.04642576,0.009468411,203.87596,94.69492,0.77604586
-0.37715915,-9.712575,0.70502,-0.07360926,-0.021685716,0.0036651916,203.86493,94.71293,0.7942688
-0.39947978,-9.717725,0.67449564,-0.059253927,-0.021685716,0.004276057,203.86858,94.71921,0.8050791
-0.4282447,-9.71293,0.6313482,-0.044898596,0.038789943,0.0076358155,203.87225,94.72552,0.8159568
-0.46351367,-9.712234,0.610212,-0.03481932,0.06414085,0.0030543262,203.8764,94.740074,0.840911
-0.5033062,-9.714575,0.60553056,-0.021380283,0.086132,0.0030543262,203.8897,94.744446,0.85191274
-0.54325855,-9.716925,0.6008303,-0.02321288,0.10323623,-0.0030543262,203.90303,94.74883,0.86295867
-0.5842576,-9.7193365,0.5960069,-0.02443461,0.10598512,0.0036651916,203.92049,94.763535,0.87442356
-0.5867756,-9.718093,0.6032267,-0.021991149,0.10048734,-0.0070249503,203.94586,94.77474,0.89304316
-0.55357593,-9.71335,0.622198,-0.01985312,0.09407325,-0.011301007,203.97174,94.78526,0.9077256
-0.53057975,-9.709738,0.6435122,-0.017715093,0.07391469,-0.011301007,203.97096,94.7932,0.9051172
-0.51890284,-9.707402,0.6668659,-0.034513887,0.05100725,0.0027488936,203.97018,94.80106,0.90253574
-0.5072681,-9.705075,0.6901354,-0.03848451,0.040011674,0.007941248,203.97554,94.813576,0.90167505
-0.49559355,-9.702741,0.71348447,-0.05222898,0.009773844,0.0030543262,203.97003,94.82839,0.9051384
-0.48654717,-9.706915,0.7390572,-0.07086037,-0.006414085,0.0106901415,203.9658,94.84434,0.9035288
-0.48166478,-9.721562,0.7683515,-0.086437434,-0.02076942,0.0015271631,203.95305,94.86396,0.90728
-0.47326183,-9.724458,0.7908767,-0.09407325,-0.030848695,-0.0027488936,203.94385,94.87741,0.91303766
-0.45984316,-9.711039,0.80429536,-0.10842858,-0.028405234,-0.007941248,203.93404,94.89719,0.921351
-0.45258743,-9.692634,0.8103123,-0.093462385,-0.023518313,-0.015271631,203.9255,94.90462,0.9320452
-0.46279323,-9.656914,0.7950036,-0.09896017,-0.021685716,-0.011301007,203.9171,94.921074,0.9406694
-0.4739395,-9.624916,0.7790635,-0.08827003,-0.01038471,-0.014660766,203.9155,94.927155,0.95682675
-0.48629147,-9.600212,0.7625942,-0.084910266,0.0015271631,-0.011301007,203.91495,94.935905,0.9696155
-0.4987171,-9.5755415,0.7457254,-0.064751714,0.009162978,-0.008552114,203.91443,94.94206,0.98200816
-0.50771904,-9.559788,0.729972,-0.05497787,0.028099801,-0.00580322,203.92064,94.94962,0.9936819
-0.51696634,-9.543605,0.7137893,-0.03970624,0.040011674,0.0027488936,203.92387,94.95242,0.9991483
-0.5260177,-9.527765,0.6979494,-0.04153884,0.0421497,0.004581489,203.9296,94.957344,1.0058166
-0.5352064,-9.511685,0.6818692,-0.03756821,0.050396383,0.008552114,203.94493,94.95662,1.0095942
-0.549314,-9.457718,0.6973037,-0.043066,0.043982297,0.010995574,203.95653,94.95891,1.0129211
-0.5635916,-9.400608,0.7163405,-0.047036625,0.038789943,0.02321288,203.971,94.95874,1.0125163
-0.5437451,-9.386333,0.7438043,-0.051618114,0.03848451,0.02107485,203.97862,94.96771,1.0112995
-0.5200696,-9.376863,0.77221495,-0.054061573,0.02321288,0.01863139,203.98068,94.9763,1.006323
-0.50858873,-9.414208,0.76716256,-0.052534413,0.016187929,0.018020526,203.9839,94.98152,0.99889654
-0.49876985,-9.458393,0.7573436,-0.056505036,0.018936822,0.025961773,203.98564,94.98849,0.98973763
-0.48919743,-9.505868,0.7301781,-0.074830994,0.01740966,0.021991149,203.99834,94.99269,0.98736036
-0.47982466,-9.5527315,0.70205986,-0.0711658,0.013439035,0.028099801,204.01135,94.99083,0.9800408
-0.4631823,-9.592884,0.72259396,-0.07422013,0.020463986,0.03176499,204.02766,94.99785,0.9768838
-0.44579986,-9.631994,0.74866754,-0.08124508,0.005192355,0.025045475,204.03616,95.005066,0.97444516
-0.4217914,-9.650092,0.7596913,-0.07574729,-0.0125227375,0.029321533,204.04587,95.01355,0.9696751
-0.3959401,-9.658709,0.7639999,-0.06719518,-0.03604105,0.037873644,204.04935,95.02295,0.96513504
-0.3751564,-9.647166,0.77406037,-0.0711658,-0.04550946,0.03573562,204.04982,95.02829,0.9675678
-0.3593713,-9.615596,0.7898455,-0.07849618,-0.064446285,0.032986723,204.0411,95.03159,0.9668711
-0.33810458,-9.579557,0.7981224,-0.070249505,-0.07880162,0.036957346,204.04178,95.030815,0.9700749
-0.31361398,-9.540373,0.80302054,-0.073303826,-0.08674286,0.032070424,204.03862,95.035706,0.97610587
-0.2834939,-9.535484,0.8011712,-0.08827003,-0.093462385,0.03390302,204.03302,95.0383,0.98196536
-0.25096384,-9.544778,0.79652405,-0.09987647,-0.096516706,0.03573562,204.02618,95.04098,0.98886824
-0.21860911,-9.554023,0.79190195,-0.11453723,-0.07544186,0.028405234,204.02788,95.04899,1.0032977
-0.18607256,-9.563318,0.7872539,-0.11728613,-0.059253927,0.02443461,204.02754,95.05647,1.0157766
-0.15872446,-9.591814,0.7880298,-0.12186762,-0.051618114,0.022907447,204.03209,95.06832,1.0293317
-0.13593486,-9.632835,0.7925877,-0.13561209,-0.053145275,0.022296581,204.03853,95.083374,1.0436287
-0.115026884,-9.667628,0.82565767,-0.13530666,-0.05100725,0.02443461,204.05725,95.09875,1.0719597
-0.09599725,-9.696173,0.887504,-0.11911872,-0.06566802,0.03023783,204.0707,95.11284,1.0983574
-0.09506596,-9.704226,0.94045085,-0.12461651,-0.093767814,0.03176499,204.08458,95.132164,1.129847
-0.11399866,-9.690026,0.985416,-0.105374254,-0.11881329,0.030543262,204.09508,95.13955,1.1595191
-0.13304134,-9.675744,1.0306424,-0.106595986,-0.15760323,0.04062254,204.099,95.141716,1.1891034
-0.15195128,-9.661562,1.0755535,-0.09865474,-0.17531833,0.042455133,204.10158,95.13682,1.2205896
-0.16884196,-9.647385,1.1214536,-0.09773844,-0.18570304,0.049480084,204.09572,95.1334,1.2462816
-0.1833151,-9.632912,1.1696975,-0.10781772,-0.1966986,0.059864793,204.08498,95.13069,1.2693834
-0.15613732,-9.6266575,1.1813681,-0.108123146,-0.1853976,0.061086524,204.07796,95.10916,1.2865502
-0.07418013,-9.631211,1.1449426,-0.112399206,-0.16829337,0.064751714,204.07004,95.09104,1.2995473
-0.010109652,-9.640297,1.0993838,-0.111177474,-0.14935656,0.06505715,204.06682,95.06246,1.310602
0.019435877,-9.659994,1.0304443,-0.1020145,-0.13194689,0.064446285,204.06824,95.033264,1.3210183
0.05126294,-9.676893,0.953302,-0.09712757,-0.10751228,0.05497787,204.08696,95.01569,1.3520349
0.091330275,-9.690249,0.85090774,-0.06688975,-0.08124508,0.05467244,204.11133,94.98853,1.3805214
0.12370959,-9.695783,0.7519443,-0.03176499,-0.05009095,0.054061573,204.13889,94.971886,1.4172139
0.11866522,-9.660473,0.6611456,0.007941248,-0.025961773,0.06047566,204.17189,94.945816,1.4517581
0.10797845,-9.62964,0.5983909,0.0580322,-0.016798794,0.070554934,204.2085,94.92808,1.4921601
0.07910469,-9.61039,0.61764,0.09468412,-0.017715093,0.07269296,204.24867,94.90407,1.532557
0.05564326,-9.590508,0.6369161,0.10323623,-0.01863139,0.08124508,204.28256,94.88998,1.5662729
0.048515297,-9.569124,0.655924,0.10842858,-0.03970624,0.08399397,204.30998,94.86799,1.5998807
0.041345634,-9.547615,0.6750431,0.101098195,-0.06078109,0.0888809,204.33417,94.8422,1.6239922
0.034058057,-9.525752,0.69447666,0.09101892,-0.093767814,0.087964594,204.34863,94.81696,1.6477805
0.034247465,-9.504252,0.70095986,0.082161374,-0.14355333,0.08124508,204.35394,94.79348,1.6699481
0.05650236,-9.4819975,0.66980296,0.06505715,-0.18997909,0.084910266,204.35092,94.774635,1.688292
0.07814667,-9.46546,0.6380708,0.043982297,-0.23579398,0.087659165,204.3342,94.75368,1.7049223
0.09321439,-9.500618,0.60291284,0.048258353,-0.2751948,0.09682214,204.30656,94.73017,1.7173759
0.10937947,-9.54022,0.56008387,0.04550946,-0.32070425,0.095294975,204.26465,94.72417,1.735806
0.12997648,-9.597892,0.48593464,0.05467244,-0.34972036,0.102319926,204.2172,94.71232,1.7481319
0.150627,-9.655713,0.41159272,0.07696902,-0.35246924,0.10567969,204.16905,94.70609,1.7632216
0.19528581,-9.747112,0.20596038,0.081855945,-0.34574974,0.10873401,204.11626,94.70147,1.7753278
0.24282831,-9.842197,-0.018934036,0.09285152,-0.30848694,0.11362094,204.07228,94.68906,1.7859874
0.2846888,-9.925918,-0.25149238,0.118202426,-0.2507602,0.10629055,204.02992,94.686165,1.8025519
0.32823727,-10.011105,-0.48934364,0.14172074,-0.17867808,0.106595986,203.99706,94.712654,1.820434
0.37655848,-10.072604,-0.6826285,0.16462818,-0.10140363,0.10476339,203.98247,94.7326,1.8414361
0.42705277,-10.136869,-0.88460577,0.19608775,-0.017104227,0.09712757,203.98297,94.78926,1.8709532
0.5082312,-10.171889,-1.0590627,0.21655174,0.050396383,0.09590584,204.00064,94.83964,1.8992631
0.59066564,-10.203947,-1.2285112,0.23701571,0.12186762,0.086132,204.04259,94.88131,1.9330919
0.6755632,-10.2490015,-1.386973,0.23915374,0.17623462,0.06383542,204.09343,94.96536,1.9804822
0.76095784,-10.296443,-1.5435299,0.24037547,0.20647246,0.04550946,204.15623,95.0409,2.0290654
0.86523885,-10.341266,-1.7048725,0.21105394,0.2657264,0.026267206,204.24301,95.165596,2.1026917
0.9735479,-10.385573,-1.867336,0.18081611,0.30665436,-0.01160644,204.33015,95.28815,2.1845615
1.0898445,-10.407385,-1.9404163,0.1282817,0.33322698,-0.069027774,204.42223,95.46163,2.2953327
1.2049174,-10.4257965,-2.0002542,0.031154128,0.3277292,-0.13469578,204.51305,95.65088,2.4155762
1.3393847,-10.413481,-1.98372,-0.099571034,0.3210097,-0.226631,204.61472,95.88869,2.5714033
1.4761095,-10.394622,-1.9507174,-0.27091873,0.26511553,-0.31703907,204.69603,96.15829,2.7385933
1.5838639,-10.352595,-1.8637866,-0.46700647,0.17837265,-0.42119157,204.77155,96.46925,2.944378
1.6834807,-10.305158,-1.7641696,-0.6719518,0.058337633,-0.5271767,204.8164,96.8259,3.167078
1.7305647,-10.250679,-1.6024159,-0.88208944,-0.089491755,-0.627664,204.84444,97.23037,3.4310167
1.7636377,-10.193982,-1.422877,-1.0622946,-0.27366763,-0.7156286,204.82324,97.677246,3.7075732
1.7050211,-10.190148,-1.2690247,-1.2147056,-0.48716503,-0.79779,204.76701,98.16634,4.018959
1.6161096,-10.2034855,-1.1223208,-1.323745,-0.6750061,-0.8741482,204.66272,98.68381,4.336515
1.4620719,-10.256755,-1.0151467,-1.3955216,-0.8268061,-0.9285152,204.52548,99.21412,4.668716
1.273225,-10.333315,-0.93858707,-1.4404203,-0.9120218,-0.97310835,204.35393,99.754395,5.0012064
1.0087365,-10.435748,-0.92660993,-1.4712689,-0.9117164,-0.999681,204.15643,100.274895,5.318155
0.719065,-10.546789,-0.93626565,-1.4953982,-0.82650065,-1.01312,203.96172,100.79144,5.6312203
0.4130791,-10.768286,-1.0522673,-1.5121969,-0.6621779,-1.0253373,203.76773,101.286674,5.915417
0.10196286,-11.02368,-1.2008603,-1.5210545,-0.4251622,-1.0323622,203.62149,101.77149,6.1989865
-0.24542566,-11.268416,-1.3774537,-1.5534303,-0.11453723,-1.0439687,203.50478,102.23465,6.433717
-0.6132636,-11.51205,-1.5685383,-1.559539,0.051618114,-1.0393872,203.41632,102.67847,6.662858
-0.9071207,-11.710446,-1.6519616,-1.5491543,0.3585779,-1.03786,203.39531,103.11088,6.846244
-1.1751604,-11.893607,-1.6877003,-1.5180001,0.5946773,-1.0311406,203.40204,103.52551,7.027291
-1.3627062,-12.032628,-1.7238454,-1.4242324,0.7538077,-1.0024298,203.40926,103.896515,7.129741
-1.4717424,-12.126796,-1.7585387,-1.2962561,0.8402451,-0.979217,203.46219,104.24043,7.239269
-1.5222583,-12.2081585,-1.8203644,-1.1438452,0.86529064,-0.94225967,203.50284,104.53349,7.287097
-1.5367938,-12.280836,-1.8978869,-0.98563105,0.8512407,-0.9104946,203.55797,104.78324,7.333181
-1.4763197,-12.353016,-1.9779994,-0.86009824,0.7984009,-0.8924741,203.59186,105.00175,7.3556046
-1.376325,-12.42444,-2.0589476,-0.7724391,0.6921103,-0.8888089,203.6086,105.18273,7.3703284
-1.2629024,-12.410924,-2.135652,-0.71929383,0.58276546,-0.8912524,203.6029,105.34531,7.3751464
-1.1421031,-12.350525,-2.20999,-0.6985244,0.4560109,-0.8927795,203.56444,105.48968,7.372358
-0.978605,-12.166401,-2.0362234,-0.7247916,0.27183503,-0.88361657,203.48308,105.64527,7.3761115
-0.77881145,-11.885738,-1.6746922,-0.81183994,-0.0067195175,-0.8713993,203.34229,105.80706,7.3654184
-0.6759079,-11.558711,-1.2243452,-0.92485,-0.33750305,-0.86193085,203.14066,106.00178,7.363152
-0.6516502,-11.199697,-0.71008235,-1.0809261,-0.68569624,-0.850019,202.86116,106.222466,7.3355994
-0.60568464,-10.841399,-0.2849921,-1.2043208,-1.0140363,-0.82558435,202.5425,106.456,7.341424
-0.54414296,-10.481617,0.079524286,-1.2953397,-1.2733486,-0.7770206,202.1531,106.70966,7.313694
-0.45661628,-10.1948395,0.17099352,-1.3707817,-1.4141531,-0.71776664,201.74426,106.95963,7.2943835
-0.34645027,-9.960138,0.046458006,-1.3863586,-1.382999,-0.6407976,201.32082,107.20228,7.2461987
-0.22877398,-9.800049,-0.25847706,-1.3564262,-1.2990049,-0.55680364,200.90602,107.42828,7.2078567
0.03603081,-9.588204,-1.2262182,-1.2541064,-0.691194,-0.43401974,200.26472,107.856544,7.135255
0.16869791,-9.482071,-1.7110561,-1.17897,-0.3359759,-0.3735441,200.05238,108.04918,7.109542
0.20387815,-9.305925,-1.9085498,-1.0751228,-0.034513887,-0.32162055,199.90866,108.264465,7.09983
0.14783497,-9.031314,-1.8525065,-0.9807441,0.18967366,-0.29443705,199.84624,108.45256,7.1019545
0.11452098,-8.895451,-1.8485241,-0.8848383,0.34574974,-0.2751948,199.82951,108.66672,7.1169195
0.0763893,-8.761991,-1.8675898,-0.8145888,0.44501534,-0.25503623,199.8615,108.853745,7.1379733
0.036026374,-8.6494875,-1.8905916,-0.7703011,0.49693888,-0.24281894,199.91289,109.03454,7.1670766
-0.006885036,-8.556889,-1.9176936,-0.72601336,0.5366451,-0.2302962,199.98933,109.189835,7.197933
-0.04932069,-8.465317,-1.9444951,-0.7144069,0.54825157,-0.20799962,200.06294,109.34972,7.221526
-0.09220661,-8.372773,-1.971581,-0.7351763,0.5500842,-0.19822577,200.14383,109.50238,7.2477293
-0.13522813,-8.298323,-1.9991289,-0.7501425,0.52534413,-0.1863139,200.2181,109.65196,7.269607
-0.18330573,-8.276955,-2.0311806,-0.76052725,0.5009095,-0.18234327,200.29214,109.80167,7.29125
-0.20256169,-8.259704,-2.0514686,-0.7528914,0.46853364,-0.18295415,200.33856,109.96767,7.293416
-0.1837233,-8.24793,-2.056178,-0.7654142,0.42241332,-0.17623462,200.37485,110.13634,7.289337
-0.16501705,-8.2362385,-2.0608547,-0.7629707,0.36285394,-0.18387043,200.389,110.311195,7.27867
-0.14598991,-8.224346,-2.0656116,-0.7626653,0.30757064,-0.17256944,200.39374,110.483,7.2575264
-0.10210184,-8.226997,-2.0854185,-0.7663304,0.24831672,-0.16279559,200.37723,110.658424,7.2362585
-0.012851424,-8.255181,-2.1323924,-0.7687739,0.19853121,-0.1554652,200.34904,110.82835,7.208477
0.08189198,-8.281162,-2.1738806,-0.77854776,0.17562376,-0.15332718,200.31256,111.00902,7.188823
0.18950205,-8.302685,-2.2040114,-0.77824235,0.11178834,-0.15057829,200.25246,111.18254,7.1583114
0.29695582,-8.322771,-2.2347302,-0.788627,0.06047566,-0.14844026,200.1937,111.37046,7.147185
0.42085576,-8.32953,-2.277532,-0.79168135,0.0018325958,-0.1441642,200.11668,111.55122,7.1274056
0.55114025,-8.336637,-2.3225393,-0.8063421,-0.03940081,-0.14202617,200.03928,111.74932,7.1324973
0.67042637,-8.343143,-2.3637474,-0.8304713,-0.07422013,-0.14110987,199.94894,111.94559,7.1307373
0.7944011,-8.349905,-2.406575,-0.82802784,-0.113926366,-0.13194689,199.8482,112.132744,7.12072
0.9489712,-8.358914,-2.3538218,-0.84574294,-0.21471913,-0.12889257,199.72357,112.33526,7.102711
1.1076597,-8.368249,-2.283812,-0.88147855,-0.35155296,-0.13805555,199.5794,112.53738,7.076779
1.2276855,-8.308881,-2.3577485,-0.91965765,-0.4700608,-0.1554652,199.43535,112.76533,7.1003814
1.3363098,-8.233315,-2.4663727,-0.95386606,-0.5589417,-0.16401732,199.26445,112.99593,7.110698
1.4198169,-8.149501,-2.5573688,-0.9651671,-0.61911196,-0.172264,199.0912,113.22901,7.15534
1.4935249,-8.06658,-2.6402905,-0.97066486,-0.659429,-0.18295415,198.90068,113.46457,7.1925983
1.5446341,-7.9780207,-2.71485,-0.9654725,-0.68325275,-0.19364429,198.70212,113.71582,7.2476854
1.5869836,-7.888616,-2.7854323,-0.9755518,-0.6951646,-0.19517145,198.49895,113.96585,7.2964034
1.6165125,-7.8041267,-2.881622,-0.9914343,-0.6994407,-0.20861048,198.29312,114.24385,7.3655176
1.640865,-7.7213287,-2.9887726,-1.0057896,-0.68416905,-0.21074851,198.09375,114.51557,7.4287796
1.6266799,-7.679222,-3.1090825,-0.9984592,-0.6554584,-0.19914207,197.901,114.80021,7.498439
1.5991477,-7.65169,-3.2329779,-1.0012082,-0.60139686,-0.18875736,197.72214,115.08323,7.569268
1.5960902,-7.658143,-3.3450117,-0.9776898,-0.535118,-0.17379116,197.55043,115.372734,7.6435513
1.6056641,-7.682078,-3.4503248,-0.94806284,-0.505491,-0.15821409,197.38812,115.65117,7.712638
1.6184813,-7.6837907,-3.5083055,-0.9166033,-0.42088616,-0.15271631,197.24796,115.92881,7.780918
1.6325723,-7.674397,-3.5411847,-0.8668178,-0.32895094,-0.14019357,197.12352,116.18225,7.843974
1.6789839,-7.6267185,-3.5382273,-0.79412484,-0.23548855,-0.12980886,197.01837,116.44185,7.9157243
1.7457025,-7.5552344,-3.5143993,-0.72692966,-0.1469131,-0.118507855,196.9401,116.67935,7.991086
1.8120286,-7.4841704,-3.5166311,-0.6545421,-0.0729984,-0.116675265,196.88354,116.89235,8.0750475
1.878264,-7.413204,-3.5355554,-0.5656612,-0.026267206,-0.11148291,196.84639,117.07413,8.159661
1.9364389,-7.3586373,-3.5517788,-0.48288897,-0.009468411,-0.10934488,196.83157,117.250946,8.266749
1.9888439,-7.3157606,-3.566071,-0.3979787,-0.014049901,-0.102319926,196.8255,117.3965,8.371105
2.032708,-7.302922,-3.580241,-0.2919936,-0.03940081,-0.0983493,196.82596,117.51636,8.486699
2.0701926,-7.3122926,-3.5942976,-0.19486602,-0.070554934,-0.07941248,196.82712,117.60979,8.592028
2.0903747,-7.337727,-3.6298182,-0.08124508,-0.10262536,-0.057421334,196.8284,117.68239,8.702727
2.0951266,-7.3757424,-3.6820893,0.009468411,-0.1255328,-0.032986723,196.82724,117.73076,8.801941
2.0949152,-7.4293804,-3.730281,0.07788532,-0.15088372,-0.010079277,196.82428,117.753204,8.896008
2.0901535,-7.5008054,-3.7778978,0.1423316,-0.16218472,0.024740042,196.82405,117.74855,8.976827
2.0854747,-7.559639,-3.817877,0.19608775,-0.20219639,0.047647487,196.80862,117.74782,9.047322
2.080706,-7.6073275,-3.8512585,0.22602014,-0.27091873,0.07360926,196.78793,117.732765,9.100674
2.1136456,-7.6460195,-3.8645952,0.24831672,-0.3454443,0.1142318,196.75723,117.7119,9.13417
2.1898575,-7.674599,-3.8550687,0.2443461,-0.43982297,0.14538592,196.70612,117.68906,9.150451
2.3720524,-7.662884,-3.818386,0.25167647,-0.48502702,0.18203785,196.65475,117.65879,9.146928
2.6936715,-7.6004806,-3.7463818,0.24862215,-0.56199604,0.23487769,196.57748,117.62842,9.11446
2.9097013,-7.5310545,-3.7408469,0.25595254,-0.6401868,0.25167647,196.4954,117.60301,9.095189
2.9903452,-7.4548907,-3.8170109,0.26847526,-0.6963864,0.30451632,196.41139,117.568954,9.045648
3.030718,-7.3749294,-3.902855,0.2950479,-0.7141015,0.3659083,196.36024,117.53378,9.056329
2.983024,-7.2843103,-4.0125513,0.3359759,-0.68630713,0.41905355,196.31256,117.48802,9.0527115
2.9211898,-7.2102375,-4.115391,0.4120286,-0.6420194,0.45631635,196.273,117.4366,9.053518
2.8093655,-7.1683035,-4.2178965,0.5015204,-0.5693264,0.49296826,196.25465,117.36691,9.047017
2.6805995,-7.150224,-4.3337283,0.59712076,-0.47647488,0.5177083,196.2444,117.281876,9.02742
2.4768925,-7.2307596,-4.509011,0.7119634,-0.3436117,0.51923543,196.26451,117.168976,9.018453
2.26693,-7.327983,-4.6833673,0.8194757,-0.17348573,0.5018258,196.29295,117.04363,9.000883
2.0081768,-7.5198174,-4.866279,0.9388999,-0.0021380284,0.4560109,196.35182,116.89081,9.007192
1.7424111,-7.71567,-5.0581784,1.0445796,0.1908954,0.36713,196.42017,116.7266,9.002939
1.5406668,-7.84176,-5.2809377,1.1527027,0.4092797,0.23915374,196.52794,116.543304,9.045182
1.3286507,-7.97427,-5.515039,1.269378,0.65026605,0.119729586,196.64401,116.336624,9.06627
1.203421,-7.8665276,-5.359389,1.391551,0.874759,0.014966198,196.79768,116.11725,9.140897
1.1009063,-7.7174153,-5.1357203,1.4840971,1.0213667,-0.05009095,196.9826,115.889786,9.254176
0.8764553,-7.6474786,-4.5824924,1.529912,1.0693196,-0.06719518,197.15721,115.65374,9.336121
0.6320255,-7.5967474,-3.9737236,1.5696182,1.0793989,-0.032070424,197.35687,115.403824,9.432443
0.17413762,-8.047761,-3.503733,1.6102408,1.1230757,0.02107485,197.57579,115.13884,9.529129
-0.33163378,-8.632414,-3.0907636,1.6194037,1.1798862,0.07452556,197.8028,114.87618,9.617568
-0.92443633,-9.9124565,-2.9308317,1.5925257,1.3713925,0.09162979,198.08408,114.55886,9.698388
-1.538816,-11.425481,-2.8666427,1.4669929,1.6142114,0.07574729,198.39409,114.27332,9.785051
-1.9493436,-13.1888075,-3.1629207,1.2281445,1.7815884,-0.015882496,198.70734,113.9097,9.795284
-2.2595704,-15.138804,-3.6651926,0.92057395,1.7085901,-0.1685988,199.01056,113.61574,9.826658
-1.4017879,-16.393456,-3.6539314,0.57360244,1.2846496,-0.32742378,199.20422,113.29047,9.719715
-0.02240964,-17.332003,-3.4121847,0.23945917,0.5314528,-0.4896085,199.27159,113.068726,9.61759
1.9219791,-17.558346,-2.723052,0.12614368,-0.23182335,-0.55833083,199.16913,112.84061,9.397507
4.169748,-17.434528,-1.8039433,0.34697145,-0.9239337,-0.45814893,198.88676,112.61886,9.118043
5.289092,-16.393621,-0.9633706,0.82253003,-1.3497068,-0.26511553,198.62619,112.35515,9.010294
5.806158,-14.866585,-0.16602537,1.2928963,-1.3274102,-0.119729586,198.30748,112.035355,8.868399
5.154514,-13.36869,0.716604,1.500285,-0.88697636,-0.053145275,198.25116,111.67281,9.07565
3.927629,-11.8802595,1.6439005,1.3924674,-0.25259277,-0.063224554,198.25433,111.282555,9.273372
2.505485,-10.361948,2.3777244,1.067487,0.37934732,-0.10140363,198.4531,110.93257,9.6196785
0.947501,-8.794464,3.0237179,0.6356053,0.9334021,-0.12675454,198.79922,110.66103,10.002634
-0.44509783,-7.4429216,3.0574882,0.23884831,1.4040737,-0.11453723,199.23666,110.37094,10.291629
-1.6930273,-6.263812,2.73633,-0.021380283,1.8142698,-0.06047566,199.81212,110.16371,10.612672
-2.8047209,-5.4669204,2.1454005,-0.09132435,2.133447,-0.0012217305,200.39687,109.89886,10.766739
-3.8035028,-4.9723315,1.3482958,0.04428773,2.3542747,0.06078109,201.07439,109.64091,10.92749
-4.544145,-4.80062,0.8991028,0.30909783,2.4929411,0.16462818,201.69562,109.34085,10.89649
-5.0902414,-4.8724747,0.7122803,0.59956425,2.5540276,0.3042109,202.36282,108.98656,10.846063
-5.3678966,-5.2218657,0.88852143,0.79473567,2.6868908,0.39400807,202.94829,108.64338,10.645202
-5.445718,-5.7957983,1.350586,0.83077675,2.784629,0.5879578,203.5514,108.23583,10.37858
-5.3169465,-6.5137095,1.8480048,0.8020661,2.846632,0.8029824,204.11418,107.80092,10.012461
-5.028097,-7.375523,2.3972929,0.64476824,2.8249464,1.0076222,204.68011,107.37289,9.602018
-4.629019,-8.1890335,2.7903311,0.45020768,2.6902506,1.1960741,205.27603,106.82356,9.098766
-4.154314,-8.929014,3.0369914,0.31398472,2.422997,1.3701707,205.82925,106.28624,8.536991
-3.6539834,-9.5228,3.1718783,0.27855456,2.0436497,1.5106697,206.38927,105.659195,7.9407387
-3.1320841,-9.966873,3.1947687,0.35002577,1.6087136,1.6239853,206.85645,105.037506,7.2869496
-2.6325803,-10.338907,3.2626967,0.5012149,1.146594,1.6978999,207.27039,104.37231,6.6460743
-2.1478724,-10.617982,3.3997858,0.6649268,0.6786713,1.7223345,207.5526,103.69981,5.966145
-1.693736,-10.827461,3.591727,0.80848014,0.20341812,1.6982054,207.74539,103.01818,5.3372087
-1.2634404,-10.953165,3.862475,0.91996306,-0.28619036,1.6420058,207.79092,102.326775,4.690647
-0.8507645,-11.02488,3.9948912,1.0073168,-0.7696902,1.5870279,207.74493,101.624344,4.1083016
-0.4331433,-11.029627,3.9521801,1.0955868,-1.1728612,1.5192219,207.57,100.92167,3.5331194
-0.013672754,-11.01236,3.6521106,1.215011,-1.4358387,1.4737124,207.3398,100.19156,3.0321395
0.4358599,-10.9586115,2.9191768,1.3387111,-1.5234979,1.455081,207.03468,99.46081,2.5411346
1.048464,-10.934266,1.7306528,1.5106697,-1.4126259,1.4471397,206.73918,98.725,2.1350546
1.9594481,-10.952858,-0.24934304,1.7006488,-1.1169671,1.4489723,206.4639,97.97012,1.7437031
2.6762376,-10.961093,-1.6753227,1.8707749,-0.90102625,1.432479,206.20525,97.30239,1.4364871
3.0152001,-10.946355,-1.9651603,1.9935588,-0.3912592,1.3906348,206.10847,96.6137,1.1640606
3.308815,-10.87659,-2.060931,2.031127,0.1600467,1.351234,206.06941,96.338875,1.1228379
3.5313554,-10.690383,-1.7702659,2.0158553,0.70005155,1.2544118,206.16978,96.05507,1.1231136
3.7255552,-10.477212,-1.4419894,1.9071213,1.1609493,1.1392636,206.41933,95.92525,1.2478539
3.8375537,-10.089883,-0.86333036,1.7345519,1.5018122,0.98746365,206.7822,95.825,1.4157212
3.9291344,-9.692567,-0.30927518,1.5021176,1.7095064,0.8594874,207.2729,95.74383,1.6450686
3.8751998,-9.252103,0.04129845,1.2620476,1.7831156,0.7305948,207.81258,95.72933,1.9170167
3.8060026,-8.801576,0.39200008,1.0213667,1.754405,0.6377433,208.43192,95.69682,2.2103925
3.5121818,-8.625284,0.37940776,0.829555,1.6643023,0.5852089,209.04631,95.73572,2.5250297
3.2073421,-8.442381,0.3663432,0.6933321,1.5628988,0.5525276,209.66882,95.773796,2.833892
2.8125656,-8.482298,0.23952185,0.6203337,1.4498887,0.50976706,210.25604,95.8642,3.155858
2.406213,-8.571041,0.09005889,0.5907067,1.3182472,0.44012842,210.80327,95.99594,3.4894402
2.04857,-8.715432,0.030938014,0.59650993,1.1835514,0.36926803,211.2977,96.09629,3.7610497
1.7261595,-8.865284,-0.00084893196,0.61727935,1.0308352,0.30848694,211.74414,96.217285,4.0446463
1.4575286,-9.029836,0.03378187,0.6386596,0.86651236,0.2648101,212.11824,96.288185,4.247207
1.2151188,-9.195931,0.0921398,0.65393126,0.6994407,0.24251351,212.44353,96.3685,4.456257
0.9608874,-9.334434,0.047399007,0.61575216,0.5693264,0.23335053,212.70335,96.398895,4.594451
0.7056616,-9.45223,-0.060581107,0.5671884,0.46975538,0.24770586,212.92189,96.432144,4.728465
0.49447244,-9.545024,-0.098968565,0.514654,0.4382958,0.26328292,213.10748,96.41938,4.805531
0.30422792,-9.625877,-0.10372469,0.44837508,0.44440445,0.28099802,213.27415,96.418106,4.876479
0.13003016,-9.622167,-0.15691446,0.37415496,0.43585235,0.29138273,213.4047,96.397064,4.895478
-0.03673879,-9.574518,-0.2355341,0.34391713,0.4288274,0.3323107,213.5365,96.371056,4.9014964
-0.20494138,-9.526461,-0.31482962,0.28893927,0.44318274,0.38026363,213.65997,96.32626,4.8642006
-0.36960986,-9.479412,-0.39245903,0.24312437,0.46731192,0.42058071,213.78273,96.279594,4.818884
-0.49829477,-9.374052,-0.4565126,0.26450464,0.5155703,0.44806966,213.91937,96.21773,4.76117
-0.6048521,-9.2350645,-0.51210773,0.301462,0.55833083,0.4718934,214.0594,96.155106,4.6953635
-0.6238606,-9.087022,-0.48978528,0.3707952,0.57787853,0.52381694,214.16942,96.0449,4.559064
-0.5751123,-8.931027,-0.40691322,0.41355577,0.5757405,0.57818395,214.28287,95.93101,4.418839
-0.49330994,-8.859649,-0.25203052,0.4538729,0.5363397,0.6209445,214.378,95.78755,4.2484174
