acc_x,acc_y,acc_z,gyro_x,gyro_y,gyro_z,azimuth,pitch,roll
-1.6524171,7.4755735,6.321017,2.8481593,0.49357912,0.4129449,113.58152,-102.544914,-9.449066
-2.6623938,7.180997,7.157988,2.6123652,0.03359759,0.24220806,113.534706,-102.7526,-9.355225
-3.4999444,6.834828,6.940496,2.3542747,-0.37323865,0.054367006,113.59395,-102.96969,-9.88833
-4.305169,6.4729867,6.4716306,2.090381,-0.72143185,-0.124311075,113.77661,-103.1891,-10.453991
-4.4794345,6.4285374,5.640413,1.8683313,-0.9184359,-0.27214047,114.37979,-103.39776,-11.077908
-4.599224,6.410791,4.793013,1.6814066,-0.9810496,-0.37293324,115.026146,-103.62388,-11.708739
-4.498927,6.4137306,4.4523854,1.5015068,-1.0659598,-0.42913285,115.72998,-103.906425,-12.273473
-4.33572,6.4225526,4.25389,1.3176364,-1.2544118,-0.47647488,116.46657,-104.2012,-12.848157
-4.2003255,6.3994384,3.9272316,1.1447614,-1.4425583,-0.535118,117.1378,-104.58945,-13.437647
-4.0799003,6.354279,3.5057435,0.9975429,-1.5128077,-0.6093381,117.8156,-104.98201,-14.026226
-3.8183863,6.1136785,3.1008916,0.88789266,-1.4831808,-0.6411031,118.50142,-105.36867,-14.58611
-3.4937122,5.7844315,2.7076242,0.74464476,-1.412015,-0.6383542,119.1816,-105.75261,-15.134951
-2.905696,5.4224343,2.5052302,0.5375614,-1.348485,-0.62949663,119.82407,-106.15,-15.666473
-2.1305904,5.0348816,2.4334614,0.26542094,-1.3078625,-0.61727935,120.43899,-106.53173,-16.172697
-1.3214078,4.676359,2.3507297,-0.064751714,-1.2724323,-0.6041457,120.96641,-106.91256,-16.658514
-0.5006978,4.3433857,2.2616239,-0.3924809,-1.2342533,-0.56169057,121.46985,-107.26882,-17.108236
0.21374984,3.993676,2.108454,-0.6423248,-1.2165382,-0.50579643,121.913994,-107.63242,-17.558287
0.84798974,3.627226,1.9017388,-0.74067414,-1.1655309,-0.47586402,122.329895,-107.984474,-17.9639
1.3659313,3.3440816,1.6682241,-0.89552844,-1.1023064,-0.4175264,122.857346,-108.19422,-18.194014
1.7890067,3.1325438,1.398176,-1.0115929,-1.0134255,-0.35155296,123.35024,-71.60523,-18.38231
2.1793215,2.8994431,1.1480937,-1.1346822,-0.8848383,-0.267559,123.79805,-71.560875,-18.389454
2.508423,2.631099,0.9354436,-1.2082914,-0.7470882,-0.18875736,124.21289,-71.52135,-18.366514
2.763189,2.3992107,0.7373843,-1.2855659,-0.59528816,-0.12675454,124.56005,-71.57119,-18.238342
2.9375618,2.2054634,0.5533243,-1.3399329,-0.43951756,-0.06872234,124.863556,-71.62714,-18.082735
3.0193224,2.1207948,0.3183989,-1.378112,-0.301462,-0.01985312,125.113464,-71.72199,-17.874037
3.005182,2.1490755,0.030877871,-1.4569136,-0.18875736,0.03268129,125.3243,-71.8149,-17.643538
2.98113,2.1417937,-0.21065398,-1.5238034,-0.17134771,0.03634648,125.50788,-71.91364,-17.394773
2.9439125,2.09062,-0.40604508,-1.636508,-0.1994475,-0.004276057,125.67356,-71.99061,-17.139013
2.9241414,2.2631931,-0.730904,-1.8298469,-0.2003638,-0.07238753,125.78843,-72.04604,-16.894934
2.9330485,2.8287876,-1.2964985,-2.0604484,-0.052534413,-0.12186762,125.87057,-72.06582,-16.655565
2.9097857,3.6463692,-2.0329356,-2.3215933,0.28893927,-0.13347405,125.871666,-72.04102,-16.442375
2.7665334,5.4012094,-3.4040644,-2.6893342,0.9230174,-0.07727446,125.74485,-71.96369,-16.236649
2.6284807,7.4226465,-4.3288736,-3.1367931,1.7568485,0.008857546,125.37607,-71.89754,-16.046373
2.4962003,10.048654,-4.387665,-3.6801577,2.4898868,0.061391957,124.854385,-71.75769,-15.873032
2.5648854,12.391341,-3.9732997,-4.2650614,2.8341093,0.10903945,124.033455,-71.707054,-15.722137
2.980051,14.303903,-2.737132,-4.750088,2.755613,0.23762658,123.12487,-71.61343,-15.551616
3.2093825,15.915753,-1.908288,-4.817283,2.5708263,0.32162055,122.139595,-71.57608,-15.330859
3.0239832,16.890287,-1.9795954,-4.632802,2.053729,0.3933972,121.28372,-71.503,-15.070922
2.491126,17.568024,-1.9628134,-3.9852848,1.5995506,0.20830505,120.661804,-71.42604,-14.66627
0.9619905,17.51086,-1.7055756,-3.273016,1.357648,-0.093767814,120.142914,-71.33455,-14.284779
-1.0305877,17.537062,-1.3319545,-2.8081474,1.3115277,-0.32406402,119.69169,-71.27124,-13.9588995
-4.3758473,17.808922,-0.6177462,-2.7687466,1.3332134,-0.46273044,119.31457,-71.184845,-13.700685
-7.424653,18.093561,-0.06927499,-3.046385,1.1716396,-0.49388456,119.01984,-70.91929,-13.7164955
-9.194542,18.462482,-0.31677917,-3.4675765,0.713796,-0.3145956,118.809265,-70.64,-13.693813
-10.797608,18.812073,-0.5867906,-3.864639,0.2669481,0.115453534,118.920334,-69.93085,-14.181812
-11.071517,18.996252,-1.0023769,-4.1529675,0.08674286,0.52473325,119.05691,-69.23516,-14.561903
-11.204805,19.173937,-1.384433,-4.1960335,0.23884831,0.57848936,119.05756,-68.44481,-15.150867
-10.167118,19.270916,-1.4329231,-3.9681807,0.550695,0.40194935,119.05235,-67.72887,-15.633791
-9.123902,19.359865,-1.4666066,-3.5915823,0.8539896,0.24923302,118.96246,-67.10337,-16.103373
-7.748121,19.408138,-1.3893698,-3.1407638,1.138042,0.17867808,118.80518,-66.55054,-16.574274
-6.363564,19.453232,-1.3199569,-2.692694,1.427592,0.20433442,118.53557,-66.10246,-16.974352
-4.8263435,19.476955,-1.3057233,-2.3316727,1.7776178,0.28955013,118.17807,-65.74408,-17.373312
-3.3134212,19.499207,-1.2166696,-2.0900755,2.2094996,0.4184427,117.6285,-65.55499,-17.592169
-1.882618,19.508715,-0.34202564,-2.0317378,2.615725,0.61941737,116.98603,-65.439125,-17.781357
-0.4882107,19.517887,0.5724423,-2.1252003,2.8200593,0.80909103,116.207794,-65.43287,-17.79507
0.3994471,19.522585,1.9344568,-2.3331997,2.8053987,0.90408057,115.378555,-65.43888,-17.790646
1.3059268,19.392498,3.269209,-2.5781567,2.71102,0.85154617,114.58846,-65.456024,-17.601412
1.9738094,17.642185,3.5639985,-2.7757716,2.3634377,0.75319684,113.87936,-65.444145,-17.382523
2.6813276,15.78865,3.847774,-2.8264735,2.0436497,0.4071417,113.32809,-65.30573,-17.113249
3.175024,14.50326,3.6965516,-2.7504208,1.996613,-0.00580322,112.81733,-65.10563,-16.897057
3.6898367,13.095462,3.5320208,-2.518292,2.234545,-0.30726522,112.377075,-64.81506,-16.71203
3.3112314,12.523347,3.4899535,-2.233018,2.5375342,-0.39950588,111.95468,-64.50593,-16.592043
2.9115565,11.9193945,3.4455452,-1.9895881,2.7333164,-0.39736784,111.515305,-64.17708,-16.521746
2.43234,11.567516,3.029952,-1.7895297,2.8102856,-0.39614612,111.03809,-63.884563,-16.495226
1.9317794,11.263437,2.5340698,-1.6181821,2.8921416,-0.38698313,110.50821,-63.643456,-16.486263
1.3857286,11.229843,2.0581787,-1.4504995,3.090062,-0.31429017,109.8953,-63.40862,-16.552954
0.79486865,11.276903,1.561438,-1.2788464,3.3197472,-0.18478674,109.2489,-63.229504,-16.61215
0.10986765,11.099707,1.4741843,-1.1102476,3.490484,-0.053450707,108.48714,-63.099182,-16.756647
-0.5793252,10.900078,1.4314069,-0.89675015,3.5521815,0.0693332,107.6836,-63.045574,-16.876383
-1.2541326,10.121428,1.7702678,-0.66889745,3.4666603,0.13683382,106.79829,-63.055,-17.063643
-1.9291923,9.272916,2.154677,-0.47678033,3.211013,0.21777347,105.93322,-63.134357,-17.195639
-2.4766064,8.207745,2.348619,-0.3359759,2.8472428,0.27488935,105.09524,-63.205368,-17.40231
-3.0017052,7.1040645,2.5090659,-0.2134974,2.4510968,0.36041048,104.332344,-63.338085,-17.542168
-3.2870853,5.90388,2.5606418,-0.064446285,2.0998492,0.44623706,103.7098,-63.364197,-17.781773
-3.5426981,4.67694,2.5978217,0.08155051,1.7531832,0.49877146,103.199974,-63.427788,-17.96175
-3.687292,3.249529,2.6970415,0.27305678,1.5855007,0.4831944,102.87337,-63.306458,-18.39421
-3.8075438,1.7535983,2.812483,0.3915646,1.2599095,0.45906523,102.687,-63.2164,-18.746788
-3.903439,0.27882782,3.1791804,0.6038403,0.9104946,0.36041048,102.46529,-63.12757,-19.094902
-3.991348,-1.1554792,3.595592,0.7901542,0.5018258,0.20433442,102.366516,-63.04078,-19.41918
-4.1376987,-2.3124893,3.8915262,0.91965765,0.053450707,0.022296581,102.29779,-62.980907,-19.62122
-4.3042884,-3.3904219,4.1512103,0.9828822,-0.34025195,-0.19975294,102.35393,-62.895454,-19.84624
-4.439597,-4.0757036,3.6489232,1.0002918,-0.56230146,-0.46303585,102.568306,-62.66588,-20.126066
-4.568114,-4.6659284,2.944461,0.9465357,-0.5170974,-0.75625116,102.84834,-62.371002,-20.467087
-4.427962,-4.920167,2.3484166,0.8454375,-0.27458394,-1.029308,103.20828,-61.916325,-20.919903
-4.2082596,-5.0791,1.7781258,0.72143185,-0.013133603,-1.2599095,103.58251,-61.381443,-21.451094
-3.4754364,-4.9385076,1.52437,0.5626069,0.17989981,-1.4291192,103.86158,-60.77597,-22.133633
-2.5137632,-4.6733737,1.3895559,0.42821655,0.2687807,-1.4694363,104.115,-60.114765,-22.865023
-1.2112852,-4.22482,1.2662003,0.3155119,0.2556471,-1.4245378,104.302956,-59.453236,-23.638323
0.30426976,-3.653961,1.1550596,0.23884831,0.20891592,-1.2724323,104.47617,-58.7743,-24.406246
1.6802654,-3.058899,1.0177726,0.22174409,0.1518,-1.0806206,104.663666,-58.213795,-25.0031
2.9974685,-2.450959,0.86820006,0.22540927,0.09193522,-0.8155051,104.848206,-57.685863,-25.539423
4.080082,-1.7807504,0.82695436,0.2321288,-0.009773844,-0.47983465,105.05621,-57.383385,-25.771593
5.056046,-1.0890478,0.83169204,0.1994475,-0.18020524,-0.076358154,105.26882,-57.148117,-25.901443
5.5508294,-0.49261597,0.80079985,0.1328632,-0.37965274,0.30634892,105.42938,-57.05092,-25.834044
5.8239594,0.058352947,0.7537085,0.065973446,-0.6261369,0.59895337,105.622505,-57.016,-25.659605
5.610874,0.5914113,0.79835224,0.01282817,-0.7696902,0.7357872,105.82381,-57.15485,-25.236942
5.133852,1.1224356,0.8928566,0.0067195175,-1.0781772,0.98471475,106.098755,-57.36482,-24.67116
4.3811374,1.6054271,0.9848294,-0.0143553335,-1.3362677,1.1704178,106.40651,-57.70435,-23.937567
3.373382,2.0422866,1.074187,-0.020463986,-1.4975362,1.3066407,106.74691,-58.07019,-23.132013
2.37568,2.3670225,1.2835099,-0.03634648,-1.6077974,1.3927728,107.110374,-58.46381,-22.28185
1.3774549,2.6154072,1.5787596,-0.102319926,-1.6765196,1.4349225,107.490616,-58.846176,-21.395374
0.38202807,3.0189304,1.5759994,-0.2501493,-1.6606371,1.4410311,107.833115,-59.171272,-20.599588
-0.62526745,3.5616963,1.3168409,-0.5522222,-1.566564,1.4126259,108.16631,-59.434044,-19.804495
-1.5810002,4.3613977,0.62388533,-1.0531317,-1.473407,1.3231341,108.47936,-59.482407,-19.188593
-2.4996517,5.352195,-0.39096004,-1.6872098,-1.5253305,1.1972959,108.807976,-59.404846,-18.587471
-3.1446323,6.512365,-1.1642444,-2.243097,-1.8133535,1.1322387,109.04895,-59.119247,-18.280712
-3.5936408,7.792706,-1.7644044,-2.5250115,-2.1930063,1.2000448,109.32381,-58.74764,-17.95431
-4.3848486,9.042856,-2.3124862,-2.6316075,-2.0986276,1.3231341,109.28926,-58.229336,-18.156866
-5.54376,10.168245,-2.7578526,-2.6584857,-1.3655893,1.3121386,109.19687,-57.68642,-18.37617
-6.6645637,11.671269,-2.2486632,-2.4584272,-0.7309003,1.1071932,108.96955,-57.41923,-18.617579
-7.7345843,13.602865,-0.6366838,-2.0525072,-0.6203337,0.56199604,108.74037,-57.152462,-18.951464
-9.360038,15.247953,0.1344903,-1.2702943,-0.50488013,-0.35979962,108.270096,-57.011898,-19.678001
-11.868343,16.477417,-0.37902102,-0.41386122,-0.1142318,-1.2559389,107.775246,-56.88612,-20.533724
-12.53178,17.42627,-0.58621484,-0.004276057,0.1518,-1.6172657,107.420525,-56.664223,-21.410301
-10.979114,18.023449,-0.42378205,0.040317107,0.258396,-1.5653422,107.07925,-56.450462,-22.356098
-8.861506,18.477926,-0.36896247,0.040011674,0.57940567,-1.6010778,106.4823,-56.21004,-23.647434
-5.961933,18.771738,-0.44602755,0.073303826,0.72509706,-1.7660115,105.95136,-55.930336,-24.83862
-2.3319685,18.326252,0.03744798,0.34697145,0.47494772,-1.8732183,105.510574,-55.798134,-25.729843
2.1615853,16.985737,1.1985974,0.70432764,-0.05009095,-1.9172006,105.14042,-55.63945,-26.57302
5.182897,15.647269,1.947555,1.1004738,-0.7464773,-1.8469511,105.00896,-55.790684,-26.953753
6.2332463,14.273025,2.1418927,1.4975362,-1.5143349,-1.7012597,105.056335,-55.98106,-27.25246
7.0526457,13.090301,2.0760071,1.8634444,-2.2119431,-1.5561792,105.61775,-56.377476,-27.013254
7.468668,12.188083,1.4494674,2.232407,-2.8481593,-1.3252722,106.35667,-56.88921,-26.645811
7.6170573,11.5864315,0.7545469,2.636189,-3.3716707,-0.9440922,107.328384,-57.508133,-26.082584
7.3496766,11.431633,-0.08043141,3.0653217,-3.6630535,-0.48930305,108.37558,-58.264038,-25.404236
6.961034,11.341391,-0.7884339,3.4578028,-3.722002,-0.024740042,109.42331,-59.194405,-24.611094
6.285402,11.3797245,-1.2867725,3.8398988,-3.513697,0.3820962,110.42706,-60.28636,-23.7195
5.4877625,11.446657,-1.3921103,4.1303654,-3.1059444,0.66675943,111.24471,-61.54264,-22.822664
4.397968,11.579021,-0.62440073,4.320039,-2.7669141,0.7648033,111.99876,-62.8869,-21.893963
3.31123,11.781501,0.16815163,4.39487,-2.699719,0.68386364,112.62532,-64.257355,-21.052258
2.1803656,12.464831,1.173899,4.3310347,-2.9712486,0.46028697,113.259186,-65.59877,-20.244192
1.159055,13.250066,2.0630903,4.160298,-3.3869424,0.2134974,113.9962,-66.724075,-19.585085
0.7612468,14.894664,2.2571433,3.8331795,-3.7418551,0.037873644,114.80652,-67.74854,-18.97543
0.46638295,16.418562,2.3174553,3.381139,-3.90068,0.007941248,115.75173,-68.517265,-18.494154
0.76735103,17.213306,1.6120613,2.987131,-3.866777,0.16371189,116.739044,-69.22788,-18.017532
1.1326712,17.962215,0.9931421,2.8725939,-3.535688,0.2941316,117.65659,-69.89097,-17.575935
2.0500565,18.372625,1.0559106,2.9290988,-2.8325822,0.6010914,118.42881,-70.587975,-17.076614
2.953107,18.721912,1.2221723,3.3921347,-2.0045543,0.91415983,118.99786,-71.45195,-16.521791
3.7825758,18.635607,2.1523278,4.082107,-1.3637567,1.2089024,119.40392,-72.38842,-15.927477
4.5408163,18.409678,2.971454,4.612338,-1.0317514,1.461495,119.695854,-73.489784,-15.182267
4.80584,17.089209,2.9947016,4.8230867,-0.9282097,1.6297885,119.86971,-74.62448,-14.417597
5.0381956,15.724013,2.9755712,4.774523,-0.86742866,1.6636915,120.08406,-75.78406,-13.560974
4.8107133,14.286324,2.4660106,4.5631633,-0.6924158,1.5793921,120.23785,-76.88732,-12.721846
4.5434046,12.749397,1.9460523,4.2491784,-0.37965274,1.4004086,120.37042,-77.8875,-11.919179
4.104583,11.926084,1.9711279,3.9208386,0.018936822,1.2049317,120.42964,-78.770935,-11.164944
3.6474996,11.068508,1.9972469,3.6044104,0.36346483,1.0390818,120.39137,-79.48226,-10.514632
3.0962062,10.275395,2.2888334,3.3163874,0.59650993,0.9101892,120.27315,-99.935745,-9.917537
2.4832265,9.44316,2.6518927,3.0998356,0.7131852,0.79809546,120.09122,-99.47047,-9.368709
1.9054905,8.811777,2.845847,2.9804115,0.7296785,0.6948592,119.89441,-99.17876,-8.937106
1.2880962,8.1370535,3.0531151,2.8576276,0.70157874,0.5888741,119.71954,-99.03498,-8.634411
0.50364894,7.3650885,3.1837738,2.730873,0.63194007,0.49266282,119.55239,-98.94598,-8.361578
-0.28678295,6.6027193,3.2913473,2.6025913,0.5122105,0.3894266,119.407524,-98.907295,-8.124945
-0.99969095,5.975757,3.496769,2.4697282,0.2941316,0.29168814,119.33899,-98.99561,-8.062462
-1.6768947,5.3973126,3.7225034,2.3301454,0.16432275,0.20189096,119.2788,-99.09953,-8.03016
-2.179951,5.1067805,3.967311,2.1875083,-0.11759156,0.112704635,119.26738,-99.38034,-8.303535
-2.6110234,4.9095874,4.2057767,2.116648,-0.40317106,0.07147124,119.29622,-99.657036,-8.587088
-2.9406245,4.9627347,4.358432,1.9578232,-0.6771441,-0.002443461,119.4414,-100.16834,-9.30017
-3.2269685,5.1081796,4.4766054,1.790446,-0.90041536,-0.07727446,119.64999,-100.67999,-9.98559
-3.48187,5.2085056,4.4146113,1.6291776,-1.0522153,-0.16187929,120.07751,-101.035736,-10.422877
-3.717562,5.2821593,4.247663,1.4724907,-1.1200215,-0.26175576,120.534485,-101.39651,-10.875082
-3.933184,5.256446,3.909831,1.3625349,-1.1252137,-0.312763,121.07182,-101.736046,-11.297766
-4.13534,5.1859264,3.5008173,1.248914,-1.1050552,-0.3820962,121.61005,-102.09448,-11.742646
-4.049577,5.051441,2.8943803,1.1511755,-1.0412198,-0.47494772,122.13578,-102.47434,-12.190252
-3.8135166,4.8828263,2.181381,1.0729848,-0.9080512,-0.5467244,122.62566,-102.86093,-12.639691
-3.1308072,4.7344985,1.549806,0.95294976,-0.70616025,-0.5830709,123.04335,-103.280815,-13.102295
-2.2149599,4.5947113,0.95209515,0.7901542,-0.5021312,-0.5662721,123.41338,-103.69814,-13.560219
-1.252283,4.436385,0.91608185,0.602924,-0.41783184,-0.52106804,123.67879,-104.12292,-14.009094
-0.2539157,4.266851,1.1562551,0.40775254,-0.46975538,-0.45112398,123.91745,-104.52486,-14.436739
0.46922547,3.9790251,1.590281,0.16371189,-0.59712076,-0.39675698,124.054794,-104.96846,-14.914338
1.0451419,3.6129766,2.1515555,-0.112704635,-0.7119634,-0.35063666,124.19462,-105.37229,-15.345911
1.3840234,3.325291,2.4482794,-0.39400807,-0.7684685,-0.3155119,124.42381,-105.51292,-15.503939
1.5938684,3.0828035,2.6021655,-0.66950834,-0.78038037,-0.25381452,124.67193,-105.63224,-15.632052
1.6730527,2.979298,2.491931,-0.9086621,-0.7067711,-0.17195857,124.96939,-74.28909,-15.699569
1.668241,2.9648633,2.2080443,-1.103528,-0.63499445,-0.105068825,125.27256,-74.205894,-15.738019
1.5615492,2.9875617,1.8621948,-1.2360858,-0.4334089,-0.07544186,125.61121,-74.11271,-15.74248
1.3881055,3.0344384,1.4731182,-1.2947289,-0.21594086,-0.032070424,125.922386,-74.02016,-15.702739
1.264748,3.0418694,1.2499185,-1.3793337,-0.03023783,-0.024740042,126.167465,-73.94939,-15.6182785
1.1796067,3.0182192,1.1553171,-1.4355333,0.10995574,-0.026572637,126.36318,-73.86542,-15.515859
1.1886448,3.004667,0.9663456,-1.4926492,0.20463985,-0.040927973,126.4681,-73.78841,-15.411835
1.2844703,2.9998758,0.68366027,-1.5610662,0.27000242,-0.053450707,126.542915,-73.68846,-15.30557
1.4248407,3.31898,-0.05655475,-1.6759088,0.312763,-0.061391957,126.58822,-73.55655,-15.212673
1.6090007,3.9509838,-1.2410389,-1.7886134,0.3210097,-0.10720685,126.62931,-73.38805,-15.130822
1.7302657,4.75671,-2.3882706,-1.9602666,0.37782016,-0.2134974,126.60493,-73.20807,-15.053647
1.6248688,6.2370596,-3.4470322,-2.17804,0.49663344,-0.32925636,126.56531,-72.97839,-14.99214
1.5439802,7.946242,-4.312547,-2.4416285,0.7663304,-0.3662137,126.30028,-72.84724,-14.949094
1.5539726,10.514289,-4.462433,-2.765998,1.3023647,-0.33169982,125.926476,-72.66314,-14.933913
1.7181345,12.831611,-4.192135,-3.1780264,2.0393736,-0.24587326,125.279144,-72.54892,-14.959653
2.2501519,14.545888,-2.918931,-3.6819901,2.6251934,-0.21319197,124.52529,-72.36996,-15.008281
2.6892462,16.09749,-1.9003912,-4.2482624,2.6939158,-0.22021692,123.690796,-72.230446,-14.980921
2.7316184,16.982603,-1.9757199,-4.600426,2.3322835,-0.22693644,122.82232,-72.04586,-14.955186
2.617564,17.742502,-2.066272,-4.490776,1.8237382,-0.32406402,122.178825,-71.819824,-14.743107
1.5886089,17.785374,-2.247292,-3.9031234,1.4462235,-0.5830709,121.62172,-71.543076,-14.585734
0.5197705,17.796818,-2.2970307,-3.2592716,1.351234,-0.8582657,121.13558,-71.28368,-14.439788
-0.85976106,17.599743,-1.475881,-2.9177978,1.3118331,-1.0348058,120.76152,-71.016975,-14.336146
-2.2594154,17.461,-0.6808027,-2.8860328,1.2382239,-1.0708468,120.37194,-70.69025,-14.449021
-4.083863,17.9816,-0.08047037,-3.0503557,1.0238101,-1.0690142,120.05296,-70.35771,-14.58795
-5.9743233,18.503819,0.44223616,-3.4187074,0.5323691,-0.98532563,119.92064,-69.799065,-14.874269
-7.6413693,18.762823,-0.25943008,-3.8001926,-0.04062254,-0.68416905,119.86606,-69.26148,-15.067489
-9.264841,19.019629,-0.9828108,-4.086383,-0.3555236,-0.065973446,119.98865,-68.56449,-15.376724
-9.690448,19.145071,-1.6817017,-4.1706824,-0.23365596,0.44532076,120.12888,-67.898445,-15.594391
-10.11304,19.280697,-2.4295778,-3.9645154,0.17806722,0.54153204,120.12392,-67.222015,-16.011484
-9.458835,19.339407,-2.5805483,-3.5708127,0.6973027,0.44532076,120.03642,-66.65687,-16.324621
-8.759958,19.402128,-2.7418275,-3.1538973,1.1841623,0.37782016,119.767136,-66.20876,-16.686169
-7.8756213,19.439217,-2.6711676,-2.7663033,1.6331482,0.40958515,119.37877,-65.85203,-17.051113
-6.9775805,19.470648,-2.5589125,-2.4367414,2.0173824,0.44776422,118.89481,-65.56884,-17.434486
-5.885826,19.489897,-2.3183885,-2.1948388,2.3701572,0.4804455,118.20545,-65.35538,-17.795935
-4.745146,19.504276,-2.0356147,-2.0607538,2.673757,0.50610185,117.43952,-65.19969,-18.150791
-3.544948,19.515223,-1.4328176,-2.0909917,2.8835895,0.5635232,116.542465,-65.11033,-18.39386
-2.4011092,19.524374,-0.76481557,-2.250122,2.9245174,0.6575964,115.62053,-65.04066,-18.613972
-1.3751359,19.530546,0.29067442,-2.4691174,2.807842,0.72387534,114.68747,-65.01002,-18.693127
-0.42042536,19.535343,1.485262,-2.7421741,2.4801128,0.7049385,113.81763,-64.944405,-18.749279
0.33405757,18.51654,2.2332609,-2.9507847,2.053118,0.537256,113.080246,-64.86541,-18.661543
0.9979068,17.126755,2.7968163,-3.0699034,1.8936822,0.2312125,112.38315,-64.71559,-18.615395
1.4302297,15.369101,3.1303453,-3.050661,1.7308867,0.04795292,111.909546,-64.524506,-18.419277
1.7695458,13.512032,3.373369,-2.857933,1.7159204,-0.26542094,111.48245,-64.24646,-18.348928
1.6642487,12.296211,3.6986709,-2.5460863,1.8295414,-0.38606682,111.11994,-63.941547,-18.231344
1.3218791,11.410941,4.070387,-2.2360723,1.9251418,-0.3652974,110.785736,-63.63804,-18.161652
1.0086951,10.969802,3.829249,-1.949271,1.8985692,-0.35277468,110.495056,-63.288265,-18.135685
0.71695983,10.733635,3.3291311,-1.6649132,1.9929478,-0.3213151,110.14292,-63.012054,-18.119463
0.39976516,10.939788,2.6626856,-1.3521502,2.251344,-0.26267207,109.766815,-62.722233,-18.167755
0.06588463,11.39464,1.8981477,-1.0201449,2.5619688,-0.14966199,109.345535,-62.51617,-18.207241
-0.4060029,11.712981,1.5590991,-0.70524395,2.8215866,-0.016798794,108.79273,-62.393654,-18.311743
-0.95496434,11.963385,1.4387127,-0.3820962,2.910162,0.11789699,108.19325,-62.370144,-18.395927
-1.508109,11.759958,1.5630552,-0.09285152,2.9498682,0.24587326,107.42518,-62.485607,-18.522192
-2.0528402,11.334685,1.8067508,0.13988814,2.8753426,0.35094208,106.65624,-62.681755,-18.608267
-2.4177403,10.648888,2.1171927,0.3182608,2.6731462,0.4288274,105.88425,-62.928146,-18.723333
-2.6987705,9.82485,2.4649081,0.4596761,2.4217753,0.5216789,105.14055,-63.237446,-18.7853
-2.8121536,8.686153,2.834208,0.6078109,2.1206186,0.6038403,104.45011,-63.491074,-18.907839
-2.8355293,7.4191937,3.203543,0.7761043,1.78617,0.63529986,103.84387,-63.781715,-18.985062
-2.8473494,5.907322,3.5853233,0.96577793,1.426065,0.6273586,103.40334,-63.990463,-19.1107
-2.852186,4.2580757,3.972243,1.1322387,1.0659598,0.5897904,103.064835,-64.22174,-19.2016
-2.826292,2.6257658,4.375215,1.2470814,0.67164636,0.5170974,102.88579,-64.2565,-19.446781
-2.783218,0.98416406,4.791598,1.3017539,0.44959682,0.46089783,102.765465,-64.30484,-19.670702
-2.8647935,-0.49032167,5.5454507,1.2953397,-0.07086037,0.27030787,102.89411,-64.27485,-19.84216
-3.0156093,-1.8618023,6.4833364,1.1933253,-0.73792523,-0.0015271631,103.14423,-64.20184,-20.018835
-3.3583217,-2.8443666,6.7714515,1.0296134,-1.3451253,-0.28313604,103.54055,-64.08063,-20.096285
-3.837356,-3.6032333,6.6433926,0.8145888,-1.6639969,-0.6227771,104.07831,-63.85097,-20.234837
-4.1978383,-4.055947,5.6448917,0.5546656,-1.5128077,-0.9602802,104.793015,-63.37922,-20.44802
-4.470821,-4.281863,3.997585,0.26633725,-1.042747,-1.2739595,105.54058,-62.785336,-20.745346
-4.333837,-4.342765,2.6164145,0.018936822,-0.52015173,-1.5302174,106.250916,-62.019855,-21.219236
-3.8391094,-4.261111,1.4492408,-0.17165314,-0.13072516,-1.6954565,106.89715,-61.15464,-21.78104
-3.0863461,-4.067417,0.5416413,-0.28130344,0.10781772,-1.7730364,107.28328,-60.31515,-22.537292
-2.1047235,-3.7753246,-0.1478888,-0.3200934,0.25778514,-1.7137824,107.59852,-59.435814,-23.333874
-0.9958689,-3.327788,-0.62755775,-0.31764993,0.33658674,-1.543351,107.75731,-58.682365,-24.125435
0.19025624,-2.7607162,-0.9158193,-0.27122417,0.37934732,-1.3054191,107.876656,-57.94661,-24.900972
1.1889564,-2.2172701,-1.1861135,-0.21655174,0.4392121,-1.0436633,107.89136,-57.408268,-25.523037
2.021828,-1.6919932,-1.4416536,-0.1563815,0.5122105,-0.7360926,107.859406,-56.936253,-26.080526
2.7751884,-1.1859764,-1.5446095,-0.09437868,0.54000485,-0.41233405,107.76943,-56.70226,-26.386763
3.44126,-0.70413715,-1.4926465,-0.02565634,0.4361578,-0.09987647,107.662346,-56.54708,-26.608797
3.6692848,-0.17086723,-0.97272885,0.03390302,0.17684549,0.17684549,107.44913,-56.516544,-26.696228
3.4074957,0.42283264,0.074426845,0.10781772,-0.19792034,0.4007276,107.27496,-56.563118,-26.690388
3.010376,0.85604876,0.8417809,0.22632557,-0.3930918,0.56291234,107.09282,-56.736473,-26.531488
2.4149106,1.073902,1.2339166,0.32895094,-0.7443393,0.63224554,107.05835,-56.94579,-26.289606
1.8648696,1.3570739,1.4951742,0.37690386,-1.065349,0.75228053,107.249435,-57.245865,-25.811718
1.3511134,1.7423911,1.5903141,0.44806966,-1.3579534,0.8341365,107.53057,-57.569237,-25.293295
0.7778092,2.3833694,1.4710102,0.45020768,-1.6056592,0.8927795,107.91185,-57.83763,-24.768871
0.05808253,3.493941,0.99437004,0.32803464,-1.779756,0.92485,108.34625,-58.10099,-24.207966
-0.6215906,4.79807,0.44979578,0.04337143,-1.8768835,0.89949906,108.80577,-58.302826,-23.683834
-1.2944764,6.619668,-0.28557226,-0.43371433,-1.9016235,0.8222246,109.2906,-58.43147,-23.15613
-1.9155289,8.534011,-0.65165645,-1.0714576,-1.9190332,0.7031059,109.65774,-58.51438,-22.753975
-2.4893742,10.86259,-0.23905689,-1.7993035,-2.0060816,0.68325275,110.04302,-58.483414,-22.339632
-3.176588,12.989921,0.07611348,-2.488665,-2.175902,0.88025683,110.22655,-58.500244,-22.000875
-4.2291126,14.728253,0.14755182,-3.0088167,-2.1563544,1.0852021,110.37683,-58.39685,-21.68115
-5.3604927,16.198145,0.2539062,-3.2293391,-1.4563028,1.0659598,110.32165,-58.31133,-21.392159
-6.871259,16.93344,0.48694998,-3.00057,-0.550695,0.73914695,110.216354,-58.17936,-21.168955
-8.338836,17.647713,0.71333146,-2.3542747,-0.20250183,0.14202617,110.00258,-58.051056,-21.171482
-8.657794,18.107538,0.43667528,-1.3075571,-0.110872045,-0.5186246,109.67127,-57.97225,-21.346155
-8.706723,18.516766,0.03189702,-0.29535335,0.09285152,-1.0274754,109.28042,-57.926937,-21.678574
-7.3896623,18.635843,-0.14890987,0.26450464,0.29229903,-1.2461652,108.83021,-57.72485,-22.421103
-5.2544813,18.588888,-0.20327792,0.33964106,0.56779927,-1.3072516,108.361244,-57.551464,-23.21999
-3.1047633,18.541615,-0.2580161,0.21533,0.7443393,-1.4135422,107.845085,-57.4506,-24.033115
-0.97514045,18.494781,-0.3122426,0.2828306,0.9401216,-1.4789047,107.26001,-57.371666,-24.828281
0.8114631,17.975002,0.056464974,0.41141775,0.91415983,-1.5650368,106.71647,-57.23446,-25.600557
2.504194,17.293076,0.5691206,0.68386364,0.5717699,-1.6093245,106.225464,-57.111084,-26.321346
3.9706469,16.009684,0.91417485,0.93615097,-0.047647487,-1.5604553,106.02281,-57.373154,-26.4561
5.3471193,14.563221,1.2034672,1.2342533,-0.8170323,-1.4575244,105.96623,-57.670334,-26.538895
6.252655,13.417698,1.0626175,1.602605,-1.5635096,-1.312444,106.22062,-58.08231,-26.37074
6.9921193,12.367841,0.7522251,2.084883,-2.2602015,-1.0458013,106.66416,-58.601486,-26.082682
7.3831677,11.730884,0.22786224,2.6847527,-2.8991663,-0.6224717,107.40341,-59.26816,-25.555176
7.55765,11.347022,-0.4451417,3.2873714,-3.3735032,-0.14966199,108.2628,-60.08128,-24.905008
7.233109,11.3801,-1.067266,3.7818668,-3.6816847,0.33292156,109.22616,-61.0885,-24.080578
6.677695,11.607963,-1.660657,4.1648793,-3.7992764,0.74372846,110.22826,-62.262283,-23.138872
5.86841,11.797856,-1.8959512,4.4361033,-3.6816847,1.0241156,111.14642,-63.606136,-22.130949
4.919531,11.971255,-1.953751,4.5616364,-3.5268304,1.1478158,112.06343,-65.034485,-21.068312
3.6046581,12.104795,-1.387652,4.552168,-3.4810157,1.0754282,112.88261,-66.48634,-20.078905
2.124354,12.217581,-0.5229664,4.410447,-3.5949419,0.8570439,113.70642,-67.90121,-19.122831
0.84221756,12.623319,0.2097972,4.162741,-3.8008037,0.5510005,114.51947,-69.14597,-18.340836
-0.33913162,13.20015,0.8743062,3.835012,-3.9177842,0.28069258,115.35085,-70.272285,-17.634602
-1.2722191,14.3082075,1.0986452,3.4370334,-3.8029416,0.121256754,116.23294,-71.060036,-17.16937
-2.0228934,15.868432,0.9710796,3.0521882,-3.3829718,0.106595986,117.06087,-71.74346,-16.763517
-2.4609444,16.953413,0.6745839,2.8414397,-3.0607402,0.22815818,117.90499,-72.19411,-16.516727
-2.6835253,17.7064,0.26730832,2.900999,-2.2644775,0.31490102,118.47954,-72.5935,-16.324512
-2.3072445,18.131603,0.53068036,3.0482175,-1.4947872,0.49602258,118.899826,-72.974976,-16.142118
-1.4869331,18.320179,1.2897041,3.467882,-1.0641272,0.6441574,119.181526,-73.367195,-15.965344
-0.29868189,18.109404,2.1167715,3.8652499,-1.0519099,0.80848014,119.299286,-73.79226,-15.757255
1.1954681,17.562649,2.9981785,4.09127,-1.2855659,1.024421,119.36496,-74.231544,-15.506655
2.5500495,16.865349,3.3924327,4.1703773,-1.5528195,1.2592987,119.59685,-74.77519,-15.095034
3.7973487,16.00663,3.320473,4.138001,-1.7162259,1.4453071,119.86881,-75.30839,-14.650326
4.571514,14.984273,2.8505232,4.0818014,-1.6536123,1.5070046,120.30087,-75.97193,-14.023995
4.9004264,13.73002,1.938339,4.0088034,-1.3539828,1.3927728,120.70641,-103.42051,-13.414313
5.0580754,12.525606,0.99850535,3.9257255,-0.84513205,1.1679744,121.05345,-102.76479,-12.711287
4.797886,11.427608,-0.021437177,3.7882807,-0.22968534,0.9486737,121.27632,-102.2031,-12.053082
4.5282226,10.578131,-0.6205207,3.6254852,0.38331795,0.82527894,121.28511,-101.74899,-11.412373
4.2460155,10.032849,-0.70183456,3.4074063,0.84513205,0.75747293,121.1582,-101.412735,-10.818644
3.9544668,9.572389,-0.2927192,3.2400293,1.0906999,0.6792821,120.857086,-101.27386,-10.292645
3.6496162,9.215948,0.73439264,3.1410692,1.0903945,0.63071835,120.49734,-101.224464,-9.773644
2.9024355,8.778649,2.3416395,3.0863967,0.83108217,0.57879484,120.140564,-101.30971,-9.32059
1.4533119,8.204646,4.8870153,3.0246992,0.43279803,0.52198434,119.82639,-101.46533,-8.887963
0.2506075,7.687017,6.4273314,2.9064968,0.027488936,0.44348818,119.70248,-101.61753,-8.56291
-0.5854726,7.2265024,6.1009474,2.7528641,-0.31764993,0.32375857,119.67248,-101.80049,-8.281178
-1.4140519,6.780262,5.643725,2.5555549,-0.4266894,0.26145032,119.760796,-101.9079,-8.729171
-2.2338526,6.3879647,4.542275,2.4578164,-0.5311473,0.1282817,119.955925,-102.056816,-9.216332
-2.9495366,6.0068374,3.6076746,2.264172,-0.5342017,-0.03634648,120.19754,-102.332466,-9.888927
-3.4004533,5.639242,3.107745,2.1197023,-0.47891834,-0.18692477,120.45016,-102.643105,-10.551314
-3.766306,5.2782693,2.8822184,1.9892827,-0.46517387,-0.28802297,120.729996,-103.08647,-11.190853
-3.9334939,4.93434,3.293023,1.8322903,-0.54428095,-0.3726278,121.004715,-103.53421,-11.838507
-4.083716,4.5958185,3.505363,1.6438384,-0.76174897,-0.44868052,121.32838,-103.983505,-12.362344
-4.1937194,4.270393,3.2486894,1.464244,-1.0598512,-0.5170974,121.686905,-104.427345,-12.902474
-4.2036858,3.979278,2.8911297,1.2568552,-1.2770138,-0.60139686,122.16664,-104.81011,-13.388043
-3.7624516,3.7882283,2.0086625,1.0946705,-1.276403,-0.7107417,122.66116,-105.2008,-13.896862
-3.2605002,3.599957,1.1688588,0.9789116,-1.0210613,-0.77182823,123.12657,-105.610985,-14.402404
-2.1095457,3.4677198,0.9337702,0.86437434,-0.691194,-0.7684685,123.564125,-106.016815,-14.913948
-0.9967273,3.337831,0.75646067,0.6933321,-0.44806966,-0.73639804,123.84507,-106.45428,-15.415811
-0.17137846,3.2269633,0.9823024,0.4981606,-0.32650748,-0.68691796,124.05857,-106.870895,-15.899929
0.6580758,3.115544,1.2092675,0.25900686,-0.28130344,-0.6310238,124.18382,-107.267685,-16.431856
1.2631572,3.0015762,1.4724265,0.014049901,-0.30573806,-0.57451874,124.2862,-107.62651,-16.919584
1.8143255,2.8865497,1.7456143,-0.23640485,-0.321926,-0.49877146,124.36896,-107.940384,-17.358599
2.1520154,2.949598,1.7260523,-0.453262,-0.28252518,-0.39858958,124.52932,-107.99302,-17.506245
2.4266555,3.0537717,1.636084,-0.65118235,-0.16187929,-0.2770274,124.67288,-108.006325,-17.616991
2.46894,3.1276026,1.5421267,-0.8191703,-0.10445796,-0.15851954,124.86984,-107.90613,-17.622295
2.4547405,3.1938665,1.447464,-0.9773844,0.035124753,-0.099571034,125.01099,-107.788574,-17.598577
2.3404946,3.200819,1.3972995,-1.0516045,0.1881465,0.009773844,125.16192,-107.56492,-17.445728
2.1992278,3.1914012,1.3596283,-1.1710287,0.30298916,0.08857546,125.286194,-107.33812,-17.277845
2.0837176,3.0733747,1.1750238,-1.2538009,0.38362336,0.13225232,125.37738,-107.0958,-17.073236
1.9800873,2.9246876,0.94974047,-1.3426818,0.40317106,0.14263703,125.45674,-106.8534,-16.85105
2.0150533,2.8085318,0.31670025,-1.4501941,0.40133846,0.14019357,125.51442,-73.35816,-16.63864
2.123038,2.7103639,-0.52754414,-1.5344934,0.4269948,0.101098195,125.56234,-73.54262,-16.430103
2.3707418,2.8299787,-1.5552034,-1.6285667,0.44929138,-0.0061086523,125.58236,-73.6742,-16.254171
2.6674104,3.0339384,-2.6259918,-1.7983873,0.51923543,-0.15699236,125.58547,-73.75815,-16.099463
2.9670768,3.926131,-4.1488686,-2.0457878,0.7131852,-0.30176744,125.42162,-73.821976,-15.968088
3.2695947,5.175236,-5.9103017,-2.3530529,1.151481,-0.39706242,125.169014,-73.83398,-15.868399
3.3447106,7.118874,-7.1720834,-2.7507262,1.8747455,-0.38331795,124.647514,-73.86827,-15.771328
3.320305,9.39836,-8.231288,-3.212235,2.8322768,-0.2779437,123.93078,-73.87312,-15.686756
3.178373,11.665831,-6.940503,-3.7137554,3.5973854,-0.18173242,122.86572,-73.96017,-15.586696
2.991933,13.925846,-4.757793,-4.2195516,3.7635407,-0.040317107,121.70301,-74.05631,-15.450862
2.6657076,15.522569,-3.0243235,-4.5732427,3.4089334,0.20341812,120.36711,-74.277534,-15.223221
2.2413054,16.746428,-1.5241103,-4.49719,2.6371052,0.3268129,119.12748,-74.4884,-14.991261
0.6295256,17.55305,-0.92360157,-3.911981,1.7779233,0.13500121,118.34847,-74.68253,-14.624327
-1.5341392,18.130026,-0.7886634,-3.1477885,1.1163563,-0.26175576,117.75404,-74.82723,-14.292657
-3.8674607,18.442135,-0.7164201,-2.581211,0.8707884,-0.7128797,117.50241,-74.81362,-14.020301
-6.323087,18.593176,-0.6823142,-2.4517076,0.5140431,-0.90285885,117.48296,-74.74892,-13.784889
-8.978825,18.78962,-0.9880752,-2.5024095,0.28069258,-1.0968086,117.53349,-74.28668,-14.046058
-11.798071,19.014967,-1.4867175,-2.8194485,-0.02107485,-0.87781334,117.70054,-73.86855,-14.217411
-13.744341,19.132647,-2.1286104,-3.1951306,-0.23060162,-0.34697145,118.12542,-73.136734,-14.750035
-15.202106,19.189814,-2.852729,-3.5005634,-0.33964106,0.022602014,118.572395,-72.43642,-15.204556
-15.072634,19.260078,-3.3411136,-3.6673295,-0.36254853,-0.12339478,118.79701,-71.46844,-16.019224
-13.982735,19.339598,-3.6966174,-3.6838229,-0.21899518,-0.40744713,118.990135,-70.59994,-16.699493
-12.29473,19.398352,-3.8308427,-3.6224308,0.030848695,-0.54275376,118.97105,-69.67021,-17.511856
-10.214467,19.440144,-3.7983387,-3.5338554,0.3036,-0.49663344,118.92273,-68.7781,-18.286558
-8.160458,19.470068,-3.7778409,-3.378085,0.48502702,-0.35369098,118.901825,-68.04767,-18.913988
-6.107843,19.489386,-3.7681816,-3.1685581,0.713796,-0.13775012,118.78507,-67.40849,-19.476822
-4.1788883,19.503435,-3.7965543,-2.9404,1.16492,0.12644911,118.50499,-66.98433,-19.79821
-2.3170524,19.513107,-3.8594215,-2.765387,1.6194037,0.40011674,118.14988,-66.655174,-20.051601
-0.76013166,19.520134,-3.492692,-2.7146852,1.9700404,0.6423248,117.59877,-66.539246,-20.054674
0.53082734,19.524899,-2.7686117,-2.8334985,2.209805,0.82619524,116.94112,-66.478,-20.016455
1.370126,19.529636,-2.096421,-3.0133982,2.3558018,0.88453287,116.20901,-66.56849,-19.784462
1.8148795,19.534319,-1.4737661,-3.1505375,2.4959953,0.7874053,115.41328,-66.647125,-19.564013
2.1408918,19.204723,-1.0818169,-3.157257,2.7895162,0.5403103,114.610275,-66.74789,-19.24739
2.3368144,18.560978,-0.9325425,-2.957504,3.00057,0.17928895,113.81068,-66.79605,-19.003267
2.4184597,17.149763,-0.33470932,-2.5644124,3.0219505,-0.032070424,113.03128,-66.841545,-18.743185
2.367297,14.842784,0.7862228,-2.3225098,2.921463,-0.42821655,112.26877,-66.760605,-18.648188
2.2778425,12.945948,1.6507759,-1.8555032,2.769663,-0.5925393,111.5193,-66.76626,-18.546635
2.122171,11.574093,2.1664376,-1.5012014,2.682004,-0.58093286,110.79928,-66.74466,-18.505032
1.894025,10.519067,2.4980679,-1.2348641,2.5876253,-0.5183192,110.20283,-66.61953,-18.52845
1.5502661,9.9003,2.5668197,-0.98715824,2.4810293,-0.47311515,109.639244,-66.555534,-18.543299
0.84484726,9.917042,2.6779222,-0.76144356,2.4422393,-0.41050145,109.10283,-66.46013,-18.58303
-0.43665117,10.811221,2.8596272,-0.56138515,2.4349089,-0.31703907,108.58668,-66.4243,-18.592968
-1.409893,11.43987,3.091858,-0.41691554,2.3704627,-0.22510384,108.07899,-66.37411,-18.64028
-1.9239022,11.6709385,3.4030929,-0.31581733,2.3075435,-0.124311075,107.56962,-66.37749,-18.655388
-2.3140547,11.658203,3.675783,-0.21685717,2.1975877,0.005497787,107.05814,-66.329895,-18.78175
-2.4931784,11.2080965,3.8870568,-0.12370021,2.02624,0.12644911,106.582726,-66.32231,-18.870026
-2.6007605,10.615769,4.0757265,-0.035124753,1.8509218,0.2611449,106.13882,-66.284225,-18.98927
-2.5070431,9.555284,4.213836,0.048563786,1.6759088,0.3857614,105.74437,-66.288605,-19.06224
-2.4118493,8.321336,4.3892775,0.13561209,1.4581354,0.5045747,105.41287,-66.25732,-19.152029
-2.3138556,6.7044444,4.647624,0.24678956,1.2687671,0.6010914,105.1246,-66.2691,-19.200514
-2.2601206,5.0474715,4.919856,0.41050145,1.0256428,0.63621616,104.97858,-66.22689,-19.286228
-2.466253,2.920561,5.3133817,0.5665775,0.6957755,0.5928447,104.91824,-66.20666,-19.345041
-2.697276,0.76514095,5.688939,0.6826419,0.29046643,0.441961,105.06276,-66.039795,-19.515102
-3.076831,-1.2038008,5.854994,0.6740898,0.06688975,0.19608775,105.26045,-65.84945,-19.705044
-3.457823,-3.0790482,5.91275,0.6365216,-0.36254853,0.042760566,105.499084,-65.71388,-19.72523
-3.8279524,-4.0367575,5.0383196,0.47983465,-0.7330383,-0.32467487,105.82441,-65.44243,-19.862827
-4.176789,-4.971609,4.0755897,0.24373524,-0.9236283,-0.71929383,106.26103,-65.00583,-20.10089
-4.06874,-5.112903,2.5213547,-0.040011674,-0.72204274,-1.1081096,106.72598,-64.44119,-20.44239
-3.9541707,-5.2627244,0.8733213,-0.3408628,-0.22082779,-1.4886786,107.109924,-63.717434,-21.014685
-3.1084871,-5.052516,-0.4710349,-0.6188065,0.39675698,-1.7742581,107.43675,-62.87081,-21.698053
-2.0837693,-4.7673874,-1.7184837,-0.8402451,0.9257663,-1.9407189,107.67924,-61.91169,-22.49181
-0.9222659,-4.496661,-2.019776,-0.9987647,1.2675453,-1.9743165,107.63963,-60.9965,-23.43551
0.46571657,-4.1786804,-2.3576682,-1.069625,1.3997977,-1.9113973,107.41476,-60.202435,-24.357458
1.5448997,-3.9918985,-2.3784215,-1.0506883,1.4037683,-1.7324139,107.11733,-59.406013,-25.284546
2.7705083,-3.7797737,-2.401991,-0.97433007,1.3674219,-1.4865406,106.77005,-58.78542,-26.02328
3.7216613,-3.4587424,-2.1859624,-0.8863655,1.2812898,-1.1673635,106.40883,-58.226536,-26.694197
4.6343927,-3.1344216,-1.9543046,-0.7733554,1.1621711,-0.7867944,106.03499,-57.754486,-27.279875
5.161699,-2.6312268,-1.5521663,-0.6826419,0.97005403,-0.3735441,105.69796,-57.49989,-27.591372
5.6346793,-2.100239,-1.1238064,-0.5510005,0.66431594,0.034513887,105.394485,-57.36231,-27.779865
5.530414,-1.2226843,-0.6987785,-0.39675698,0.27122417,0.3933972,105.17476,-57.37712,-27.74214
5.2215514,-0.26122522,-0.29526466,-0.18173242,-0.19822577,0.67103547,105.04512,-57.50005,-27.583174
4.5972257,0.5821928,0.012357414,0.061391957,-0.6398814,0.8772025,105.0335,-57.657677,-27.317656
3.9091673,1.4059904,0.3025588,0.30115658,-0.82711154,1.063211,105.069275,-57.898834,-26.973099
3.1592567,1.7390293,0.71262735,0.47586402,-1.1728612,1.1520919,105.32083,-58.322292,-26.382446
2.3930213,1.9404117,1.1546862,0.5323691,-1.5115861,1.3222178,105.5977,-58.81874,-25.708948
1.641451,1.8721408,1.5520391,0.6072,-1.8567249,1.4810427,105.97461,-59.387592,-24.95832
0.9092287,1.7547975,1.9322315,0.6469063,-2.1685717,1.5796975,106.42744,-59.979687,-24.150938
0.3840746,1.7407225,2.0308347,0.6389651,-2.3283129,1.6490307,106.94916,-60.50975,-23.360462
-0.09810647,1.7497352,2.0668855,0.550695,-2.3209825,1.670411,107.501434,-61.033638,-22.544947
-0.7582372,2.1634598,1.965783,0.36193767,-2.225382,1.6358972,108.08449,-61.358135,-21.875301
-1.4860796,2.7507534,1.8051556,0.042760566,-2.1792617,1.5409076,108.67423,-61.616814,-21.217678
-2.2495356,3.9011793,1.0139471,-0.43279803,-2.331978,1.3720033,109.245766,-61.570583,-20.820002
-3.0367594,5.2238984,0.03907124,-1.0155635,-2.5573874,1.1780536,109.830536,-61.403286,-20.451527
-3.809359,6.974309,-0.17558923,-1.5143349,-2.7937922,1.1200215,110.35196,-60.937954,-20.387045
-4.581574,8.937652,-0.039316054,-1.8774943,-2.723848,1.2348641,110.85076,-60.39502,-20.306164
-5.644096,11.344092,0.2772481,-2.339003,-1.6019942,1.3558154,110.895035,-59.921986,-20.421804
-6.779988,13.857254,0.6416802,-2.8658743,0.21502456,1.0277808,110.75998,-59.31493,-20.692652
-7.990015,15.37894,0.783629,-3.2494977,1.174083,0.19425514,110.5351,-58.7771,-20.995499
-9.242354,16.612726,0.8578417,-2.8890872,1.4401149,-0.69974613,110.053085,-58.230698,-21.511377
-8.1776085,17.44938,0.67103624,-1.6337591,1.5897768,-1.3536774,109.32334,-57.80301,-22.274206
-6.056136,18.105556,0.36514962,-0.37201694,1.4422529,-1.5381587,108.672714,-57.38151,-23.098843
-3.48821,18.497885,0.8165041,0.26145032,1.0375546,-1.3503176,108.0135,-56.978508,-24.108662
-0.6826098,18.809618,1.5486052,0.45875978,0.84574294,-1.2244794,107.3848,-56.68052,-25.105448
1.4032521,18.550577,1.2720821,0.5381723,0.52015173,-1.2024882,106.921364,-56.796745,-25.584362
3.1915236,18.036207,0.5461977,0.5907067,0.37384954,-1.1890492,106.45939,-56.93987,-26.009212
4.5449142,16.906092,0.22668509,0.75747293,0.3222314,-1.1588113,106.259796,-57.28704,-26.001123
5.692817,15.525979,0.08648317,0.93584555,0.14538592,-1.0809261,106.13702,-57.642902,-25.950747
6.5383673,14.026932,0.078011505,1.0900891,-0.3109304,-0.9718866,106.09638,-58.165295,-25.710709
7.1093416,12.404414,0.19220626,1.3066407,-0.9062186,-0.7715228,106.13364,-58.751915,-25.401434
7.354176,11.140309,-0.0028318812,1.6392568,-1.4321736,-0.44806966,106.32992,-59.44287,-24.923336
7.278684,10.258001,-0.4888088,2.094657,-1.8142698,-0.06383542,106.633766,-60.243458,-24.34029
6.855722,9.610009,-0.9184132,2.5909848,-2.0540345,0.301462,107.10054,-61.116478,-23.637556
6.041903,9.193637,-1.3016651,3.057075,-2.195755,0.5766568,107.62049,-62.124813,-22.83759
5.1234,8.922642,-1.4522438,3.4238997,-2.2440135,0.74006325,108.11196,-63.23648,-22.022484
4.0651093,8.829654,-1.314976,3.6624427,-2.21683,0.79626286,108.60719,-64.43533,-21.165596
2.9113786,8.998643,-0.659555,3.7669005,-2.1395555,0.72418076,109.03287,-65.61096,-20.429035
1.5536711,9.814281,1.2655528,3.7549887,-2.1481075,0.5412266,109.48034,-66.77461,-19.714481
-0.12801294,11.206053,2.568748,3.6532795,-2.3851233,0.24495697,109.97469,-67.75312,-19.187996
-2.330759,13.500379,2.9398892,3.4730744,-2.7394252,-0.096516706,110.51913,-68.631996,-18.73184
-3.6685266,15.340468,2.724158,3.2159002,-2.9709432,-0.35643986,111.284256,-69.16195,-18.44588
-3.740267,16.507448,1.6576146,2.9095511,-2.9596422,-0.47403142,112.086555,-69.59211,-18.220701
-3.6658664,17.409807,0.88022304,2.6477954,-2.8316658,-0.39400807,112.788475,-69.72457,-18.273466
-3.3513048,17.974167,0.49164695,2.6502388,-2.313652,-0.116980694,113.357925,-69.86088,-18.320177
-2.7729454,18.445353,0.54357517,2.7394252,-1.5619824,0.067500606,113.68159,-70.08652,-18.349302
-1.5119433,18.716204,1.680253,3.057686,-0.9126327,0.37812558,113.86226,-70.416306,-18.282454
-0.18044719,18.815113,2.753584,3.4532213,-0.6918049,0.5900958,113.95009,-70.850815,-18.132593
1.6886518,17.705172,3.413266,3.7562103,-0.8750645,0.8029824,113.96237,-71.34015,-17.9119
3.3493,16.561174,3.7829573,3.8826594,-1.2498302,1.0641272,114.168816,-72.00555,-17.436758
4.5425525,15.302153,3.4494102,3.9174788,-1.568091,1.3839152,114.40941,-72.71578,-16.899788
5.4499903,13.98021,2.9510584,3.8973203,-1.7498235,1.6670512,114.85138,-73.592705,-16.14593
5.4933376,12.410088,1.9155482,3.8557813,-1.7794504,1.8548924,115.33413,-74.49272,-15.347212
5.3711615,10.996215,0.9214429,3.791946,-1.6261233,1.8429805,115.80969,-75.483116,-14.439899
4.7575693,10.054422,0.0557548,3.7131443,-1.2892311,1.6267341,116.234566,-76.42043,-13.557578
4.2088513,9.250601,-0.63052493,3.6010506,-0.79045963,1.3362677,116.48855,-102.738495,-12.738158
3.874153,8.894447,-0.742091,3.4449747,-0.2406809,1.1459832,116.62987,-101.997955,-11.961251
3.5055742,8.518131,-0.8017557,3.2333097,0.28160888,1.0454959,116.57383,-101.48467,-11.328444
3.0269578,8.209792,-0.16206627,3.0543263,0.7480045,0.97433007,116.37756,-101.10311,-10.739489
2.5094872,7.8878226,0.57103103,2.9217684,1.0720685,0.8961393,116.066666,-100.88712,-10.228982
1.9796805,7.7057014,1.8582954,2.8725939,1.1979067,0.8335256,115.682335,-100.766815,-9.729294
1.4424362,7.5210238,3.1636314,2.83808,1.0897835,0.786489,115.364494,-100.749306,-9.331125
0.63726634,7.2238917,4.7351985,2.7714956,0.75594574,0.7324274,115.07786,-100.793564,-8.957269
-0.30944338,6.864869,6.435839,2.6035078,0.26236662,0.6542367,114.869736,-100.88032,-8.614099
-1.173694,6.428379,6.64099,2.3845124,0.005192355,0.59131753,114.80736,-100.93874,-8.481212
-2.0709064,5.975241,6.8539643,2.2757785,-0.4868596,0.45234573,114.85208,-101.15987,-9.059296
-2.7865698,5.398323,6.1278124,2.0693061,-0.8781188,0.27366763,114.96986,-101.37262,-9.632054
-3.4840531,4.8045197,5.288947,1.8924606,-1.1111639,0.09590584,115.20363,-101.62493,-10.213294
-3.7400684,4.3255095,4.4922695,1.7290541,-1.1774428,-0.08979719,115.776764,-101.857315,-10.688271
-3.9240203,3.8656294,3.703212,1.559539,-1.1866057,-0.25381452,116.38842,-102.11628,-11.186324
-3.7359252,3.65142,3.2596533,1.3625349,-1.2159272,-0.38087448,117.00843,-102.42788,-11.622283
-3.4978416,3.4696105,2.8614042,1.1771374,-1.2797627,-0.4654793,117.63193,-102.75883,-12.0841465
-3.08107,3.4183125,1.8952292,1.0009027,-1.2449434,-0.5513059,118.169716,-103.15479,-12.5594425
-2.5707312,3.4318614,0.6351888,0.872621,-0.97310835,-0.61941737,118.651,-103.55885,-13.04515
-1.9249954,3.484738,-0.34879476,0.79229224,-0.5555819,-0.6426302,119.03447,-103.96267,-13.507667
-1.1786784,3.5693207,-1.0851609,0.7162395,-0.19425514,-0.634689,119.3499,-104.3678,-13.9719
-0.50965583,3.5209913,-1.0906541,0.62125,0.0106901415,-0.6047566,119.320816,-104.998,-14.663843
0.116938844,3.3928242,-0.65868354,0.48166725,0.0580322,-0.56688297,119.225784,-105.59636,-15.314745
0.6363881,3.1899571,-0.11633522,0.29932398,0.0143553335,-0.53786683,119.09256,-105.92397,-15.625734
1.0901703,2.9362295,0.5033458,0.07544186,-0.03176499,-0.51007247,118.9436,-106.22979,-15.923387
1.4358567,2.74029,0.83483106,-0.14538592,-0.02076942,-0.46944994,118.9102,-106.35869,-16.056314
1.7201538,2.5771685,1.002613,-0.35155296,0.038789943,-0.4343252,118.87595,-106.4687,-16.181204
1.8518593,2.5065007,1.1093172,-0.539394,0.11209377,-0.40469822,118.927376,-106.48721,-16.24708
1.8744224,2.5019882,1.1724942,-0.7357872,0.14446963,-0.37843102,118.97576,-106.488655,-16.30052
1.8340528,2.5091062,1.2138474,-0.8258898,0.21777347,-0.36468655,119.02842,-106.44855,-16.312967
1.7238808,2.5291374,1.2288709,-0.99296147,0.27458394,-0.36193767,119.08041,-106.4008,-16.317095
1.5778574,2.588221,1.1638334,-1.1374311,0.3359759,-0.35613444,119.137955,-106.35774,-16.316023
1.4035091,2.6777513,1.0366063,-1.2644911,0.39858958,-0.3371976,119.18305,-106.31834,-16.305664
1.2196681,2.7784235,0.81629264,-1.3918564,0.41813725,-0.32498032,119.23202,-106.31244,-16.312275
1.0245181,2.8906348,0.50893134,-1.4691309,0.408058,-0.3359759,119.2767,-73.67675,-16.315128
0.9854619,2.9974446,0.052774005,-1.5537357,0.34238997,-0.3885103,119.31262,-73.62316,-16.339743
1.0690439,3.0996003,-0.51836914,-1.6643023,0.29046643,-0.51068336,119.353294,-73.527626,-16.382898
1.2836517,3.3958764,-1.3273468,-1.7919732,0.36743546,-0.64934975,119.336815,-73.3899,-16.456331
1.6391674,3.9003243,-2.4035025,-1.9495764,0.6426302,-0.77213365,119.28198,-73.203026,-16.558748
1.8848095,4.7239566,-3.4713862,-2.1398609,1.0619892,-0.8732319,119.0641,-73.01147,-16.675299
2.0140703,5.8490047,-4.505473,-2.405282,1.5543466,-0.9300423,118.747345,-72.77731,-16.818993
1.9914479,7.5068474,-4.9954257,-2.809064,2.0971005,-0.87109387,118.1419,-72.62742,-16.918053
1.8186269,9.698946,-4.949947,-3.3264668,2.6710083,-0.70280045,117.383,-72.46655,-17.012072
1.7007751,11.879418,-4.3046336,-3.983147,3.0518827,-0.46853364,116.3799,-72.400475,-17.043484
1.6658789,14.097821,-2.7043931,-4.618752,3.035084,-0.070554934,115.32688,-72.387764,-16.985897
1.4210228,15.78175,-1.507922,-4.7635274,2.4685066,0.37507126,114.34709,-72.49892,-16.777107
0.9361975,16.847404,-0.778284,-4.29255,1.6749926,0.56230146,113.45377,-72.62508,-16.535398
-1.1914576,17.173801,-0.93821293,-3.5149186,1.0198395,0.37018433,112.950356,-72.76044,-16.141531
-5.2459083,16.660694,-2.1201882,-2.7867672,0.820392,0.18295415,112.55036,-72.93202,-15.710919
-8.540722,16.518686,-2.929329,-2.5314255,0.6768387,-0.2733622,112.45124,-72.88742,-15.4399395
-10.459324,16.983803,-3.0989025,-2.2910502,0.68416905,-0.6936375,112.375084,-72.85157,-15.230279
-11.836993,17.11615,-2.8232098,-2.3793201,0.52656585,-0.8927795,112.48763,-72.101875,-15.9723835
-12.451074,16.767864,-1.8975054,-2.6838365,0.112704635,-0.7910705,112.64982,-71.38643,-16.666513
-12.436544,16.570826,-1.2169863,-3.0799825,-0.51159966,-0.6420194,112.7744,-70.47523,-17.574347
-10.999496,16.707226,-1.0611032,-3.4287865,-1.20371,-0.72692966,113.04012,-69.56814,-18.414328
-9.381047,17.028542,-1.1675179,-3.5671475,-1.6334536,-0.95722586,113.35632,-68.613106,-19.200235
-7.4331784,17.70462,-1.7821368,-3.4987307,-1.7146988,-1.0903945,113.777954,-67.69388,-19.909325
-5.6025987,18.26434,-2.3618622,-3.255301,-1.4569136,-1.0522153,114.30738,-66.87328,-20.46676
-3.9500258,18.586792,-2.8903275,-2.9236012,-1.0442741,-0.93584555,114.80419,-66.100784,-20.996973
-2.331896,18.884895,-3.322559,-2.5686884,-0.53023106,-0.8005389,115.09987,-65.62981,-21.262348
-0.99482155,19.045345,-3.264619,-2.262034,0.16065755,-0.6230826,115.20685,-65.24887,-21.504454
0.36072385,19.2078,-3.1305072,-2.0482311,0.9068295,-0.41996986,115.042534,-65.105034,-21.55855
1.074019,19.290634,-2.1088846,-2.0045543,1.46852,-0.24281894,114.71903,-65.01939,-21.599405
1.8128499,19.377071,-0.9843015,-2.103209,1.7779233,-0.09407325,114.27315,-65.09891,-21.46088
2.0783813,19.415617,0.19774076,-2.2724187,1.8820758,0.0021380284,113.71637,-65.201904,-21.312195
2.3900528,19.447182,1.594943,-2.4193318,1.8280143,0.023518313,113.22031,-65.320694,-21.041752
2.4529595,19.297777,1.9881105,-2.5231788,1.6395624,-0.014049901,112.733604,-65.419395,-20.767513
2.524117,19.128778,2.4328454,-2.53112,1.5781704,-0.06963864,112.34114,-65.457985,-20.437454
2.423389,18.101944,2.6593285,-2.395508,1.6358972,-0.10567969,111.969475,-65.479965,-20.121794
2.2822542,16.876087,2.8327227,-2.2727242,1.815186,-0.18570304,111.58682,-65.4586,-19.851215
2.0705473,15.460355,3.0229857,-1.9651535,1.983174,-0.28008172,111.22835,-65.43321,-19.597738
1.7606734,13.761213,3.2398975,-1.6691893,2.1163425,-0.3417791,110.83059,-65.404655,-19.379316
1.3478146,12.518922,3.428812,-1.4016303,2.2284365,-0.3594942,110.40391,-65.320595,-19.252588
0.865782,11.632899,3.5940802,-1.1808025,2.3066273,-0.321926,109.9502,-65.27667,-19.13904
0.39244395,11.063643,3.5577748,-0.97127575,2.3151793,-0.2947425,109.49898,-65.16868,-19.117619
-0.07733141,10.814375,3.3133,-0.79076505,2.3741279,-0.23273966,109.00768,-65.11301,-19.086119
-0.5641434,10.737815,3.0554798,-0.64934975,2.4596488,-0.14782938,108.52479,-65.00735,-19.132147
-1.0499984,10.83592,2.7938654,-0.5225952,2.5237896,-0.058337633,108.030594,-64.94899,-19.161276
-1.5213597,10.755026,2.6139295,-0.40042216,2.5439484,0.03390302,107.49595,-64.902435,-19.245934
-1.9817373,10.460764,2.5284986,-0.2938262,2.4678955,0.1133155,106.97067,-64.895584,-19.304142
-2.320809,10.040706,2.4525433,-0.23273966,2.3570235,0.19639318,106.34634,-64.88991,-19.423286
-2.5105531,9.4361725,2.3863535,-0.17379116,2.2079725,0.2764165,105.75567,-64.92222,-19.508226
-2.6631901,8.730488,2.3237226,-0.1386664,2.0161607,0.34483343,105.1859,-64.908905,-19.657738
-2.7040644,7.73929,2.2726297,-0.11942416,1.8057177,0.40591997,104.66683,-64.92144,-19.769793
-2.761783,6.666244,2.2733657,-0.06352998,1.6340646,0.45570546,104.18471,-64.88224,-19.943054
-2.8489244,5.43174,2.3605072,0.044593163,1.4022411,0.46578476,103.78785,-64.862,-20.085373
-3.0158818,4.108771,2.5031464,0.20463985,1.1120802,0.43371433,103.48046,-64.75438,-20.318722
-3.2956996,2.7005067,2.7233307,0.35735616,0.9505063,0.39400807,103.2098,-64.6672,-20.537304
-3.596751,1.3441229,2.9277,0.4129449,0.59131753,0.26450464,103.1479,-64.36416,-20.947155
-3.9466429,0.08451269,3.1003134,0.47739118,0.19853121,0.089491755,103.15386,-64.07881,-21.347254
-4.2298326,-1.0305982,3.0790336,0.49357912,-0.17654006,-0.14630222,103.20262,-63.890934,-21.558002
-4.3375034,-1.8201833,2.4554408,0.47158796,-0.43493605,-0.39370266,103.35161,-63.65793,-21.801966
-4.3865805,-2.5168512,1.8662466,0.4089743,-0.52931476,-0.6178902,103.60296,-63.302105,-22.124872
-3.927385,-2.4063497,1.5764867,0.32834008,-0.44806966,-0.81336707,103.90111,-62.880314,-22.506012
-3.4704854,-2.2964005,1.2881757,0.22785273,-0.22388211,-0.97219205,104.12772,-62.388397,-23.016268
-3.0084429,-2.1852138,0.99661946,0.09773844,0.019242255,-1.0436633,104.338425,-61.844032,-23.570152
-2.432196,-2.0858305,0.7525651,-0.018936822,0.15943582,-1.0775663,104.52702,-61.247204,-24.173265
-1.4729868,-2.0335963,0.6908338,-0.11575896,0.15241088,-1.0140363,104.690834,-60.631332,-24.782085
-0.30272716,-2.0075147,0.6319341,-0.1863139,0.04520403,-0.8680395,104.78898,-60.147076,-25.27895
1.6980301,-2.0840988,0.58406913,-0.21899518,-0.1142318,-0.65484756,104.896965,-59.68025,-25.739323
3.4079862,-2.0966518,0.52612764,-0.21930063,-0.25259277,-0.40866885,105.04164,-59.35111,-26.012503
4.0012045,-1.8430293,0.42295915,-0.1994475,-0.36987892,-0.1020145,105.20593,-59.084282,-26.20093
4.6197286,-1.5530607,0.3151077,-0.16310102,-0.47158796,0.2125811,105.40747,-58.94018,-26.179474
4.6971245,-0.98710316,0.29575872,-0.11484267,-0.61391956,0.4999932,105.63483,-58.86662,-26.065271
4.706009,-0.39208403,0.2968088,-0.03390302,-0.80481493,0.7629707,105.83732,-58.791794,-25.940617
4.1800804,0.17011513,0.45549405,0.0580322,-1.0228939,0.9663888,106.07791,-58.778736,-25.735106
3.6066551,0.7538771,0.6310646,0.18325958,-1.2370021,1.1001683,106.35918,-59.0054,-25.278004
2.982438,1.0683682,0.8502553,0.312763,-1.3234396,1.1450669,106.6555,-59.261482,-24.787592
2.3275828,1.3642919,1.0633159,0.35430184,-1.4349225,1.2131784,107.01862,-59.64078,-24.153704
1.6599444,1.4027171,1.1497726,0.41172317,-1.4587462,1.2577715,107.37532,-60.039455,-23.516048
1.0020992,1.4560523,1.2177329,0.36010507,-1.4172074,1.2776246,107.741066,-60.403324,-22.894352
0.34101507,1.6391904,1.1417977,0.27214047,-1.314582,1.2605205,108.090935,-60.76312,-22.275652
-0.3814938,1.8663093,1.029785,0.11209377,-1.180497,1.2156218,108.40204,-61.021767,-21.763964
-1.2146099,2.708734,0.27579165,-0.07727446,-1.1377366,1.1826351,108.70675,-61.24795,-21.257536
-2.1106694,3.6709485,-0.536697,-0.344528,-1.235475,1.1383474,108.94617,-61.281746,-20.971872
-2.7731616,5.060883,-1.155889,-0.69027776,-1.4611896,1.0910053,109.21166,-61.24901,-20.690586
-3.4570985,6.4958096,-1.795124,-1.0506883,-1.6896533,1.0900891,109.26042,-60.94579,-20.87961
-3.801681,9.358049,-1.7169906,-1.3313808,-1.8048013,1.2012665,109.336525,-60.630867,-21.012129
-4.1039977,12.32363,-1.563433,-1.6148223,-1.4859297,1.3616186,109.34954,-60.279343,-21.128395
-5.8189874,14.094732,0.287568,-2.0839667,-0.32589662,1.459357,108.932205,-60.0378,-21.363987
-7.619773,15.733851,2.2455294,-2.4425447,0.81092364,1.0268645,108.4758,-59.70447,-21.711912
-8.162988,16.77533,1.3022454,-2.4263568,1.1520919,0.17073683,107.87872,-59.697136,-21.854252
-8.405957,17.677786,-0.3439932,-1.758681,1.1194105,-0.636827,107.123024,-59.65969,-22.171196
-6.200147,18.163832,-0.2666759,-0.5174029,1.2938126,-1.1047498,106.44059,-59.292877,-22.852488
-3.6472766,18.586216,0.062876485,0.3567453,1.4370605,-1.1206323,105.8403,-58.926388,-23.568602
-1.2800018,18.170218,0.19949536,0.56138515,1.3884968,-0.93401295,105.03454,-58.814507,-24.342855
1.0805469,17.55198,0.29316792,0.47769663,1.2883148,-0.79045963,104.23441,-58.76633,-25.081177
3.0306218,16.431948,0.18607734,0.32925636,1.0650436,-0.7583892,103.63053,-59.023468,-25.306652
4.86737,15.136295,0.012330881,0.33108896,0.8341365,-0.7623598,103.06156,-59.291286,-25.481482
5.6852226,13.797408,0.5092385,0.46639562,0.5320636,-0.7556403,102.7054,-59.70065,-25.354548
6.2596273,12.4898205,1.1350125,0.6374379,0.006414085,-0.70921457,102.4875,-60.11181,-25.18096
6.4801025,11.143874,1.1584133,0.8524625,-0.74097955,-0.6432411,102.4976,-60.6288,-24.818306
6.609044,9.782828,1.0246965,1.1749994,-1.4993688,-0.5296202,102.66064,-61.204025,-24.391804
6.2877007,8.963363,0.56156135,1.5937474,-2.1282544,-0.3491095,103.14345,-61.7871,-23.8438
5.8409467,8.288479,0.0054953084,2.0998492,-2.5622742,-0.14110987,103.77707,-62.46491,-23.218328
5.1062,7.9194126,-0.6437855,2.601675,-2.819143,0.098043874,104.53956,-63.204292,-22.54499
4.2668834,7.6380506,-1.3352678,3.0662382,-2.867096,0.33078352,105.344574,-64.06374,-21.80483
3.2707303,7.5193906,-1.6387703,3.4324517,-2.7782152,0.5012149,106.08667,-64.99504,-21.109756
2.2288916,7.457587,-1.806524,3.7006216,-2.6768115,0.58093286,106.823166,-66.009865,-20.382315
0.9510174,7.6068215,-1.7380868,3.8185186,-2.6111436,0.5821546,107.41722,-67.02975,-19.77608
-0.43242207,7.895453,-1.5091724,3.8050797,-2.605951,0.48502702,107.998566,-68.04085,-19.190363
-1.6846361,9.269581,-1.172083,3.6645806,-2.6661212,0.28160888,108.523224,-68.876816,-18.806189
-2.8777735,11.15144,-0.7840709,3.35701,-2.7519479,0.048258353,109.058075,-69.61585,-18.470535
-3.5012,13.036081,-0.6475585,2.932764,-2.706744,-0.059253927,109.52462,-70.05997,-18.375216
-3.8897817,14.928105,-0.6151767,2.4791965,-2.3887885,0.0036651916,109.93243,-70.41049,-18.313166
-3.8836398,16.239775,-0.68197334,2.1930063,-2.132836,0.17440203,110.28252,-70.558716,-18.387629
-3.6486154,17.22304,-0.8066802,2.2653937,-1.534799,0.37995818,110.428406,-70.69856,-18.455027
-3.0181706,17.790674,-0.27987224,2.4281893,-1.070236,0.48197266,110.55068,-70.8708,-18.459284
-2.172094,18.113405,0.6098163,2.8973339,-0.94959,0.68111473,110.59276,-71.12436,-18.38595
-0.93202204,17.893377,1.4996552,3.3127222,-1.1606439,0.8933904,110.62704,-71.4779,-18.196241
0.68717414,17.058638,2.3343961,3.5647042,-1.5042557,1.1368202,110.67188,-71.86432,-17.95011
2.06288,16.034544,2.6527886,3.644422,-1.8017471,1.387275,110.95992,-72.40807,-17.495153
3.2579606,14.868145,2.5858643,3.5686748,-1.9859229,1.5882497,111.31787,-72.963196,-17.000816
3.8656209,13.73228,2.0463161,3.4373388,-1.9764545,1.6530013,111.85878,-73.668976,-16.323063
4.0285244,12.615909,1.1455538,3.317609,-1.7699821,1.5738943,112.3889,-105.65064,-15.650503
3.8321748,11.733767,0.3485194,3.254079,-1.4074335,1.4110987,112.88187,-104.902336,-14.888127
3.3593242,11.02449,-0.37494224,3.2113185,-0.98715824,1.2406673,113.2903,-104.21934,-14.166597
3.0639493,10.4872875,-0.7955824,3.1526756,-0.54641896,1.108415,113.51464,-103.63183,-13.4919405
2.920928,10.098449,-0.9564816,3.0714304,-0.15027285,0.9932669,113.627884,-103.14155,-12.867607
2.8264303,9.766532,-0.87489957,3.008206,0.20341812,0.8741482,113.56157,-102.8427,-12.352008
2.8065772,9.533259,-0.44806066,2.9669726,0.44898596,0.7620544,113.41338,-102.63976,-11.867292
2.7075174,9.372966,0.28082022,2.9428434,0.52320606,0.65270954,113.20941,-102.56962,-11.442359
2.5246787,9.288578,1.3309702,2.9287934,0.4382958,0.5332854,112.98158,-102.59494,-11.053291
2.3225534,9.211068,2.502358,2.8835895,0.21868975,0.4083634,112.82802,-102.67745,-10.715751
2.0986907,9.142936,3.8114684,2.8026497,-0.047647487,0.27366763,112.71022,-102.82782,-10.422461
1.8010356,9.018009,4.7624197,2.673757,-0.1600467,0.13775012,112.72001,-102.953384,-10.232092
1.4290706,8.834381,5.3180127,2.504853,-0.31764993,0.07574729,112.81663,-103.08316,-10.073534
1.0206468,8.564038,5.6450353,2.40742,-0.41447207,-0.04428773,113.03585,-103.170975,-10.101475
0.5474065,8.171925,5.69912,2.2088888,-0.49541172,-0.16126843,113.29343,-103.218155,-10.151497
0.092505656,7.7216887,5.6025143,2.0137172,-0.552833,-0.26083946,113.62424,-103.29832,-10.421845
-0.31641138,7.1482077,5.1736503,1.820073,-0.61636305,-0.3475823,113.97912,-103.36639,-10.712781
-0.6243882,6.6304564,4.4182634,1.6395624,-0.6899723,-0.37720928,114.34984,-103.58161,-11.324537
-0.77664816,6.1967463,3.1494305,1.4117095,-0.79320854,-0.3930918,114.75056,-103.78818,-11.91279
-0.83392787,5.841863,2.1408112,1.2363913,-0.8604037,-0.39645153,115.181244,-104.09398,-12.54471
-0.6876233,5.663554,1.7110415,1.1297953,-0.8750645,-0.37140608,115.62163,-104.37802,-13.123848
-0.56541693,5.484456,1.365273,1.0876455,-0.84482664,-0.3295618,115.92442,-104.70992,-13.5941925
-0.5227569,5.292485,1.3012829,1.0341948,-0.7556403,-0.29932398,116.20758,-105.016785,-14.034976
-0.47758913,5.080472,1.2381191,0.93615097,-0.6621779,-0.29352075,116.45718,-105.241745,-14.319115
-0.45084628,4.7729297,1.2960619,0.79320854,-0.58062744,-0.3032946,116.67993,-105.448296,-14.5892315
-0.42357877,4.4076705,1.3429409,0.58093286,-0.5039638,-0.31245756,116.95437,-105.64883,-14.862443
-0.45252448,4.060322,1.1196454,0.33383787,-0.42302418,-0.3368922,117.195244,-105.83556,-15.129796
-0.48303232,3.6942277,0.88429904,0.04428773,-0.29657507,-0.36896262,117.427246,-106.03825,-15.437274
-0.4103172,3.399215,0.67874914,-0.23854288,-0.077579886,-0.4089743,117.599884,-106.22877,-15.7339525
-0.31715626,3.12439,0.48311105,-0.49449542,0.13652839,-0.45142943,117.73133,-106.41073,-16.022436
-0.12159963,3.0295217,0.45455563,-0.69974613,0.21166481,-0.4636467,117.833176,-106.61082,-16.311762
0.104528114,2.9842963,0.47264585,-0.8436049,0.3191771,-0.45906523,117.86028,-106.80943,-16.590714
0.37925982,2.991451,0.34946296,-0.89919364,0.35918877,-0.42821655,117.84741,-106.963905,-16.802197
0.67580414,3.0254807,0.15500765,-1.0140363,0.36163223,-0.4098906,117.81595,-107.117775,-17.009186
1.0398787,3.1088436,-0.20838104,-1.1270463,0.37201694,-0.3998113,117.80578,-107.20337,-17.135187
1.4512942,3.2185543,-0.66550934,-1.2296717,0.39614612,-0.38362336,117.793434,-107.28631,-17.250597
1.9564681,3.4355588,-1.2469462,-1.3408492,0.46975538,-0.35796702,117.72267,-107.305756,-17.290487
2.5470889,3.7410524,-1.939398,-1.4660766,0.5705481,-0.38240165,117.63902,-107.34098,-17.33809
2.8688693,4.260217,-2.3667648,-1.604743,0.6786713,-0.44226643,117.47011,-72.67941,-17.320583
3.0586948,4.8738394,-2.6625392,-1.7754798,0.74464476,-0.50518554,117.28647,-72.68709,-17.308996
3.0954597,5.890504,-3.1325958,-1.9929478,0.7968737,-0.56016344,116.99652,-72.74988,-17.238552
2.9856164,7.318464,-3.781193,-2.3096814,0.981355,-0.573297,116.65079,-72.80137,-17.172304
2.8336556,9.388011,-3.9590416,-2.712547,1.3805555,-0.50701815,116.193596,-72.90158,-17.051615
2.6540136,11.869014,-3.9056346,-3.2177327,2.0335703,-0.38362336,115.609856,-72.99855,-16.92073
2.6909688,13.821164,-3.0719357,-3.7455204,2.627637,-0.26419923,114.85433,-73.12146,-16.760632
2.8338513,15.526229,-1.8526713,-4.241543,2.823419,-0.07422013,114.0302,-73.26932,-16.552034
2.3617222,16.663193,-1.1481675,-4.4128904,2.5696046,0.20280726,113.20626,-73.50991,-16.22334
1.5584615,17.519047,-0.7035054,-4.103182,1.9483547,0.39400807,112.44448,-73.74498,-15.877215
0.05143318,17.611698,-1.0147707,-3.50881,1.3417655,0.29077184,111.974594,-73.98751,-15.42381
-1.8955958,17.276005,-1.7616913,-2.928488,1.0238101,-0.065973446,111.609245,-74.16567,-15.009347
-3.855705,16.63901,-2.5994263,-2.5143213,0.9944886,-0.50823987,111.4023,-74.16607,-14.756238
-5.8869376,15.403047,-3.6327717,-2.4028385,1.1600331,-0.72143185,111.23606,-74.11872,-14.55462
-7.6772704,14.8622265,-4.194954,-2.4184155,1.3970488,-1.0607675,110.978035,-73.6739,-14.918789
-9.20129,15.188197,-4.1737866,-2.6401596,1.3891076,-1.151481,110.75078,-73.238716,-15.256495
-10.6618595,15.538192,-3.9061968,-2.9669726,1.0073168,-0.9837985,110.60897,-72.462036,-16.04162
-11.822552,16.000368,-2.4829051,-3.3228016,0.33567044,-0.7498371,110.546814,-71.69717,-16.772161
-12.333337,16.39613,-1.3200091,-3.6337318,-0.52778757,-0.7809912,110.64122,-70.7448,-17.670662
-11.63039,16.677309,-0.61706203,-3.80172,-1.1905763,-1.0360274,110.86897,-69.82666,-18.4877
-10.595451,17.057526,-0.3119728,-3.8203511,-1.3906348,-1.1808025,111.10417,-68.81821,-19.289637
-8.51374,17.748093,-1.3027877,-3.6441166,-1.1129965,-1.1151345,111.40192,-67.85062,-20.041069
-6.5743356,18.313171,-2.2443357,-3.300505,-0.5018258,-0.9138544,111.79453,-66.96093,-20.668985
-4.9267616,18.617138,-3.085744,-2.8683178,0.16187929,-0.70921457,112.078064,-66.16561,-21.248037
-3.2725716,18.902744,-3.85494,-2.4926357,0.89644474,-0.48349985,112.07231,-65.71301,-21.560865
-1.7403508,19.066244,-4.177267,-2.2269092,1.6484199,-0.24556783,111.85195,-65.37193,-21.835289
-0.29127026,19.221275,-4.324189,-2.1371121,2.196366,-0.048258353,111.3223,-65.2849,-21.91371
0.4289672,19.301302,-3.2367716,-2.2223277,2.3652701,0.081855945,110.67966,-65.255806,-21.959719
1.1120431,19.377417,-2.136988,-2.410169,2.223855,0.11759156,109.92262,-65.366806,-21.850637
1.4614866,19.418798,-0.8081834,-2.615725,1.9764545,0.0842994,109.15128,-65.4785,-21.727016
1.8261807,19.24491,0.56456244,-2.7791314,1.8038851,-0.048258353,108.51607,-65.57025,-21.509596
2.0351224,16.463661,1.1774585,-2.7592783,1.8118263,-0.24617869,107.91177,-65.62577,-21.32265
2.2278886,13.639582,1.7870675,-2.5213463,1.8686367,-0.44593164,107.476654,-65.619865,-21.096518
2.0519192,12.510103,1.8648214,-2.1792617,2.0112739,-0.5198463,107.01874,-65.601814,-20.906055
1.8751761,11.375659,1.9429172,-2.000889,2.209805,-0.5723807,106.59814,-65.424675,-20.828894
1.4338816,10.516181,2.0997996,-1.6798794,2.4080307,-0.49968776,106.13392,-65.32984,-20.747253
0.8966947,9.749469,2.2853732,-1.4034629,2.4736989,-0.39706242,105.65437,-65.249985,-20.676628
0.36259064,9.555252,2.3559036,-1.1472049,2.4174993,-0.35430184,105.148544,-65.14192,-20.67686
-0.15864125,9.528057,2.3921633,-0.90041536,2.3261747,-0.3191771,104.63057,-65.10141,-20.650335
-0.64496976,9.812898,2.2328088,-0.7021896,2.2595906,-0.24953845,104.1156,-65.02146,-20.690857
-1.1202916,10.24981,1.9783436,-0.5467244,2.232407,-0.15577064,103.61619,-64.99112,-20.708502
-1.569192,10.384342,1.9027017,-0.4447099,2.2858577,-0.035430185,103.08809,-64.94681,-20.780293
-2.004849,10.374766,1.9122766,-0.3475823,2.3597724,0.063224554,102.5618,-64.946106,-20.828808
-2.2521114,10.041529,1.9405159,-0.26419923,2.3536637,0.15607607,101.980774,-64.97179,-20.904566
-2.407901,9.560414,1.9771723,-0.18387043,2.293799,0.26145032,101.39164,-65.04065,-20.947132
-2.509863,8.806448,2.0908942,-0.116675265,2.2229385,0.35979962,100.7871,-65.080536,-21.04182
-2.579329,7.810766,2.2668753,-0.038789943,2.1184807,0.4352415,100.21193,-65.15523,-21.102951
-2.645497,6.5856857,2.4515665,0.07147124,1.9453003,0.514654,99.67111,-65.205086,-21.189753
-2.7064867,5.167677,2.6396177,0.23090707,1.7821994,0.5833763,99.162025,-65.289665,-21.248426
-2.8268979,3.6326714,2.9905715,0.408058,1.5958854,0.61575216,98.7445,-65.276054,-21.394733
-2.9836025,2.0215516,3.4410975,0.56413406,1.3246613,0.5748242,98.40976,-65.281425,-21.521774
-3.183419,0.6204982,3.9141147,0.72204274,1.1643091,0.47067168,98.21705,-65.10101,-21.848484
-3.403668,-0.66887623,4.3959093,0.8549059,0.79779,0.39187005,98.17119,-64.94283,-22.133995
-3.5319066,-1.6347497,4.691994,0.9053023,0.38637227,0.22296582,98.10346,-64.85442,-22.263382
-3.5944736,-2.371114,4.855631,0.9624182,-0.015271631,0.0143553335,98.15564,-64.74844,-22.407331
-3.5654876,-2.612425,4.746446,0.95569867,-0.31245756,-0.17562376,98.36748,-64.52072,-22.598635
-3.467998,-2.506073,4.431821,0.89552844,-0.48288897,-0.3567453,98.679855,-64.23518,-22.83311
-3.3357503,-2.3222346,3.9376411,0.8063421,-0.5027421,-0.4783075,99.07484,-63.85487,-23.127867
-3.1571174,-2.031318,3.1975899,0.6478226,-0.40439278,-0.59895337,99.50382,-63.403923,-23.472727
-2.7766256,-1.7602675,2.66665,0.42760566,-0.28924468,-0.7086037,99.90236,-62.933697,-23.845621
-2.2181754,-1.5051137,2.3152118,0.21074851,-0.2611449,-0.7635816,100.30938,-62.419094,-24.23981
-1.5157882,-1.2748328,2.0306315,0.03940081,-0.2996294,-0.7443393,100.61631,-61.943172,-24.64027
-0.6888062,-1.0645021,1.8011799,-0.10598512,-0.3268129,-0.66614854,100.91743,-61.43703,-25.044468
0.185981,-0.8187442,1.6065079,-0.22540927,-0.3268129,-0.5174029,101.18259,-61.025185,-25.350552
1.0788391,-0.54946953,1.4458879,-0.3494149,-0.28405234,-0.312763,101.43702,-60.622646,-25.621637
1.908464,-0.21160927,1.3060645,-0.47891834,-0.23518312,-0.061086524,101.663635,-60.35592,-25.732136
2.6863701,0.19140235,1.1842238,-0.57879484,-0.19761491,0.19333886,101.86608,-60.124416,-25.786976
3.2180958,0.56785244,1.1159487,-0.6239988,-0.18997909,0.43982297,101.940384,-59.736317,-26.004528
3.4752984,0.9092306,1.1065959,-0.6291912,-0.2828306,0.6209445,102.03754,-59.404327,-26.141973
3.465716,1.2493937,1.0658816,-0.57543504,-0.43310347,0.72692966,102.20167,-59.483635,-25.814972
3.1101005,1.5905924,0.9841861,-0.50488013,-0.59131753,0.75991637,102.38749,-59.581738,-25.45085
2.7110772,1.8508543,0.89847267,-0.38545597,-0.659429,0.75502944,102.58523,-59.785763,-24.97178
2.2574558,2.008428,0.8077483,-0.33292156,-0.788627,0.7583892,102.84331,-59.989563,-24.46261
1.753621,2.0396125,0.68817276,-0.24709499,-0.86284715,0.766025,103.07043,-60.22759,-23.968233
1.2050929,1.9119378,0.5368547,-0.20280726,-0.8527679,0.7855727,103.306946,-60.46311,-23.465536
0.54743564,1.934845,0.37754607,-0.2134974,-0.79229224,0.77640975,103.51618,-60.678215,-23.023195
-0.2859974,2.1682062,0.20133452,-0.2932153,-0.73761976,0.768163,103.719986,-60.88748,-22.576317
-1.1031432,2.6569092,-0.054021012,-0.46761733,-0.7507534,0.7703011,103.88247,-61.023697,-22.234968
-1.9385649,3.5739524,-0.4477255,-0.77396625,-0.8549059,0.70646566,104.06135,-61.100227,-21.911572
-2.6280532,4.640911,-0.70140254,-1.1087204,-1.0198395,0.605062,104.16798,-60.932587,-21.911854
-3.1046004,6.0018206,-0.73347783,-1.457219,-1.1942415,0.61178154,104.30327,-60.71759,-21.886585
-3.4846237,7.4938345,-0.8199503,-1.7660115,-1.3762794,0.7101309,104.318054,-60.241486,-22.265375
-3.6198661,9.36791,-1.0517948,-2.0366247,-1.1389582,0.8249735,104.263275,-59.753635,-22.617203
-3.972,11.313771,-0.8546405,-2.0964894,-0.23273966,0.80939645,103.99649,-59.43696,-22.906229
-4.7755475,13.247308,0.2795333,-1.8512272,0.37201694,0.47708577,103.77393,-59.10189,-23.224304
-5.6151533,15.205609,1.3304306,-1.4688255,0.17837265,-0.13897185,103.43802,-59.021763,-23.418472
-6.441762,16.349003,0.6671639,-0.9593639,-0.14172074,-0.8020661,103.01495,-58.925053,-23.752464
-6.884715,17.432285,-0.005060022,-0.22388211,-0.13072516,-1.2434162,102.6865,-58.80864,-24.13924
-5.3849387,17.979822,-0.5668809,0.3903429,0.005497787,-1.284955,102.45561,-58.69839,-24.553288
-3.774676,18.48146,-1.0327052,0.5320636,0.10476339,-1.0830641,102.08046,-58.63523,-25.099787
-1.5839837,18.760101,-1.0230969,0.46181414,0.13103059,-0.8775079,101.71139,-58.609417,-25.621525
0.52409256,18.825188,-1.01346,0.44409904,0.09162979,-0.81031275,101.30713,-58.87028,-25.84807
2.2185507,17.87145,-1.0037775,0.49327368,-0.09896017,-0.7293731,100.93751,-59.149837,-25.994387
3.761925,16.670702,-0.8631221,0.75991637,-0.4392121,-0.6649268,100.71858,-59.663433,-25.816906
4.7367635,14.325699,-0.1443471,1.094976,-0.8756753,-0.5910121,100.59014,-60.188267,-25.59961
5.6569095,12.045749,0.5101145,1.4416419,-1.2932017,-0.49938235,100.6491,-60.840084,-25.18931
5.6174865,11.261664,0.16406588,1.8295414,-1.672549,-0.37293324,100.823555,-61.551556,-24.73165
5.5768147,10.45275,-0.19294131,2.2589796,-2.039679,-0.11636983,101.313065,-62.271435,-24.142012
4.8748894,9.687601,-0.6448613,2.731484,-2.2864685,0.25686884,101.85648,-63.10609,-23.47486
4.1198335,8.927766,-1.1036294,3.1697798,-2.3264804,0.6383542,102.42337,-64.05315,-22.73362
3.1016603,8.436615,-0.8955549,3.5411859,-2.2650883,0.95386606,102.969246,-65.099144,-21.958998
2.067908,7.9714265,-0.632418,3.8386772,-2.1655173,1.1420126,103.4961,-66.24315,-21.125872
0.72703743,8.107421,0.01849503,4.042095,-2.171015,1.207986,103.946686,-67.36836,-20.383516
-0.673205,8.321347,0.72834015,4.117232,-2.3429737,1.1169671,104.41668,-68.49141,-19.643717
-1.5197725,10.182688,0.79929054,4.0274343,-2.7467556,0.82863873,104.98332,-69.392975,-19.091825
-2.2991307,12.188813,0.80410135,3.8344011,-3.196658,0.49693888,105.619415,-70.213264,-18.587181
-2.2921495,13.832934,0.21082665,3.5069773,-3.5057557,0.2929099,106.3517,-70.691124,-18.337048
-2.223476,15.446766,-0.4286973,3.0815098,-3.551876,0.2883284,107.13801,-71.07457,-18.131292
-1.835812,16.580372,-1.0510597,2.7220156,-3.2580497,0.4972443,107.845924,-71.37067,-17.98516
-1.3110414,17.5024,-1.6641096,2.6019804,-2.6853635,0.79137594,108.47423,-71.65321,-17.827785
-0.68880296,18.079378,-1.2464914,2.905886,-2.3545802,1.0170907,109.00173,-72.082214,-17.54711
-0.034281243,18.53852,-0.47962642,3.1542027,-1.8044959,1.110553,109.28892,-72.50684,-17.24892
0.59038055,18.11438,0.36773098,3.703676,-1.4676038,1.3014483,109.49425,-73.12428,-16.76677
1.2276362,17.428444,1.2660844,4.0836344,-1.3203852,1.5057828,109.60349,-73.698204,-16.277508
1.705998,16.302116,1.8435789,4.185954,-1.3093897,1.6514742,109.81828,-105.66293,-15.662728
2.0793257,14.870173,2.2066784,4.0973787,-1.3460416,1.7171422,110.01323,-105.07636,-15.037171
2.2114437,13.608163,2.049642,3.890906,-1.3658947,1.6261233,110.33925,-104.499855,-14.372311
2.2504177,12.404838,1.6891315,3.6587775,-1.3310753,1.3833044,110.65778,-104.01845,-13.754164
2.2392952,11.660684,1.1063211,3.4309247,-1.1655309,1.1071932,110.984695,-103.60868,-13.178248
2.2116647,11.071233,0.45239857,3.2210925,-0.88086766,0.9236283,111.25981,-103.28038,-12.656337
2.1760888,10.477277,-0.03299282,3.0216448,-0.5317582,0.7816021,111.46818,-103.08373,-12.225728
2.137257,9.889947,-0.43101847,2.8863382,-0.15454891,0.6579019,111.57982,-102.9601,-11.842589
1.9227077,9.424975,-0.34888896,2.8005116,0.15821409,0.5314528,111.55447,-102.95391,-11.505344
1.6299253,8.999526,-0.06525609,2.7861564,0.3631594,0.40653083,111.44834,-103.0129,-11.199307
1.3281275,8.661132,0.6219527,2.812118,0.42119157,0.28955013,111.266975,-103.18105,-10.933877
1.0135067,8.374271,1.5982027,2.8835895,0.34972036,0.16157386,111.06081,-103.4246,-10.70654
0.8118212,8.085779,2.7398148,2.9428434,0.14538592,0.037873644,110.92055,-103.74415,-10.57856
0.7145235,7.7938867,4.0436044,2.958726,-0.16432275,-0.06872234,110.826935,-104.11282,-10.491417
0.67554027,7.511696,5.156716,2.8887818,-0.4877759,-0.15149458,110.89204,-104.456116,-10.554796
0.68504465,7.2360682,6.11666,2.716823,-0.643852,-0.21166481,110.993004,-104.79793,-10.649365
0.62123,7.0206156,6.552614,2.4645357,-0.9275989,-0.22510384,111.29764,-105.0317,-10.950396
0.4939643,6.8615336,6.5207977,2.327702,-1.1487321,-0.2574797,111.62805,-105.262314,-11.270639
0.35500064,6.700401,6.088287,2.0610592,-1.20371,-0.2770274,111.995834,-105.43349,-11.917866
0.19621696,6.5319934,5.0970917,1.8191566,-1.0943651,-0.27152961,112.39652,-105.59444,-12.52268
0.01876759,6.3415084,4.2983294,1.597718,-0.92057395,-0.25534168,112.88644,-105.74861,-13.116426
-0.19368237,6.1105843,3.7302568,1.3976597,-0.79504114,-0.23243423,113.36531,-105.872154,-13.655073
-0.40661418,5.844316,3.2348654,1.2183707,-0.76174897,-0.21380283,113.7786,-106.05496,-14.128942
-0.6273932,5.4967065,2.8731637,1.0574077,-0.77824235,-0.23457226,114.169136,-106.21505,-14.568355
-0.8193857,5.1975904,2.4642308,0.9230174,-0.75808376,-0.26328292,114.481995,-106.400116,-14.954412
-0.9475466,5.0077224,1.8993734,0.8313876,-0.66828656,-0.3036,114.77694,-106.57626,-15.323867
-0.9775541,4.815581,1.4639761,0.75136423,-0.56291234,-0.3295618,115.11513,-106.81298,-15.72848
-0.70577437,4.6129813,1.4195032,0.66859204,-0.53969944,-0.32925636,115.440994,-107.03567,-16.10815
-0.4646311,4.379774,1.387255,0.5027421,-0.602924,-0.34238997,115.72669,-107.29819,-16.486101
-0.290483,4.0727234,1.3826721,0.26328292,-0.63713247,-0.3491095,115.9866,-107.53707,-16.838333
-0.13375174,3.7620401,1.324729,-0.028099801,-0.58032197,-0.3659083,116.26819,-107.699844,-17.10105
-0.042181287,3.439134,1.0692958,-0.33322698,-0.43493605,-0.3848451,116.5254,-107.84411,-17.35047
0.052421696,3.151386,0.84564435,-0.60048056,-0.28099802,-0.40622538,116.75616,-107.952225,-17.559366
0.15622284,2.9862478,0.73240674,-0.82527894,-0.15057829,-0.39950588,116.948685,-108.04582,-17.75191
0.26447746,2.8366077,0.63818985,-1.0015136,-0.05375614,-0.37965274,117.07072,-108.1158,-17.897694
0.40049496,2.7428024,0.6194288,-1.1410962,-0.0067195175,-0.35063666,117.17019,-108.180275,-18.031805
