acc_x,acc_y,acc_z,gyro_x,gyro_y,gyro_z,azimuth,pitch,roll
-3.0250287,10.149308,2.452365,0.26206118,-1.0552697,0.9850202,332.17935,-76.3906,2.1579006
-1.7066981,9.733394,2.5974,0.41630468,-0.93828905,0.88147855,332.32065,-76.55013,2.1402102
-0.641706,9.454051,2.6977887,0.5335908,-0.8695667,0.81397796,332.4482,-76.740906,2.0842917
0.2919589,9.180972,2.5211012,0.6377433,-0.8417723,0.7641924,332.51987,-76.90579,2.120363
1.1434052,8.917541,2.2247417,0.7281514,-0.7706065,0.7153232,332.56668,-77.10025,2.1262536
1.7698172,8.608314,1.7862126,0.7965683,-0.6209445,0.6618725,332.52673,-77.24319,2.2355046
2.319761,8.25304,1.2411354,0.8561276,-0.40591997,0.5919284,332.45462,-77.40689,2.314719
2.6339638,7.899297,0.77331895,0.8857546,-0.11484267,0.5195409,332.3636,-77.571,2.4924176
2.8239553,7.547118,0.34699652,0.8854492,0.16035213,0.46303585,332.21976,-77.73769,2.6400514
2.8553517,7.1352696,0.09592482,0.8741482,0.4034765,0.38728857,332.06918,-77.9454,2.8398902
2.779831,6.6999145,-0.028462343,0.84482664,0.59223384,0.3323107,331.85837,-78.14057,3.0163326
2.5792954,6.2188797,-0.08146914,0.79351395,0.7351763,0.26816985,331.6375,-78.36011,3.1980786
2.2351656,5.689844,-0.050651535,0.7275405,0.8454375,0.2049453,331.37585,-78.562416,3.3576
1.8265857,5.229759,0.032196727,0.6737844,0.93584555,0.11056661,331.10007,-78.76259,3.4848547
1.3645829,4.806257,0.15250991,0.6264423,0.9999864,0.004581489,330.8049,-78.94616,3.589237
0.85379964,4.4231153,0.36167204,0.57971114,1.0180069,-0.103847094,330.50635,-79.12009,3.626887
0.39629012,4.12381,0.5882889,0.5421429,1.01312,-0.1554652,330.19965,-79.284164,3.651534
-0.09441921,3.8482578,0.87863827,0.5207626,0.9850202,-0.2666427,329.91006,-79.44791,3.5680742
-0.56965137,3.624619,1.204778,0.46517387,0.9260717,-0.3848451,329.63605,-79.59479,3.4726644
-1.0114142,3.502977,1.5263193,0.4343252,0.81031275,-0.50732356,329.38962,-79.702965,3.258567
-1.4206862,3.4983263,1.8472258,0.44990227,0.6872234,-0.6026186,329.1759,-79.81179,3.0278788
-1.7860125,3.542609,2.106549,0.48441613,0.5833763,-0.6789767,329.0141,-79.93027,2.7339206
-2.0852816,3.6603544,2.2733548,0.5580254,0.5155703,-0.7501425,328.88696,-80.062546,2.4220607
-2.2979252,3.7871723,2.371651,0.64904433,0.47739118,-0.80481493,328.79202,-80.19502,2.046406
-2.4071333,3.9296174,2.3858953,0.75961095,0.44257188,-0.84604836,328.72284,-80.34306,1.659689
-2.408599,4.046619,2.3357553,0.852157,0.41263947,-0.8875872,328.67978,-80.494606,1.2182158
-2.2561715,4.129761,2.192566,0.91996306,0.35613444,-0.9434814,328.6619,-80.65171,0.7662523
-2.116148,4.1664634,2.0143301,0.98349303,0.2864958,-1.0079277,328.6707,-80.81608,0.28524184
-1.9877961,4.1046643,1.7386113,1.0363328,0.20433442,-1.0742066,328.70688,-80.970184,-0.20608091
-1.8645734,4.051339,1.4390541,1.0958922,0.1432479,-1.1395692,328.76517,-81.13452,-0.6855625
-1.7627859,4.0216513,1.1082449,1.1585059,0.11056661,-1.2183707,328.84662,-81.28244,-1.1818483
-1.6541543,3.9926126,0.76953894,1.2198979,0.12492194,-1.2977833,328.94125,-81.462906,-1.6701852
-1.4879699,3.9801488,0.42470652,1.2599095,0.18936823,-1.3680327,329.03748,-81.614204,-2.175206
-1.322584,3.9677448,0.08153095,1.2825116,0.28802297,-1.4422529,329.14493,-81.786316,-2.681999
-1.1380472,4.1139684,-0.3886279,1.2947289,0.35155296,-1.4840971,329.24966,-81.91702,-3.1956477
-0.9487214,4.308411,-0.8952027,1.2843442,0.5149594,-1.5491543,329.3061,-81.98686,-3.7387278
-0.69423133,4.7352834,-1.0696547,1.2614367,0.75655663,-1.6154331,329.34818,-82.060196,-4.2548084
-0.4377238,5.179591,-1.202489,1.1780536,1.0070114,-1.647809,329.3471,-82.058655,-4.778344
-0.1396092,5.7433405,-1.1931809,1.0842859,1.1890492,-1.643533,329.2255,-82.069214,-5.3178854
0.16151254,6.3212996,-1.1543266,1.0122037,1.3005321,-1.6276505,329.05313,-82.002785,-5.859921
0.39676097,6.8843455,-1.0992641,0.9660834,1.3561208,-1.5818355,328.8099,-81.936615,-6.332691
0.6150229,7.427678,-1.0435376,0.95172805,1.351234,-1.5338826,328.55078,-81.822716,-6.7909603
0.688667,7.903468,-0.8807741,0.9630291,1.328021,-1.4920384,328.24744,-81.73752,-7.154096
0.73387706,8.369132,-0.69541276,0.98532563,1.3151928,-1.4327844,327.94122,-81.63957,-7.4878983
0.7042541,8.757339,-0.4016623,0.97035944,1.3313808,-1.3933836,327.60608,-81.570946,-7.744806
0.64328694,9.118451,-0.05930838,0.94897914,1.3558154,-1.3622295,327.2724,-81.498665,-7.9776416
0.5722456,9.414691,0.342193,0.9083566,1.3833044,-1.312444,326.9262,-81.44013,-8.156208
0.4944544,9.682638,0.7830096,0.86162543,1.3662001,-1.2565498,326.5886,-81.378075,-8.316546
0.40133062,9.978234,1.3896872,0.84696466,1.321607,-1.183246,326.26886,-81.31999,-8.440324
0.34886822,10.131874,1.7719132,0.84879726,1.2269229,-1.0974194,325.9728,-81.27394,-8.539347
0.2912031,10.267759,2.3041413,0.90041536,1.1157454,-1.0259482,325.73315,-81.236786,-8.604627
0.24451281,10.342464,2.8550868,0.93462384,0.9993755,-0.95722586,325.52527,-81.21998,-8.644685
0.29927087,10.422224,3.357723,0.97433007,0.8735373,-0.9071349,325.37744,-81.208725,-8.663369
0.41207466,10.480715,3.666889,1.0045679,0.8020661,-0.8359691,325.2461,-81.2219,-8.65816
0.66191673,10.519911,3.8430111,1.0235047,0.795652,-0.79198676,325.06372,-81.21773,-8.6639385
1.0382737,10.52932,3.8288977,1.0488557,0.81245077,-0.68752885,324.89508,-81.25152,-8.632959
1.3806254,10.452673,3.7759326,1.0842859,0.8594874,-0.5928447,324.6974,-81.32111,-8.559487
1.6871216,10.267801,3.673767,1.1242975,0.8961393,-0.4877759,324.4975,-81.421524,-8.456567
1.9259335,10.041219,3.5510466,1.1896601,0.8943067,-0.40591997,324.28946,-81.61562,-8.2579
2.0985553,9.753516,3.397605,1.2513574,0.8503244,-0.31948254,324.0813,-81.834854,-8.035577
2.2064083,9.483696,3.2298527,1.3148874,0.77182823,-0.23976462,323.80237,-82.09612,-7.778542
2.237795,9.2191515,3.0325646,1.351234,0.67256266,-0.17165314,323.54276,-82.37111,-7.5083117
2.2431035,8.9471245,2.8516026,1.3726143,0.56505036,-0.10170906,323.26157,-82.6874,-7.2045703
2.177429,8.623804,2.6949942,1.3808609,0.47036624,-0.038179077,323.00763,-83.01267,-6.8909783
2.0704234,8.334878,2.658889,1.348485,0.36041048,0.007330383,322.7638,-83.340996,-6.579063
1.8821044,8.094771,2.8425,1.2757921,0.22999077,0.058948494,322.55566,-83.67829,-6.2542253
1.442982,8.337825,3.8754184,1.1765264,0.082161374,0.12583824,322.3786,-84.00054,-5.944758
0.7672766,9.228865,5.85427,1.0079277,-0.12003502,0.18906279,322.2563,-84.32312,-5.627436
0.015084989,10.292062,8.107445,0.7877107,-0.40653083,0.24770586,322.19894,-84.596985,-5.3491635
0.11412511,11.443403,8.722319,0.4822781,-0.77946407,0.28710666,322.22226,-84.865036,-5.062941
0.21978791,12.671734,9.378309,0.12644911,-1.1896601,0.3539964,322.32126,-85.016136,-4.8012547
0.32429743,13.651729,7.378261,-0.3286455,-1.5360206,0.44990227,322.49902,-85.08616,-4.5206633
0.4244164,14.538497,4.8752866,-0.75991637,-1.5671748,0.5720753,322.69104,-85.04909,-4.215549
-0.10973861,14.501809,2.0519707,-0.9410379,-1.1765264,0.65484756,322.79855,-84.8714,-3.8517346
-0.74052227,14.296119,-0.7225634,-0.72021013,-0.9095783,0.643852,322.93478,-84.575134,-3.4870875
-1.5531325,13.851605,-2.829171,-0.52870387,-0.37323865,0.56016344,322.89816,-84.38339,-3.2237668
-2.395476,13.35191,-4.6947,-0.19242255,0.027488936,0.4569272,322.81775,-84.24702,-2.9819617
-3.401188,13.108481,-5.598203,0.040011674,0.22021692,0.39645153,322.8105,-84.36419,-2.940155
-4.394808,12.944397,-6.2044024,0.17867808,0.321926,0.35796702,322.71643,-84.52356,-2.928586
-5.2902694,13.642447,-5.0278745,0.33841935,0.56505036,0.27855456,322.6772,-84.83278,-3.1161447
-6.195147,14.715083,-3.09103,0.5152648,0.7696902,0.13561209,322.61288,-85.11284,-3.3237655
-6.2315717,15.767284,0.09054113,0.5839872,0.7834347,0.009162978,322.59274,-85.26479,-3.7186375
-6.036891,16.97031,4.0839896,0.48655418,0.5635232,-0.08307768,322.56818,-85.27782,-4.1262817
-3.9473855,17.671124,6.641951,0.24678956,-0.028710667,-0.07391469,322.53915,-84.96919,-4.6554947
-1.3094752,18.2411,8.832359,-0.1151481,-1.1242975,0.13255776,322.7204,-84.63282,-5.117846
1.1675742,18.598364,7.2472267,-0.55771995,-2.0619757,0.44043383,322.99225,-84.32455,-5.345457
3.6757267,18.89229,4.254099,-0.94897914,-2.1612413,0.6429357,323.33105,-84.01964,-5.5267615
4.227561,17.647865,2.5283492,-1.2596041,-1.5741998,0.6774496,323.51923,-83.92082,-5.2578945
4.156838,15.520748,0.88540983,-1.4566082,-0.90469146,0.5558874,323.70056,-83.69338,-4.9849777
3.5472023,14.38362,-0.44705257,-1.5033394,-0.4978552,0.5009095,323.7512,-83.75137,-4.4379835
2.4141588,12.80766,-2.5225825,-1.4242324,-0.11362094,0.47800204,323.62332,-83.689705,-3.9536517
1.4715021,11.75135,-4.139161,-1.3014483,0.3136793,0.44868052,323.44067,-83.6405,-3.5366306
0.6192211,10.9480505,-5.535138,-1.135293,0.59650993,0.43799037,323.195,-83.57646,-3.1394997
-0.010322045,10.202465,-6.288062,-0.8949176,0.6600399,0.4196644,323.00458,-83.648994,-2.9178166
-0.5938592,9.421032,-6.820857,-0.743423,0.7467828,0.37507126,322.73065,-83.732155,-2.7180378
-0.94829863,8.752769,-6.8984537,-0.2773328,0.78038037,0.31612277,322.53247,-84.04539,-2.648774
-1.2736024,8.031444,-6.83245,-0.12858713,0.8353582,0.18387043,322.30618,-84.30164,-2.6152809
-1.447692,7.5308223,-6.408157,0.11636983,0.81245077,0.07086037,322.12775,-84.70727,-2.6674042
-1.5379272,7.155634,-5.795508,0.3268129,0.66828656,-0.028405234,321.96835,-85.10643,-2.7493901
-1.5319023,7.323398,-5.0141263,0.48747048,0.44868052,-0.10995574,321.8471,-85.46945,-2.9007082
-1.4720707,7.792846,-4.148869,0.6096435,0.17684549,-0.16768251,321.77994,-85.80145,-3.0683458
-1.2624725,8.361102,-3.144484,0.70371675,-0.0693332,-0.15363261,321.7541,-86.025375,-3.2448905
-0.94344014,8.994332,-2.05204,0.7516697,-0.2678644,-0.10629055,321.79065,-86.17256,-3.4255614
-0.55118084,9.430155,-1.0356718,0.75777835,-0.44012842,-0.086437434,321.86273,-86.202255,-3.593462
-0.0976678,9.738931,-0.046627373,0.70738196,-0.5708536,-0.10751228,321.97952,-86.164536,-3.7594936
0.37552232,9.988497,0.87351537,0.63163465,-0.63285637,-0.11636983,322.07956,-86.10307,-3.8702984
0.87150425,10.201723,1.7635016,0.53878313,-0.6737844,-0.10262536,322.21185,-86.01518,-3.980892
1.2230135,10.322479,2.4835398,0.44104472,-0.72509706,-0.10903945,322.316,-85.96248,-4.0368986
1.4374712,10.356598,3.0391803,0.36346483,-0.7742717,-0.1328632,322.43085,-94.09357,-4.093556
1.5446265,10.36428,3.2058852,0.3109304,-0.7641924,-0.1685988,322.49948,-85.929504,-4.07008
1.5674201,10.350604,3.0600057,0.25228736,-0.7076874,-0.19761491,322.56567,-85.94629,-4.05098
1.5641726,10.270949,2.75838,0.20952678,-0.6206391,-0.20311269,322.59662,-85.98873,-3.9982607
1.5277123,10.106878,2.2570527,0.18661933,-0.4914411,-0.21013765,322.59537,-86.015236,-3.953226
1.5165066,9.878418,1.735575,0.20005837,-0.40683624,-0.21655174,322.58752,-86.04312,-3.9025373
1.5567174,9.506467,1.147491,0.20799962,-0.25350907,-0.21899518,322.5205,-86.063896,-3.8525264
1.6001447,9.126098,0.7517991,0.22296582,-0.11484267,-0.21594086,322.47314,-86.09652,-3.8017166
1.6514963,8.70595,0.61641806,0.22602014,0.014049901,-0.21624629,322.3838,-86.125626,-3.753159
1.6690843,8.3043375,0.5957457,0.21746802,0.0870483,-0.22571471,322.3023,-86.17616,-3.7004297
1.6182193,7.92285,0.8093788,0.15699236,0.10567969,-0.23060162,322.19977,-86.223885,-3.646901
1.5718999,7.594296,0.986467,0.09101892,0.099265605,-0.2519819,322.09525,-86.27682,-3.5915015
1.5305768,7.3279924,1.1196189,0.005192355,0.12370021,-0.2660318,321.977,-86.32407,-3.5353973
1.4771588,7.148925,1.2726772,-0.093767814,0.15790866,-0.2855795,321.85284,-86.339455,-3.4965336
1.3971108,7.133916,1.4727972,-0.20219639,0.1731803,-0.28252518,321.7274,-86.34725,-3.4543703
1.2074218,7.108864,1.6657263,-0.24862215,0.1591304,-0.30207285,321.5955,-86.326096,-3.429843
0.82621,7.0654345,1.8683958,-0.2929099,0.13103059,-0.32375857,321.46344,-86.2905,-3.4035962
0.45779726,7.0405717,2.0486279,-0.3381139,0.09590584,-0.34147367,321.3287,-86.216156,-3.394438
0.06887479,7.0452013,2.2106788,-0.3866777,0.0571159,-0.3436117,321.20306,-86.12842,-3.384472
-0.27363852,7.0568438,2.3473551,-0.4361578,0.027183503,-0.32345316,321.0821,-85.96397,-3.4352746
-0.56922,7.095883,2.4421642,-0.44868052,0.008857546,-0.310625,320.9689,-85.79465,-3.483746
-0.7281497,7.125457,2.4896035,-0.42332962,-0.028405234,-0.28924468,320.90292,-85.58365,-3.5635214
-0.8583711,7.255678,2.4847806,-0.38973203,-0.07360926,-0.27275133,320.84372,-85.37381,-3.6370864
-0.9287956,7.4244313,2.440611,-0.37110063,-0.10781772,-0.24617869,320.80002,-85.14407,-3.7333536
-0.67978835,7.685111,2.234402,-0.33078352,-0.12217305,-0.21166481,320.76245,-84.93153,-3.8191702
-0.4105429,7.966977,2.011433,-0.28038713,-0.15088372,-0.19211712,320.7457,-84.71812,-3.916476
-0.16957843,8.161543,1.8756521,-0.25809056,-0.1685988,-0.16187929,320.72827,-84.51944,-3.9980247
0.05715957,8.331596,1.7622831,-0.23548855,-0.18692477,-0.13988814,320.71808,-84.33571,-4.0732565
0.3849718,8.524181,1.4423591,-0.23396139,-0.22876903,-0.1337795,320.69064,-84.217384,-4.1014223
0.7182685,8.712756,1.095906,-0.25228736,-0.27275133,-0.118507855,320.66757,-84.108154,-4.1183395
0.9754804,8.6722555,1.010573,-0.27122417,-0.25411993,-0.101098195,320.61273,-84.04071,-4.10051
1.1870143,8.532836,1.0442262,-0.2883284,-0.22296582,-0.1001819,320.5661,-83.9705,-4.081523
1.4069815,8.540409,1.1379687,-0.3191771,-0.29993483,-0.15974127,320.55252,-83.94002,-4.0273414
1.6233692,8.6015625,1.2508665,-0.40653083,-0.44043383,-0.21288654,320.5477,-83.89375,-3.9713085
1.8194202,8.711827,1.2008907,-0.4972443,-0.5934556,-0.22815818,320.5673,-83.84293,-3.8843117
2.0017107,8.838029,1.0887121,-0.55924714,-0.72326446,-0.21655174,320.61957,-83.77214,-3.8030527
2.1230676,8.916132,1.0982867,-0.55771995,-0.77304995,-0.18936823,320.68002,-83.69661,-3.6811094
2.2246146,8.97706,1.1693696,-0.548557,-0.75808376,-0.15974127,320.75626,-83.60666,-3.5555973
2.2878637,8.995491,1.1215068,-0.6010914,-0.6814202,-0.12675454,320.83093,-83.52303,-3.3955562
2.3492389,9.000213,1.0129201,-0.68936145,-0.5360342,-0.081855945,320.87878,-83.4324,-3.2290637
2.3617265,8.975554,1.0312009,-0.7993172,-0.3381139,-0.029321533,320.88095,-83.31887,-3.0402663
2.3384988,8.929099,1.1426942,-0.8744536,-0.1414153,0.032070424,320.83923,-83.19019,-2.8440719
2.2850537,8.936155,1.2466425,-0.95417154,0.015577064,0.064446285,320.7589,-83.03533,-2.6440523
2.2020395,8.994754,1.3443062,-1.0320568,0.12370021,0.09101892,320.63486,-82.85873,-2.436636
2.1062505,9.241151,1.5402225,-1.1554517,0.17592919,0.11911872,320.47598,-82.62213,-2.2313104
1.9998693,9.64355,1.8177389,-1.2104294,0.24312437,0.15088372,320.2816,-82.37849,-2.0252962
1.8607428,10.164778,2.2804348,-1.3298537,0.21135938,0.24770586,320.09598,-82.06518,-1.8093822
1.6899697,10.800433,2.9303212,-1.4294246,0.06047566,0.37904188,319.92276,-81.74081,-1.5759931
1.5812666,11.557721,3.4378078,-1.5234979,-0.16890424,0.5222898,319.7633,-81.34498,-1.3308606
1.5426899,12.454631,3.784999,-1.5885551,-0.39828414,0.6649268,319.63953,-80.93172,-1.0470152
1.5621483,13.469027,4.083106,-1.6288722,-0.5390886,0.81489426,319.49887,-80.42397,-0.7489465
1.6500608,14.694917,4.3468432,-1.6789632,-0.6392705,0.96761054,319.3986,-79.899734,-0.40776575
1.7092185,15.732478,4.5061574,-1.7415768,-0.6722572,1.1047498,319.28424,-79.343735,-0.041329473
1.7435877,16.729187,4.5650764,-1.8655825,-0.60903263,1.219287,319.15662,-78.76011,0.3519089
1.6926553,17.46724,4.46813,-2.0073032,-0.45570546,1.3362677,319.01608,-78.1379,0.77761865
1.5419562,17.90161,4.188894,-2.1612413,-0.26908615,1.455081,318.83463,-77.48244,1.216722
1.3673156,18.181438,3.7768855,-2.2962425,-0.048563786,1.5787812,318.6119,-76.81483,1.6622144
1.1345382,18.100471,3.0481908,-2.408947,0.15943582,1.6658295,318.3302,-76.11764,2.1048636
0.7609878,17.842527,2.3852947,-2.5302038,0.31642818,1.7599027,318.0384,-75.4359,2.5326085
-0.46062422,16.725735,0.92216825,-2.5702155,0.22968534,1.7623463,317.45938,-74.13632,3.337422
-0.7401822,16.4514,0.39440462,-2.5360072,0.2003638,1.7482964,317.1647,-73.51792,3.7223387
-1.1459261,16.05324,-0.3715792,-2.4086416,0.14385876,1.7342464,316.94818,-73.00375,4.0359693
-1.7588937,15.630075,-1.0257757,-2.187203,0.1432479,1.7318029,316.7207,-72.532425,4.3404884
-2.3897865,15.207899,-1.6614118,-1.951409,0.21105394,1.7223345,316.48828,-72.10775,4.6318393
-2.9007683,14.741095,-1.8402035,-1.8167132,0.29352075,1.6884315,316.3371,-71.82431,4.8648596
-3.3916607,14.273141,-1.9594858,-1.561677,0.3173445,1.6869044,316.1797,-71.63791,5.0993867
-3.8261967,13.553991,-0.5665655,-1.3048081,0.22357668,1.6701056,316.09207,-71.56576,5.2582116
-4.2414947,12.785913,1.1616099,-1.0980303,-0.039095376,1.6325374,316.0452,-71.54979,5.421425
-4.1264257,12.512375,2.0044267,-0.9492846,-0.47861293,1.5958854,316.08633,-71.599396,5.5521007
-3.7696548,12.478627,2.404589,-0.732122,-0.9407325,1.5375478,316.2114,-71.7264,5.687921
-3.282308,12.351644,2.5656438,-0.51007247,-1.2400564,1.475545,316.282,-71.66853,5.788934
-2.7575421,12.191932,2.6295283,-0.3368922,-1.4581354,1.3747523,316.46655,-71.66762,5.891792
-2.2211752,11.874758,2.5038924,-0.1423316,-1.5815301,1.2458596,316.70227,-71.672386,6.030356
-1.687342,11.474382,2.2737918,0.013133603,-1.5577064,1.1316279,316.96338,-71.72322,6.1448965
-1.1797282,10.932703,1.9593102,0.13836098,-1.5393804,1.0064005,317.2596,-71.78684,6.2893767
-0.6833942,10.270925,1.5732726,0.25411993,-1.4379768,0.890947,317.53345,-71.90013,6.388845
-0.29375052,9.611704,1.2284026,0.34330627,-1.3133603,0.78893244,317.79025,-72.02815,6.50324
0.050650023,8.927495,0.8931861,0.42760566,-1.1850786,0.6899723,318.0263,-72.19579,6.5709486
0.34617004,8.122927,0.53834105,0.48502702,-1.0604621,0.60048056,318.27014,-72.37448,6.6768346
0.5944502,7.2311444,0.17352125,0.550695,-0.91324353,0.50823987,318.4789,-72.58603,6.7352433
0.7476459,6.447106,-0.10288592,0.61269784,-0.7556403,0.4129449,318.69812,-72.80968,6.8310156
0.84794337,5.7404647,-0.32627568,0.6783658,-0.5885687,0.3191771,318.87912,-73.05869,6.883411
0.8877747,5.121239,-0.4959566,0.73426,-0.5006041,0.22052236,319.07095,-73.32145,6.9567847
0.8828914,4.5792007,-0.62292063,0.76083267,-0.31948254,0.16126843,319.19318,-73.59693,6.991492
0.7451229,4.116798,-0.64922976,0.77671516,-0.1386664,0.062002823,319.31494,-73.890205,7.0180087
0.5249026,3.6959321,-0.61497325,0.8045095,0.016798794,-0.0290161,319.3958,-74.19694,7.017076
0.30748808,3.3675869,-0.56340474,0.816116,0.12186762,-0.12217305,319.4487,-74.51035,6.9916363
0.05180793,3.0352027,-0.49181426,0.82619524,0.19853121,-0.22082779,319.47202,-74.84089,6.9300447
-0.1338517,2.854718,-0.35925287,0.83260936,0.3203988,-0.33414328,319.4665,-75.17495,6.813301
-0.34629667,2.70156,-0.13692677,0.83658,0.44593164,-0.44959682,319.44485,-75.52264,6.663376
-0.5325826,2.6146705,0.10518171,0.83658,0.5726862,-0.5674938,319.39294,-75.87693,6.4426394
-0.6977468,2.580666,0.36264363,0.83016586,0.64812803,-0.679893,319.32828,-76.24278,6.1873126
-0.83456355,2.5722857,0.5490857,0.8249735,0.7122689,-0.77396625,319.2499,-76.56558,5.867872
-0.94813323,2.58175,0.68158364,0.8359691,0.7293731,-0.872621,319.17624,-76.89988,5.5170994
-1.0431712,2.6329212,0.75961804,0.8527679,0.72356987,-0.95905846,319.11368,-77.18596,5.126666
-1.1229124,2.7126625,0.7971433,0.87781334,0.7104363,-1.0430524,319.06247,-77.479355,4.7143884
-1.1665583,2.7770138,0.7648528,0.8961393,0.68203104,-1.1227703,319.0143,-77.79052,4.282772
-1.1808071,2.8292594,0.6746103,0.9120218,0.6560693,-1.1936307,318.97977,-78.1034,3.8350801
-1.158042,2.895655,0.51414055,0.95172805,0.65118235,-1.2721269,318.96216,-78.429565,3.359107
-1.0939227,2.9864902,0.25766376,0.98563105,0.68783426,-1.3536774,318.95004,-78.74861,2.8661568
-1.0264548,3.072071,0.070857905,1.031446,0.75533485,-1.4013249,318.96216,-79.0748,2.3664932
-0.9187645,3.2012994,-0.16606078,1.058324,0.79443026,-1.4413365,318.9818,-79.38978,1.8512827
-0.85440665,3.3531756,-0.31342423,1.0855075,0.8026769,-1.4624114,319.07086,-79.69635,1.3617743
-0.797253,3.5817902,-0.4515455,1.1093313,0.86437434,-1.4752395,319.1408,-79.98941,0.86537504
-0.7340926,3.8304253,-0.54275036,1.1374311,0.93645644,-1.4709635,319.13712,-80.35513,0.35633492
-0.6621152,4.109338,-0.57873905,1.1490375,0.9914343,-1.4715744,319.1251,-80.69427,-0.15378189
-0.58057386,4.3893113,-0.5894781,1.1539245,1.0763446,-1.4474452,319.05994,-81.05335,-0.6605708
-0.47387773,4.6839957,-0.5437511,1.1701124,1.1499538,-1.4095715,318.98352,-81.38503,-1.1587828
-0.41557857,5.002701,-0.47372478,1.178359,1.2131784,-1.3854424,318.8772,-81.69812,-1.6391019
-0.42492694,5.3672867,-0.36621875,1.1780536,1.2712106,-1.3631458,318.75125,-81.97734,-2.1042192
-0.43386674,5.750864,-0.21829922,1.1927143,1.3625349,-1.3384057,318.59027,-82.22876,-2.5351484
-0.44367063,6.250862,0.046405617,1.1808025,1.4810427,-1.310306,318.4058,-82.43769,-2.9531898
-0.46354952,6.727102,0.33226317,1.1603385,1.593442,-1.2846496,318.21057,-82.60169,-3.3467627
-0.5062928,7.1972775,0.6884572,1.1276573,1.7098118,-1.2528846,317.98242,-82.72847,-3.7250564
-0.54272604,7.6250277,1.0477495,1.0952814,1.7828102,-1.2156218,317.77283,-82.79453,-4.05225
-0.56884116,8.021977,1.4917067,1.0574077,1.8270979,-1.171945,317.54184,-82.83366,-4.361867
-0.5750209,8.349141,1.8189968,1.035722,1.856114,-1.1410962,317.3526,-82.81261,-4.619393
-0.5374792,8.733943,2.091174,1.0256428,1.8765781,-1.105666,317.15527,-82.78484,-4.8571396
-0.4736166,9.132791,2.3515413,1.0488557,1.8487836,-1.0598512,316.88992,-82.73053,-5.090158
-0.29931408,9.606536,2.575006,1.0903945,1.7644843,-0.9801333,316.6386,-82.68674,-5.294794
-0.111681014,10.087995,2.8085341,1.1533136,1.611768,-0.87964594,316.3591,-82.65664,-5.46381
0.17831604,10.506879,3.089325,1.2425,1.3771957,-0.77854776,316.1307,-82.653336,-5.599998
0.49837127,10.949599,3.3906522,1.3246613,1.1059716,-0.6808093,315.92557,-82.69347,-5.6510897
0.8617957,11.230069,3.6355686,1.382999,0.9764681,-0.63285637,315.7494,-82.75344,-5.685051
1.2438061,11.524881,3.8930104,1.3939945,0.6963864,-0.52290064,315.64865,-82.884346,-5.588916
1.7203752,11.730438,4.1621556,1.4150693,0.4196644,-0.4098906,315.5846,-83.03349,-5.48162
2.2184548,11.896464,4.427798,1.4138476,0.1563815,-0.310625,315.59497,-83.19638,-5.3484406
2.8170016,12.106227,5.43356,1.4031575,-0.116980694,-0.20097467,315.6381,-83.42191,-5.0862117
3.4363377,12.326436,6.6859956,1.385137,-0.4569272,-0.09590584,315.76953,-83.65393,-4.8057017
3.5705082,13.001921,7.8263845,1.3264939,-0.92057395,0.028710667,315.9244,-83.92528,-4.410448
3.4541266,13.89418,8.883518,1.2324207,-1.4633276,0.16982053,316.1906,-84.18562,-3.9927695
3.0137265,14.799889,9.259314,1.1081096,-1.9865338,0.37201694,316.4499,-84.3931,-3.3770125
2.4315639,15.713363,9.339775,0.9053023,-2.350915,0.573297,316.80222,-84.50761,-2.7429264
1.5863619,16.095444,8.114373,0.6618725,-2.54517,0.72356987,317.17917,-84.42819,-2.0845501
0.6052286,16.219881,6.238255,0.3436117,-2.5497515,0.7675522,317.586,-84.198746,-1.4279885
-0.49164692,15.8217745,3.7273648,0.01740966,-2.2565362,0.75136423,317.9704,-83.86156,-0.87529194
-1.6284255,15.172188,0.94273496,-0.22999077,-1.6053538,0.67073005,318.24216,-83.424805,-0.36520243
-2.5047457,14.615175,-1.1245507,-0.27885997,-0.7699956,0.5742133,318.50293,-83.193146,-0.11042372
-3.2497156,14.10619,-2.831966,-0.23762658,0.0012217305,0.5510005,318.58768,-82.921,0.11342391
-4.2480717,13.33509,-4.0377955,-0.18142697,0.677755,0.5757405,318.62994,-83.006516,0.046141338
-4.8378143,12.857679,-4.483613,-0.16462818,1.2809844,0.5366451,318.4736,-83.088234,-0.06364201
-5.507768,12.3386965,-4.36592,-0.1853976,1.7180585,0.38820487,318.31805,-83.387314,-0.33522588
-6.0927753,11.903567,-3.7809126,-0.20189096,1.8643607,0.28405234,318.06628,-83.67237,-0.6022732
-5.877338,12.1056595,-2.604646,-0.20708331,1.9984456,0.05222898,317.76254,-83.99105,-1.0696661
-5.18981,12.683373,-1.0863545,-0.24129178,1.9721785,-0.105374254,317.4534,-84.2462,-1.5262737
-4.2856216,13.430285,0.49329773,-0.3210097,1.7376062,-0.12217305,317.1566,-84.34507,-2.0706382
-3.3437417,14.202992,1.9655564,-0.46761733,1.1817188,-0.046731193,316.95908,-84.34998,-2.6023002
-2.7044468,15.191191,2.8614495,-0.5729916,0.38423425,0.040927973,316.79657,-84.20006,-2.9816177
-2.280082,16.311705,3.3525681,-0.5717699,-0.36743546,0.083383106,316.78168,-84.03371,-3.3238018
-1.9079578,17.158804,3.4320183,-0.5140431,-0.91507614,0.11301007,316.83493,-83.80494,-3.4447787
-1.5611846,17.838291,3.2211428,-0.4914411,-1.3759739,0.109650314,317.07452,-83.57708,-3.5406888
-0.9078409,17.998316,2.3205159,-0.5177083,-1.7253889,0.11728613,317.3903,-83.364914,-3.5346055
0.16005264,17.651386,0.57502484,-0.57787853,-1.749518,0.12522738,317.73776,-83.154785,-3.5242348
0.8721764,16.896805,-0.2906293,-0.58062744,-1.4541647,0.12767084,318.0643,-83.00456,-3.4728456
1.5889475,15.686671,-0.90500456,-0.51923543,-0.9831876,0.10567969,318.3386,-82.85762,-3.4327173
1.9426701,14.71182,-1.5024539,-0.44165558,-0.59803706,0.07452556,318.57565,-82.87799,-3.318564
1.900396,14.00725,-2.0708065,-0.3659083,-0.37598756,0.08582657,318.72116,-82.91408,-3.2128572
1.6935637,13.316,-2.7235425,-0.2938262,-0.2501493,0.11056661,318.79617,-83.03093,-3.0470753
1.2949082,12.659391,-3.459883,-0.18020524,-0.119729586,0.09682214,318.80756,-83.171936,-2.8997033
0.9170744,12.053542,-4.104111,-0.055588737,-0.0143553335,0.06841691,318.81683,-83.377045,-2.7693267
0.56611824,11.515088,-4.623334,0.086437434,0.090713486,0.02443461,318.7899,-83.611206,-2.652888
0.26618758,11.08797,-4.9033155,0.21960606,0.12339478,-0.019547688,318.79453,-83.92117,-2.6058176
0.024170926,10.798499,-4.8558617,0.29046643,0.16065755,-0.043066,318.7672,-84.24529,-2.5680566
-0.16322716,10.558376,-4.670112,0.43218717,0.1328632,-0.090713486,318.78308,-84.63659,-2.5956218
-0.27502713,10.378524,-4.2180514,0.56321776,0.044593163,-0.11636983,318.8032,-85.02925,-2.6219149
-0.31799114,10.306498,-3.7503235,0.6722572,-0.11759156,-0.12614368,318.8589,-85.40603,-2.6847074
-0.23306362,10.433889,-3.161139,0.7593055,-0.2996294,-0.16707164,318.94415,-85.76809,-2.7611237
-0.118444614,10.566227,-2.5761077,0.8384125,-0.45204028,-0.17501289,319.05856,-86.06996,-2.8383482
0.11489125,10.78984,-1.6281807,0.8689558,-0.56779927,-0.19272798,319.21365,-86.32174,-2.928489
0.3392401,10.966222,-0.78961354,0.8677341,-0.65576386,-0.21135938,319.38727,-86.49793,-3.006326
0.57359964,11.063503,-0.077691324,0.8054258,-0.7171558,-0.23915374,319.58533,-86.612404,-3.0923839
0.7951691,11.134247,0.56833273,0.7275405,-0.72234815,-0.27000242,319.76468,-86.65922,-3.1501262
0.9588352,11.023532,0.83790046,0.6392705,-0.6713409,-0.2864958,319.9442,-86.67179,-3.213015
1.1136829,10.900892,1.0638545,0.5696318,-0.5531385,-0.30573806,320.0775,-86.66222,-3.2513218
1.2247452,10.6648855,0.9851853,0.5109888,-0.40408736,-0.32650748,320.18542,-86.6382,-3.2954757
1.3359978,10.421718,0.9077665,0.47708577,-0.25045475,-0.3277292,320.24548,-86.62513,-3.3164659
1.4151499,10.142602,0.8744393,0.4538729,-0.112399206,-0.34208453,320.26624,-86.59995,-3.3470411
1.4947388,9.861945,0.84092814,0.42119157,-0.008246681,-0.35643986,320.25287,-86.59241,-3.3595996
1.5918347,9.595192,0.8434473,0.3640757,0.06566802,-0.35216382,320.20874,-86.584175,-3.3704464
1.7179087,9.271785,0.8598918,0.30268374,0.10415252,-0.33536503,320.1455,-86.574524,-3.3809385
1.7720112,9.031976,0.98476,0.2434298,0.09407325,-0.32253686,320.08356,-86.58182,-3.3722878
1.8253667,8.755497,1.1545278,0.16065755,0.074830994,-0.30604348,320.0137,-86.5915,-3.35696
1.7908365,8.527691,1.3887428,0.121256754,0.019547688,-0.29046643,319.95404,-86.619774,-3.3210235
1.7296495,8.325303,1.6334903,0.035430185,-0.062308256,-0.258396,319.90747,-86.649666,-3.2748742
1.582817,8.118064,1.8123174,-0.0021380284,-0.160963,-0.23060162,319.87723,-86.68587,-3.2148125
1.4064828,7.9083695,1.9695884,-0.0421497,-0.21930063,-0.22143865,319.8576,-86.71573,-3.1503847
0.9708566,7.6047945,1.9172208,-0.08857546,-0.23854288,-0.21288654,319.85275,-86.72173,-3.0875173
0.4268761,7.2577724,1.7859151,-0.111177474,-0.18081611,-0.19364429,319.83942,-86.72233,-3.0186563
0.09657743,6.9823523,1.7620313,-0.14172074,-0.12522738,-0.18112154,319.836,-86.66976,-2.9775267
-0.13120435,6.740334,1.790504,-0.172264,-0.09743301,-0.16310102,319.81976,-86.61068,-2.9280202
-0.299612,6.5447283,1.7591543,-0.19028452,-0.090713486,-0.14935656,319.81976,-86.48573,-2.959412
-0.43366015,6.3771677,1.6969178,-0.2434298,-0.08399397,-0.12522738,319.809,-86.35656,-2.9797304
-0.525783,6.2174187,1.6164805,-0.2919936,-0.07696902,-0.108123146,319.80588,-86.20849,-3.0217407
-0.5962321,6.0624304,1.5272449,-0.32986724,-0.03390302,-0.086437434,319.7884,-86.059135,-3.0535848
-0.62835217,5.9284816,1.5642985,-0.38820487,0.02076942,-0.06536258,319.77173,-85.895035,-3.0979204
-0.63740474,5.8107977,1.6729298,-0.43066,0.04520403,-0.0421497,319.74976,-85.73201,-3.1334646
-0.6190429,5.750638,1.7715429,-0.4728097,0.03023783,-0.027183503,319.72446,-85.56187,-3.1778135
-0.57646865,5.741177,1.8614221,-0.5170974,-0.02321288,-0.024740042,319.7021,-85.38592,-3.2167408
-0.494838,5.7656035,1.9542781,-0.52595496,-0.0983493,-0.019242255,319.68756,-85.203354,-3.244817
-0.36968312,5.825678,2.0544019,-0.52015173,-0.19700404,-0.03634648,319.69397,-85.011024,-3.2754698
-0.25717685,5.895572,2.0777016,-0.52595496,-0.26542094,-0.043066,319.7063,-84.81255,-3.289763
-0.15403086,5.972932,2.0433195,-0.5128214,-0.40317106,-0.048563786,319.76477,-84.616936,-3.3035965
-0.08067763,6.075272,1.9085957,-0.52015173,-0.5311473,-0.08032878,319.82416,-84.41274,-3.3024302
-0.06479147,6.2235427,1.5855771,-0.51893,-0.6178902,-0.105374254,319.9078,-84.21439,-3.2973206
-0.07632675,6.3532763,1.2266377,-0.5222898,-0.6743952,-0.13683382,320.00848,-84.01961,-3.2845733
-0.11372447,6.4748187,0.81058824,-0.52381694,-0.6753115,-0.16493362,320.11426,-83.82425,-3.2760015
-0.13845293,6.637267,0.5053878,-0.52290064,-0.65240407,-0.20005837,320.22595,-83.66707,-3.2841344
-0.14830358,6.853981,0.32807606,-0.4868596,-0.6389651,-0.2321288,320.3373,-83.51862,-3.2980032
-0.13026725,7.118478,0.278455,-0.4465425,-0.6478226,-0.25778514,320.44876,-83.421,-3.3460102
-0.08338011,7.4373107,0.35816312,-0.40500367,-0.6401868,-0.28802297,320.551,-83.33063,-3.403897
0.015409434,7.8119307,0.46699947,-0.4147775,-0.64568454,-0.3032946,320.68597,-83.25065,-3.46557
0.1782921,8.255334,0.61178404,-0.42363504,-0.6771441,-0.31520647,320.82526,-83.17924,-3.533478
0.3884136,8.645044,0.6972681,-0.46639562,-0.7174612,-0.31429017,320.96002,-83.09768,-3.588321
0.70085466,8.932288,0.6619925,-0.5045747,-0.72509706,-0.29932398,321.09235,-83.01779,-3.6417282
1.0999587,9.18901,0.6067782,-0.5561928,-0.7144069,-0.26328292,321.22855,-82.920265,-3.6487691
1.6284502,9.408826,0.52259374,-0.5726862,-0.7156286,-0.22418754,321.3666,-82.82759,-3.6502383
2.1169424,9.582052,0.6132533,-0.57787853,-0.7134906,-0.09987647,321.4918,-82.75381,-3.5722966
2.5972786,9.688231,1.0632526,-0.54458636,-0.7846564,-0.0067195175,321.6351,-82.68741,-3.4913504
2.9729156,9.761114,1.4363797,-0.5216789,-0.93584555,0.07880162,321.78226,-82.6591,-3.2920053
3.378959,9.809597,1.9030262,-0.5513059,-1.0989466,0.16707164,321.94836,-82.63229,-3.067063
3.590852,9.82843,1.9999206,-0.63224554,-1.1859949,0.23732115,322.08917,-82.553635,-2.741986
3.8518891,9.837431,1.7973918,-0.7284568,-1.2974777,0.27030787,322.27966,-82.45228,-2.403523
4.0904326,9.881028,1.5897319,-0.7693848,-1.2971723,0.3359759,322.4251,-82.28821,-1.9833298
4.213021,10.098964,1.3581761,-0.8567385,-1.1410962,0.39767328,322.5541,-82.064224,-1.5662636
4.3204765,10.34153,1.1765246,-0.93859446,-0.9120218,0.473726,322.66672,-81.83664,-1.0979874
4.2242002,10.772479,1.6074743,-1.0577132,-0.75228053,0.5549711,322.75146,-81.55347,-0.6243155
4.112609,11.234642,2.0582333,-1.2205088,-0.6948592,0.65484756,322.81583,-81.246376,-0.123629935
3.763296,11.928349,2.4862652,-1.3906348,-0.68477994,0.77396625,322.84515,-80.88406,0.39032617
3.4236958,12.62956,2.8977118,-1.5451837,-0.70738196,0.90377516,322.84262,-80.40859,0.9105931
3.1114101,13.599045,3.2193193,-1.6618589,-0.7309003,1.0806206,322.8282,-79.88083,1.4641179
2.8007514,14.632616,3.5268378,-1.7171422,-0.73761976,1.2348641,322.78778,-79.29624,1.9736131
2.7252176,15.861301,3.426126,-1.7611245,-0.6411031,1.3921618,322.71,-78.675575,2.5140276
2.6658404,16.90943,3.3344114,-1.774869,-0.4972443,1.5479325,322.59396,-78.05308,3.0130064
2.7450857,17.48917,3.155067,-1.7806722,-0.39492437,1.6786577,322.4478,-77.421196,3.5298607
2.8297157,18.108305,2.963536,-1.8234328,-0.20891592,1.8035797,322.26956,-76.82179,4.0346704
2.4302638,18.492458,2.9345229,-1.9172006,-0.119729586,1.8802432,322.07953,-76.208275,4.545627
1.9486061,18.815123,2.939199,-2.1065688,0.05131268,1.9150625,321.80472,-75.5587,5.046869
1.2849765,18.958294,2.602604,-2.3671029,0.27183503,1.9486601,321.52917,-74.90248,5.55079
0.62359023,19.053425,2.2130203,-2.528066,0.27305678,1.9938642,321.26,-74.227325,6.055703
-0.07949426,18.805735,1.5471529,-2.5445592,0.24953845,2.008525,320.94608,-73.57395,6.4670386
-0.7797572,18.453428,0.80774474,-2.4016168,0.27672195,2.010663,320.61084,-72.929436,6.8735266
-1.551155,17.870646,0.33799094,-2.3087652,0.31337386,1.9804251,320.3278,-72.36559,7.191474
-2.3430347,17.14351,0.08399176,-2.1206186,0.30634892,1.9214766,320.04803,-71.87419,7.498434
-2.942055,16.281626,-0.06280495,-1.9559906,0.25442538,1.8781052,319.85583,-71.50604,7.7334104
-3.4455268,15.353658,-0.15658891,-1.7635679,0.2687807,1.8093829,319.6515,-71.20584,7.938711
-4.1467805,14.219229,-0.03870599,-1.5690074,0.29229903,1.6303993,319.49362,-70.9999,8.037615
-4.7270145,13.312102,0.108395554,-1.4150693,0.26328292,1.5650368,319.3427,-70.82818,8.152259
-5.148867,11.777801,0.5262635,-1.2528846,0.071776666,1.4220943,319.26245,-70.73448,8.177246
-5.4493785,10.039457,1.0533144,-1.0534371,-0.21013765,1.2638801,319.22546,-70.70092,8.191598
-4.951735,9.257358,1.4098779,-0.8350528,-0.3979787,1.1304061,319.21997,-70.69979,8.134275
-3.9462528,9.063062,1.6648915,-0.6575964,-0.40591997,0.9578367,319.2648,-70.7659,8.032443
-2.9481878,8.870199,1.918024,-0.5448918,-0.41386122,0.8020661,319.3544,-70.76257,7.9359937
-1.9429064,8.675941,2.1729865,-0.42943826,-0.44104472,0.6740898,319.4683,-70.82799,7.799576
-0.9689168,8.647316,2.2426958,-0.31948254,-0.51007247,0.5702427,319.63107,-70.934685,7.6387143
-0.011031115,8.7047,2.2162104,-0.22235495,-0.6056729,0.5002986,319.8217,-71.081825,7.4551463
0.7944804,8.703987,2.0548658,-0.1328632,-0.6765333,0.4447099,319.9718,-71.07984,7.482941
1.4391209,8.642592,1.7530103,-0.08124508,-0.6930266,0.4071417,320.1369,-71.102135,7.496037
1.8052943,8.536204,1.4226509,-0.03268129,-0.6768387,0.36682457,320.30945,-71.0899,7.610386
1.9868613,8.410504,1.0967612,0.015882496,-0.6151413,0.30604348,320.4744,-71.09893,7.701011
1.956849,8.244297,0.8545244,0.063224554,-0.5021312,0.24251351,320.63678,-71.11491,7.8450747
1.8342962,8.104839,0.7192936,0.10873401,-0.43860126,0.21624629,320.7937,-71.144745,7.9772534
1.6300005,7.942691,0.65207165,0.13133603,-0.32253686,0.16523905,320.9287,-71.21184,8.093072
1.3828712,7.776354,0.63781416,0.2098322,-0.2321288,0.12339478,321.0521,-71.305214,8.198347
1.1159735,7.6572137,0.69789946,0.30085114,-0.17073683,0.07666359,321.17328,-71.42856,8.267684
0.83045703,7.5682826,0.81023383,0.3857614,-0.087659165,0.04550946,321.26376,-71.57139,8.318846
0.50107574,7.4934964,0.89578635,0.47616947,-0.014660766,0.0030543262,321.35858,-71.74868,8.324989
0.13493651,7.430867,0.95841545,0.5561928,0.05955936,-0.04337143,321.4317,-71.94641,8.313405
-0.19435072,7.3174734,1.0485188,0.6059783,0.14049901,-0.08674286,321.50046,-72.15252,8.254322
-0.4972853,7.161273,1.1621193,0.64843345,0.22571471,-0.1432479,321.55215,-72.38112,8.172094
-0.7775874,6.9580503,1.2234093,0.66767573,0.30268374,-0.20219639,321.6167,-72.61746,8.030723
-1.0417595,6.7077823,1.237313,0.6591236,0.39522982,-0.25778514,321.65918,-72.86041,7.867755
-1.2367673,6.441229,1.262113,0.64996064,0.49754974,-0.31245756,321.709,-73.10094,7.659251
-1.3502651,6.1451473,1.3015906,0.63713247,0.6123924,-0.37720928,321.7381,-73.34288,7.4271526
-1.4033883,5.8542104,1.356817,0.6377433,0.7318166,-0.44073927,321.76178,-73.59529,7.152707
-1.3942037,5.5603013,1.4302943,0.655153,0.8231409,-0.5015204,321.77118,-73.85178,6.8586874
-1.3588152,5.2554226,1.4822836,0.69058317,0.86070913,-0.54825157,321.76892,-74.10547,6.542888
-1.2797585,4.9194317,1.5020478,0.7156286,0.8509353,-0.6084218,321.76663,-74.36391,6.208611
-1.1529136,4.6209497,1.5072429,0.7761043,0.8338311,-0.69027776,321.74072,-74.63469,5.8671503
-0.94861084,4.3485465,1.4926499,0.8362745,0.78038037,-0.77640975,321.73846,-74.91193,5.5158753
-0.7420528,4.112811,1.4658072,0.89736104,0.7415904,-0.8179486,321.71887,-75.19355,5.175578
-0.50808805,3.9027202,1.4180593,0.9398162,0.68111473,-0.8949176,321.7341,-75.49036,4.8111887
-0.29062414,3.711899,1.3460239,1.003957,0.6072,-0.97402465,321.75024,-75.783936,4.4762516
-0.08427438,3.539141,1.2260531,1.0567969,0.5128214,-1.0436633,321.79797,-76.08341,4.1321216
0.09764683,3.397997,1.0753752,1.1129965,0.41599923,-1.1068878,321.86758,-76.37437,3.8203309
0.24488859,3.3077521,0.85688746,1.1582005,0.32528573,-1.1618657,321.96896,-76.67304,3.5010417
0.3920008,3.2583463,0.6068316,1.1982121,0.26511553,-1.2116512,322.10693,-76.96154,3.2158213
0.5392774,3.2951655,0.28926653,1.2452488,0.26175576,-1.2412782,322.25748,-77.25887,2.9260728
0.6956015,3.3485112,-0.00072112906,1.2727377,0.28008172,-1.2629639,322.43872,-77.561775,2.65736
0.876077,3.45164,-0.19838472,1.3035865,0.3213151,-1.2663237,322.6143,-77.871,2.3864546
1.0625873,3.5642426,-0.40061593,1.3069462,0.36163223,-1.2544118,322.67853,-78.28597,2.086057
1.2442137,3.7877827,-0.55895686,1.3341297,0.37995818,-1.2260065,322.73663,-78.705444,1.7923685
1.432098,4.040705,-0.72889006,1.3771957,0.40622538,-1.1954633,322.74106,-79.165955,1.5165663
1.4995433,4.407439,-0.867996,1.4065173,0.46914452,-1.1398746,322.72565,-79.619514,1.2577863
1.568916,4.784653,-1.0110772,1.4269812,0.5946773,-1.0760391,322.66214,-80.103485,1.0324012
1.5372952,5.348705,-0.96802926,1.4676038,0.784351,-1.0140363,322.5579,-80.5926,0.8219799
1.486437,5.945133,-0.88943017,1.4758505,0.9746355,-0.9294315,322.4122,-81.06893,0.6363425
1.3182809,6.53399,-0.5668568,1.5008959,1.1304061,-0.8454375,322.2162,-81.58793,0.47188935
1.1734695,6.952769,-0.28506163,1.5164729,1.2360858,-0.77671516,321.97614,-82.09812,0.32833415
0.96009856,7.310406,0.14196114,1.5381587,1.2843442,-0.7507534,321.7211,-82.60279,0.19049092
0.6762184,7.6722145,0.71528774,1.5509869,1.3243558,-0.7449502,321.43674,-83.099266,0.06984041
0.51778305,7.917188,1.0569445,1.5882497,1.3469579,-0.7467828,321.1809,-83.53237,-0.058493737
0.30112,8.274935,1.5356187,1.5922203,1.3613132,-0.732122,320.9181,-83.94722,-0.17550369
0.17172705,8.657202,1.9266088,1.606881,1.3353515,-0.7098254,320.74292,-84.23189,-0.30409172
0.09269954,9.062217,2.2723541,1.6013832,1.2953397,-0.6783658,320.5708,-84.501366,-0.4217936
0.13308689,9.644592,2.531082,1.5839735,1.2443326,-0.64904433,320.45386,-84.669464,-0.5477349
0.23616467,10.34821,2.7596457,1.5396858,1.1780536,-0.6267477,320.35336,-84.82417,-0.6622187
0.3204605,10.752554,2.8460257,1.4941764,1.1316279,-0.59559363,320.23346,-84.938995,-0.7821647
0.38722715,10.8638315,2.7916234,1.452943,1.1236867,-0.55924714,320.12222,-85.04145,-0.8901989
0.45500863,10.9768,2.736394,1.4208726,1.1679744,-0.54702985,319.96756,-85.12827,-0.9685379
0.52074707,11.086364,2.6828294,1.3970488,1.2241739,-0.5131268,319.81232,-85.209236,-1.0292792
0.68506,11.156086,2.9789915,1.3991868,1.2437216,-0.46792278,319.6313,-85.30856,-1.0867363
0.8515638,11.189386,3.3577876,1.4132367,1.2299771,-0.41386122,319.44623,-85.406105,-1.1309135
0.985259,11.218941,3.981496,1.4138476,1.1169671,-0.38056904,319.2582,-85.52783,-1.153608
1.0792322,11.2424345,4.728583,1.3820826,0.893085,-0.32742378,319.10843,-85.64694,-1.1524879
1.0873164,11.510453,5.7225065,1.3118331,0.6093381,-0.25961772,318.95355,-85.718124,-1.0926865
1.0266423,11.981844,6.9406533,1.1780536,0.24251351,-0.14630222,318.88663,-85.76828,-1.0013618
0.9218215,12.588445,8.182926,0.9816604,-0.20463985,-0.011911872,318.83078,-85.7344,-0.83709335
0.76819974,13.351599,9.481277,0.7189884,-0.6450737,0.106595986,318.8754,-85.643166,-0.64376575
0.65620595,14.055707,10.315059,0.35613444,-1.0601566,0.1908954,318.94995,-85.348145,-0.38960037
0.5784391,14.709863,10.767937,-0.06169739,-1.3008375,0.2770274,319.09332,-84.95831,-0.10472393
0.41612914,15.038566,9.513323,-0.2874121,-1.815186,0.32375857,319.37024,-84.39373,0.21391518
0.15438735,14.982478,6.246225,-0.72143185,-2.195755,0.4279111,319.66556,-83.65917,0.56759274
-0.2399242,14.63084,2.8453197,-0.9789116,-2.147802,0.4905248,319.95743,-82.893425,0.90708005
-0.8261453,13.852496,-0.7557526,-0.9416488,-1.591304,0.49449542,320.19986,-82.113785,1.2418717
-1.4759961,13.093898,-3.4923644,-0.68019843,-0.81031275,0.48258355,320.5038,-81.77834,1.408778
-2.2258637,12.330639,-5.3000813,-0.40317106,-0.20799962,0.5225952,320.68604,-81.469505,1.5717503
-3.0947342,11.567365,-6.597955,-0.18967366,0.26389378,0.5708536,320.89136,-81.66592,1.532018
-4.3414183,10.734559,-6.7342324,-0.015882496,0.65301496,0.5479461,320.9445,-81.9254,1.4662277
-5.233821,10.309572,-6.5368886,0.21777347,0.9263771,0.398895,321.04376,-82.51981,1.2114346
-5.567361,10.563251,-5.752366,0.4184427,1.0170907,0.19120082,321.07056,-83.14288,0.93791723
-5.7536383,10.888576,-4.692289,0.4633413,0.9786061,0.09132435,321.11578,-83.8276,0.47895378
-5.615092,11.414096,-2.8816328,0.35369098,0.75991637,0.027488936,321.17252,-84.48737,-0.010597039
-5.347207,12.275327,-1.078975,0.21960606,0.36071593,-0.032375857,321.26474,-85.00679,-0.5458736
-4.7418737,14.016758,0.7501856,0.17104226,-0.081855945,0.0021380284,321.41956,-85.443535,-1.0502704
-4.078636,15.668129,2.4726334,0.17256944,-0.56413406,0.061086524,321.5961,-85.60856,-1.4817425
-2.6181827,16.638624,3.339483,0.14844026,-1.0757337,0.10476339,321.90863,-85.699875,-1.881888
-1.0999275,17.595188,4.133979,0.070249505,-1.5567901,0.13072516,322.2566,-85.6061,-2.0921404
0.49073386,17.990932,3.73055,-0.065973446,-1.930945,0.16615535,322.7143,-85.4967,-2.27077
2.1455162,18.402628,3.3108592,-0.2415972,-2.0271564,0.21502456,323.11343,-85.37834,-2.1999707
4.0745454,17.849566,1.8247675,-0.37934732,-1.7617353,0.24648413,323.50668,-85.23985,-2.1271513
5.1156006,17.30338,0.7837127,-0.46303585,-1.5271631,0.22968534,323.92645,-85.07338,-2.0547154
5.142865,16.348238,-0.34190688,-0.4914411,-0.9550878,0.20769419,324.06067,-85.025185,-1.7493054
4.7302785,15.335961,-1.3637775,-0.5500842,-0.5030475,0.26939157,324.15445,-84.931404,-1.4448731
3.754153,14.274676,-2.0239153,-0.5757405,-0.22388211,0.27305678,324.16837,-84.92731,-1.0324167
2.6181173,13.207076,-2.5714023,-0.56230146,-0.040317107,0.22510384,324.08633,-84.88737,-0.6421724
1.6802548,12.205149,-3.1198983,-0.54305923,0.13683382,0.17592919,323.98975,-84.91104,-0.32566518
0.8775754,11.281135,-3.6425734,-0.49357912,0.33169982,0.13591751,323.84094,-84.92974,-0.033150326
0.36744696,10.419944,-3.9626813,-0.4083634,0.52656585,0.096516706,323.70435,-85.02749,0.088678084
0.00309626,9.577382,-4.1812916,-0.3222314,0.6640105,0.022602014,323.5318,-85.137634,0.18460836
-0.25035295,8.912521,-4.1561446,-0.21166481,0.7098254,-0.0711658,323.37982,-85.34492,0.15667276
-0.41482165,8.384229,-3.921901,-0.1151481,0.65484756,-0.1731803,323.21985,-85.57304,0.106028505
-0.6129535,8.235662,-3.6452472,-0.005192355,0.5119051,-0.29168814,323.10587,-85.86217,-0.013578417
-0.8381639,8.331497,-3.3337858,0.122478485,0.32528573,-0.3848451,323.02133,-86.179794,-0.15071343
-1.0597483,8.651207,-2.9522,0.26206118,0.122478485,-0.43127087,322.98135,-86.49603,-0.31996188
-1.2845799,9.134356,-2.512104,0.40133846,-0.07788532,-0.45875978,322.99487,-86.83347,-0.50519985
-1.3246772,9.526432,-1.9076383,0.514654,-0.21502456,-0.5012149,323.05078,-87.14654,-0.72347784
-1.2330546,9.84493,-1.200835,0.51923543,-0.27305678,-0.5174029,323.1416,-87.43233,-0.9389522
-1.0076332,10.093265,-0.4249554,0.4361578,-0.2678644,-0.5366451,323.25064,-87.62258,-1.1850606
-0.58632535,10.233702,0.44273797,0.31978795,-0.25503623,-0.54275376,323.37653,-87.74212,-1.4294829
-0.13121323,10.302381,1.2727935,0.22876903,-0.21288654,-0.5335908,323.473,-87.74283,-1.6422995
0.36560482,10.297737,2.07606,0.17837265,-0.16890424,-0.5186246,323.5682,-87.6934,-1.8517733
0.8885118,10.055254,2.4873667,0.092240654,-0.12370021,-0.51343226,323.6223,-87.6012,-1.9846368
1.2955889,9.6438465,2.4007547,0.046731193,-0.06658431,-0.50640726,323.66083,-87.510086,-2.110015
1.5927249,9.288258,2.311228,0.038179077,0.004581489,-0.5143485,323.64197,-87.427505,-2.147974
1.6893911,9.061092,2.2290616,0.035124753,0.07666359,-0.49846604,323.60474,-87.34804,-2.1754138
1.7301391,8.8003435,2.1728122,0.020158553,0.112399206,-0.47678033,323.53967,-87.31515,-2.1427832
1.701928,8.5041275,2.149303,0.0021380284,0.086132,-0.46639562,323.4701,-87.28044,-2.1078444
1.6455331,8.217579,2.049946,-0.036651913,0.03145956,-0.44959682,323.39465,-87.25593,-2.053222
1.5401542,7.9164968,1.8241341,-0.09773844,-0.017715093,-0.4196644,323.32327,-87.22506,-1.9909908
1.4358164,7.672993,1.6917146,-0.18234327,-0.050396383,-0.38453966,323.27216,-87.16997,-1.9293823
1.3031503,7.4430385,1.656337,-0.2782491,-0.0711658,-0.3640757,323.22888,-87.09731,-1.8624147
1.1593491,7.23348,1.6366371,-0.3390302,-0.12370021,-0.34605515,323.21213,-87.02362,-1.8044908
0.93711567,7.081957,1.6871446,-0.3830125,-0.19883664,-0.3359759,323.20477,-86.930565,-1.7417598
0.7254793,6.9532204,1.7214884,-0.41447207,-0.2574797,-0.31642818,323.20654,-86.813126,-1.6998276
0.5153082,6.8750176,1.711713,-0.4474588,-0.3136793,-0.3005457,323.22577,-86.68445,-1.6539705
0.3131777,6.7788186,1.6768849,-0.47494772,-0.3631594,-0.29046643,323.2659,-86.53515,-1.631572
0.12632981,6.6320095,1.5745634,-0.4783075,-0.38789943,-0.26236662,323.3108,-86.38954,-1.5977252
-0.04797347,6.4883823,1.4747387,-0.4841107,-0.3924809,-0.24556783,323.37213,-86.22179,-1.5980223
-0.13524532,6.359553,1.3874669,-0.47586402,-0.40225476,-0.22143865,323.43774,-86.06467,-1.5862188
-0.23093943,6.1990757,1.2542789,-0.47342056,-0.41050145,-0.20280726,323.5122,-85.90258,-1.610914
-0.16336392,6.145726,1.0230997,-0.47342056,-0.419359,-0.19364429,323.58658,-85.74805,-1.6296141
-0.06839501,6.0707507,0.69820607,-0.47342056,-0.4083634,-0.16401732,323.66458,-85.60797,-1.6541599
-0.018069355,6.0840025,0.7089448,-0.49510628,-0.35308012,-0.12614368,323.72955,-85.46809,-1.6731591
0.024790399,6.107814,0.76132894,-0.4633413,-0.33567044,-0.100792766,323.7994,-85.348076,-1.6856658
0.12075904,6.1978483,0.83725756,-0.44715336,-0.3359759,-0.07574729,323.86096,-85.25762,-1.6866667
0.22037703,6.292938,0.9142351,-0.43554693,-0.3359759,-0.059253927,323.91525,-85.1788,-1.6829375
0.4321913,6.4409413,0.86207044,-0.4269948,-0.3313944,-0.050396383,323.95898,-85.09873,-1.6698028
0.66246015,6.59602,0.78218126,-0.44135013,-0.3417791,-0.030543262,324.00455,-85.020355,-1.6484528
0.928838,6.752411,0.75855297,-0.4456262,-0.3378085,-0.01863139,324.0322,-84.93729,-1.6119493
1.2095001,6.9120975,0.74887496,-0.43035457,-0.3662137,-0.01863139,324.06525,-84.90323,-1.5845841
1.4826818,7.1617284,0.92849296,-0.3885103,-0.45723262,0.01740966,324.09497,-84.872574,-1.5599555
1.7729733,7.4520197,1.1695825,-0.34269542,-0.61544675,0.042455133,324.154,-84.81945,-1.4737142
2.0186803,7.7964296,1.0859662,-0.31703907,-0.76174897,0.09162979,324.22675,-84.77817,-1.3284764
2.2458992,8.141992,0.9297531,-0.30207285,-0.8518516,0.14721853,324.3241,-84.74485,-1.1751171
2.377717,8.419815,0.8345405,-0.29046643,-0.904386,0.19456059,324.4204,-84.67604,-0.9648202
2.484692,8.675626,0.755472,-0.30085114,-0.91813046,0.21563543,324.5255,-84.59903,-0.7500394
2.5421662,8.796462,0.95402926,-0.3390302,-0.9407325,0.24129178,324.65598,-84.51716,-0.4911905
2.5846748,8.876756,1.2326951,-0.40744713,-0.9624182,0.23823744,324.78662,-84.41382,-0.24001697
2.650464,8.970386,1.4568638,-0.5155703,-0.9755518,0.25809056,324.92398,-84.290855,0.03897818
2.7226236,9.066598,1.6589106,-0.57910025,-0.98624194,0.2678644,325.06393,-84.152466,0.3082411
2.6988137,9.121242,1.2921903,-0.6976081,-0.8940013,0.30176744,325.1544,-83.91679,0.59452736
2.6469064,9.163712,0.7589596,-0.79076505,-0.6750061,0.31673363,325.2074,-83.666435,0.8673375
2.5778232,9.35244,0.6399296,-0.88453287,-0.3943135,0.33108896,325.1961,-83.343895,1.15238
2.5026584,9.592027,0.66341853,-0.9966267,-0.20097467,0.3903429,325.14148,-82.987816,1.4430435
2.3874602,10.03141,1.2080595,-1.1374311,-0.16737708,0.4813618,325.11185,-82.66624,1.7237862
2.255994,10.55258,1.9686843,-1.278541,-0.27947086,0.59742624,325.06482,-82.30932,2.021583
2.1733706,11.318821,2.4615295,-1.3976597,-0.41783184,0.74464476,325.01926,-81.917694,2.3350549
2.1151853,12.206146,2.8203385,-1.4669929,-0.5589417,0.91904676,324.99863,-81.49342,2.6867173
2.191367,13.282836,3.125081,-1.4422529,-0.66339964,1.0934488,324.94116,-80.97744,3.060786
2.3244429,14.420865,3.4004107,-1.3997977,-0.72784597,1.2727377,324.89795,-80.44081,3.479945
2.513959,15.502885,3.5957053,-1.3613132,-0.68416905,1.4230106,324.83426,-79.88532,3.9176638
2.735724,16.539396,3.7403347,-1.3469579,-0.54702985,1.5586227,324.7473,-79.32757,4.3869157
2.9764447,17.336456,3.7150772,-1.3973542,-0.38148534,1.7302758,324.6457,-78.72751,4.909854
3.2245753,17.990183,3.5957837,-1.4795157,-0.20922135,1.8808541,324.49118,-78.12011,5.4408965
3.098825,18.387995,3.1991107,-1.6108516,-0.124005646,1.958434,324.30368,-77.487816,5.988645
2.7588818,18.646544,2.6389232,-1.8387043,0.1255328,2.0292943,324.0089,-76.80443,6.5399423
2.1960087,18.727127,2.135872,-2.0787745,0.3827071,2.1175644,323.72012,-76.09197,7.1191607
1.4898891,18.703432,1.6572269,-2.219579,0.44990227,2.1487186,323.40985,-75.36231,7.6795683
0.7466407,18.48034,1.3858403,-2.2522602,0.44776422,2.143526,323.1136,-74.69901,8.176078
-0.24086046,18.021856,1.2153789,-2.2574525,0.32620203,2.0399845,322.83215,-74.03333,8.643461
-0.579841,17.766888,1.0269405,-2.2208006,0.31398472,1.9914207,322.5865,-73.470894,9.029067
-0.92932355,17.412619,0.71097004,-2.1731532,0.3051272,1.9401081,322.3753,-72.93594,9.385267
-1.2852046,16.953629,0.5781239,-2.0418172,0.3753767,1.9419407,322.18604,-72.48579,9.662216
-1.6366228,16.409653,0.6214494,-1.9007072,0.35216382,1.9126191,322.026,-72.069435,9.919943
-1.9747621,15.286951,0.7512201,-1.738217,0.27580565,1.9074267,321.89938,-71.72458,10.15811
-2.3028185,13.651355,0.95742714,-1.5274686,0.19792034,1.8512272,321.78198,-71.44163,10.373246
-2.9291122,12.236755,1.2397181,-1.3203852,0.11789699,1.7461584,321.7094,-71.19757,10.564119
-3.6404212,11.341192,1.5139577,-1.1404854,-0.033292156,1.6206255,321.68216,-71.0127,10.741763
-3.9506545,10.495412,1.7836976,-0.9437868,-0.22907446,1.4886786,321.66766,-70.83,10.902581
-3.7134302,9.811647,2.0162706,-0.7467828,-0.41416663,1.3674219,321.70135,-70.71418,11.037488
-3.2962673,9.2748165,2.2436562,-0.54702985,-0.5653558,1.2302825,321.78644,-70.6496,11.090281
-2.5767634,8.936794,2.4754426,-0.37934732,-0.59773165,1.073901,321.90234,-70.65274,11.104191
-1.7767847,8.720755,2.6999266,-0.267559,-0.5867361,0.9108001,322.04672,-70.63362,11.137841
-0.82078844,8.686259,2.9216783,-0.16615535,-0.5571091,0.7672467,322.2063,-70.67907,11.128618
0.016020656,8.657874,3.02167,-0.09407325,-0.5323691,0.65179324,322.34253,-70.669815,11.171232
0.80726254,8.634041,2.9597054,-0.029626964,-0.54000485,0.5674938,322.48834,-70.70468,11.177946
1.426107,8.554886,2.8069007,0.037873644,-0.5213735,0.50640726,322.5874,-70.673096,11.263021
1.7916701,8.364983,2.4698231,0.09896017,-0.51007247,0.45112398,322.69534,-70.67015,11.323521
2.0341616,8.167675,2.1141882,0.16340645,-0.4804455,0.42119157,322.78656,-70.62469,11.467799
2.0147924,7.935244,1.6832223,0.1957823,-0.42394048,0.3555236,322.8707,-70.60171,11.579568
1.915505,7.700645,1.2526819,0.2666427,-0.3173445,0.26175576,322.95853,-70.59816,11.717132
1.7262511,7.534102,0.9536606,0.36163223,-0.28771752,0.23304509,323.04794,-70.60595,11.851716
1.5030241,7.342723,0.61819077,0.3943135,-0.20769419,0.19120082,323.1434,-70.66016,11.947407
1.2482965,7.18404,0.43862867,0.49602258,-0.13622294,0.13988814,323.23227,-70.75449,12.027291
0.98674166,7.0211043,0.2542539,0.59803706,-0.04550946,0.08582657,323.34293,-70.90883,12.063667
0.70663315,6.8690195,0.1429686,0.6835582,0.09865474,0.029321533,323.42004,-71.08739,12.073593
0.44016922,6.7287755,0.054147273,0.74006325,0.24007004,-0.03573562,323.4752,-71.28843,12.058147
0.14303832,6.499538,0.10260091,0.77213365,0.3717115,-0.11789699,323.53018,-71.550766,11.980878
-0.15846051,6.252857,0.18025969,0.77549344,0.45753807,-0.21685717,323.56378,-71.828964,11.874123
-0.47808927,5.971815,0.27612323,0.75655663,0.5112942,-0.3173445,323.6058,-72.14489,11.712095
-0.80775553,5.675115,0.3797326,0.7257079,0.5720753,-0.42332962,323.6298,-72.473206,11.516166
-1.0526938,5.407904,0.48974657,0.6814202,0.61361414,-0.50610185,323.6715,-72.802376,11.270733
-1.2621928,5.150792,0.6040187,0.657291,0.62888575,-0.5821546,323.71356,-73.14258,10.998346
-1.4508754,4.914932,0.6794458,0.6554584,0.6426302,-0.65087694,323.778,-73.48677,10.68422
-1.6442083,4.6707215,0.7404983,0.66339964,0.63071835,-0.70371675,323.8538,-73.834076,10.357462
-1.7562193,4.38334,0.77796125,0.7104363,0.6105598,-0.7690793,323.942,-74.19578,9.997171
-1.8523242,4.0325565,0.811598,0.76174897,0.55955255,-0.84116143,324.05106,-74.56569,9.626589
-1.9267458,3.729906,0.8081766,0.84635377,0.52534413,-0.88208944,324.17026,-74.95783,9.231599
-1.9892855,3.453288,0.7841228,0.89369583,0.47952923,-0.97035944,324.31964,-75.36808,8.810586
-2.0818458,3.043887,0.74852276,0.98929626,0.4120286,-1.1050552,324.4922,-75.8116,8.374438
-2.1133406,2.9045832,0.73640937,1.1163563,0.38453966,-1.1542299,324.67142,-76.26693,7.940927
-2.1814551,2.6685226,0.69728583,1.1462886,0.3203988,-1.2577715,324.89355,-76.748146,7.465938
-2.2532382,2.4531734,0.6494304,1.2296717,0.25320363,-1.366811,325.13168,-77.27178,6.9795694
-2.246249,2.3630369,0.5509927,1.3185526,0.19547687,-1.4627168,325.39545,-77.809364,6.4684925
-2.1940877,2.3440692,0.4229611,1.3765849,0.14844026,-1.5457945,325.6845,-78.36344,5.935128
-2.1235626,2.3841505,0.23719318,1.4162911,0.10048734,-1.6264287,325.99445,-78.952774,5.372466
-2.0444782,2.4585826,0.023200307,1.4456125,0.09407325,-1.7140878,326.31433,-79.551384,4.785894
-1.8561089,2.7316966,-0.17213632,1.4856243,0.086132,-1.7910569,326.65714,-80.164696,4.1888585
-1.5625777,3.1894064,-0.37114057,1.5106697,0.1685988,-1.8252654,326.9814,-80.766045,3.5767157
-1.3325258,3.5936372,-0.543239,1.4715744,0.3213151,-1.829236,327.27814,-81.37825,2.948798
-1.0888029,4.071334,-0.74309176,1.3906348,0.44806966,-1.847562,327.56366,-81.95871,2.3073926
-0.8504264,4.6086507,-0.91052103,1.348485,0.56199604,-1.8533652,327.74695,-82.5457,1.6827922
-0.608402,5.228233,-1.0508952,1.3329079,0.72509706,-1.8252654,327.88147,-83.07361,1.062063
-0.32680145,5.9078126,-1.0923793,1.2880094,0.945314,-1.7666223,327.91516,-83.57648,0.46634144
-0.0018756967,6.6565547,-1.0358704,1.2339478,1.1933253,-1.666135,327.89227,-84.01706,-0.10654931
0.28276104,7.369374,-0.8179212,1.1746938,1.3854424,-1.5567901,327.78372,-84.42101,-0.6203742
0.51815677,8.033191,-0.41774854,1.1044444,1.4770721,-1.4450017,327.63025,-84.75275,-1.097347
0.7028517,8.610822,0.07073819,1.0555751,1.5940529,-1.3884968,327.3908,-85.029625,-1.4724791
0.8242803,9.0868225,0.68759567,1.0231993,1.6154331,-1.3005321,327.15128,-85.2608,-1.7947545
0.90291363,9.46967,1.2864913,0.9960158,1.5552629,-1.20371,326.92892,-85.42089,-1.9824257
0.9314262,9.754796,1.8947604,1.0106765,1.4126259,-1.1026118,326.72742,-85.57499,-2.1356764
0.99292743,10.017895,2.3230302,1.0619892,1.2046263,-1.0085385,326.5447,-85.68463,-2.2016659
1.1055776,10.259973,2.505188,1.1071932,0.9914343,-0.92057395,326.4068,-85.802536,-2.2371242
1.2148365,10.494763,2.6818619,1.1682798,0.80664754,-0.8558222,326.28528,-85.89725,-2.2283714
1.3282675,10.738519,2.8652823,1.2137892,0.7180721,-0.7877107,326.19757,-86.00901,-2.1950784
1.4707404,10.895737,3.0129235,1.2675453,0.7101309,-0.6994407,326.1164,-86.15272,-2.1483707
1.6708428,10.914794,3.1082103,1.2938126,0.713796,-0.59803706,326.05707,-86.30783,-2.081702
1.8425555,10.888028,3.2481382,1.3359623,0.68111473,-0.5039638,325.95404,-86.49117,-1.9411591
1.9740034,10.76597,3.4922557,1.3775011,0.593761,-0.41508293,325.86597,-86.687325,-1.7810076
2.1424923,10.610396,3.6666853,1.4034629,0.43371433,-0.321926,325.76508,-86.901985,-1.5707049
2.432124,10.3449,3.661858,1.4001031,0.19303341,-0.23762658,325.7128,-87.11736,-1.3456693
2.6845396,10.099131,3.7337267,1.3787229,-0.020463986,-0.13683382,325.6522,-87.3222,-1.0752116
2.844187,9.897224,4.024849,1.319469,-0.21197024,-0.018020526,325.65222,-87.50193,-0.78462034
2.9287832,9.839192,4.3809695,1.217149,-0.4288274,0.10323623,325.66928,-87.65033,-0.4250619
2.7319088,10.328978,5.014809,1.071763,-0.63438356,0.24953845,325.73328,-87.71775,-0.036620058
2.4934464,10.931913,5.7398767,0.86498517,-0.8313876,0.38026363,325.8028,-87.63656,0.40513778
2.1067474,11.93924,6.785396,0.6462954,-0.945314,0.4999932,325.89908,-87.429375,0.87115073
1.7107912,12.874827,7.549527,0.41538838,-1.2092078,0.55863625,326.05988,-87.06973,1.3181618
1.268908,13.553434,7.2338963,0.28710666,-1.5039502,0.6621779,326.24994,-86.63939,1.7988415
0.6415631,14.434732,6.6574144,0.011301007,-1.5946637,0.7031059,326.42108,-86.078415,2.2171667
0.028675465,14.792545,5.3076444,-0.2950479,-1.4517213,0.6774496,326.59988,-85.49058,2.6324456
-0.86061245,15.311726,3.3491547,-0.3042109,-1.035722,0.5729916,326.78284,-85.068924,2.8984287
-1.6555494,15.220665,0.38519412,-0.24984388,-0.45906523,0.47983465,326.8711,-84.611015,3.1446643
-2.4374452,15.0797415,-2.6423793,-0.30115658,0.28221974,0.3921755,326.78906,-84.15802,3.3416235
-3.481507,14.833345,-4.1243806,-0.4202753,0.9957104,0.31978795,326.6883,-84.05393,3.2904825
-4.5762076,14.565646,-5.266885,-0.4709771,1.496009,0.2779437,326.43555,-83.959366,3.2166665
-5.2375927,14.677268,-4.1162715,-0.39828414,1.67316,0.14263703,326.26758,-84.33486,2.8810492
-5.7854395,14.863059,-2.5346608,-0.29932398,1.568702,-0.018936822,326.0328,-84.68886,2.5426004
-5.3530583,15.573551,0.12204942,-0.3390302,1.2370021,-0.09285152,325.9427,-85.22049,2.0307276
-4.78755,16.318367,2.7564905,-0.5479461,0.61269784,-0.0421497,325.94766,-85.69139,1.5468602
-3.4847434,16.913563,4.086333,-0.8145888,-0.22052236,0.08857546,326.04593,-85.964355,1.0524
-2.0961897,17.454075,5.1067796,-1.061073,-0.9477574,0.2443461,326.28433,-86.1212,0.6170477
-1.3518871,17.235035,4.557703,-1.2538009,-1.2211196,0.3323107,326.5006,-85.84383,0.36464062
-0.77921355,16.859512,3.6893046,-1.3704761,-1.1099422,0.3005457,326.8061,-85.507645,0.14122795
-0.53115386,16.615055,3.0840204,-1.4618006,-0.9486737,0.21105394,327.03992,-84.991486,0.15274368
-0.36074132,16.40319,2.5451484,-1.5427402,-0.8881981,0.16187929,327.2643,-84.461,0.1692233
0.10373706,16.106697,1.4875813,-1.5635096,-0.88422745,0.19792034,327.42914,-84.03357,0.24653472
0.6615019,15.786589,0.27019888,-1.5329664,-0.84391034,0.21533,327.56192,-83.61221,0.3026795
1.0879848,15.204757,-1.0102166,-1.4779885,-0.7263188,0.22479841,327.65646,-83.27367,0.37928483
1.4676218,14.564118,-2.277255,-1.3744467,-0.54611355,0.23854288,327.71533,-82.96783,0.45736116
1.4853141,14.015458,-3.2565777,-1.235475,-0.35827246,0.24862215,327.74957,-82.80605,0.579046
1.4008458,13.495311,-4.1501646,-1.0396926,-0.22907446,0.26542094,327.74646,-82.692635,0.698095
1.140941,12.953195,-4.8556433,-0.8341365,-0.15851954,0.26908615,327.77982,-82.69558,0.83023345
0.7794798,12.401233,-5.4466815,-0.623388,-0.16737708,0.24220806,327.79892,-82.75564,0.9531216
0.44031215,11.826277,-5.6375895,-0.3933972,-0.226631,0.20280726,327.88464,-82.946594,1.0451912
0.10781118,11.232526,-5.632839,-0.17592919,-0.36346483,0.16310102,327.99377,-83.19288,1.1308948
-0.18061814,10.760234,-5.3012967,0.03940081,-0.5329799,0.12003502,328.17365,-83.56157,1.15762
-0.45377043,10.34075,-4.774503,0.20372356,-0.6575964,0.09010262,328.3764,-83.97548,1.1784887
-0.6051248,10.062096,-4.325579,0.34055737,-0.67164636,0.042455133,328.60605,-84.44684,1.1435962
-0.6967409,9.849933,-3.9060736,0.42638394,-0.61544675,-0.022296581,328.8479,-84.94977,1.0949852
-0.70389575,9.685146,-3.5990868,0.5119051,-0.5012149,-0.10323623,329.07825,-85.44302,1.0086747
-0.6673719,9.543616,-3.347985,0.5748242,-0.35643986,-0.1731803,329.28156,-85.95359,0.9032582
-0.5099466,9.422396,-3.071694,0.602924,-0.18692477,-0.22724187,329.42844,-86.43568,0.76914924
-0.2551727,9.316641,-2.7736566,0.59712076,-0.057726767,-0.26358834,329.54456,-86.923065,0.61771977
0.11566782,9.227574,-2.292983,0.5684101,0.0012217305,-0.2770274,329.6177,-87.37636,0.4642547
0.5845674,9.15023,-1.659727,0.5235115,0.013744468,-0.2959642,329.66772,-87.81625,0.29835424
1.0218699,9.032061,-0.93410033,0.4447099,-0.016187929,-0.30482176,329.6954,-88.17979,0.16891594
1.4350234,8.883511,-0.1402884,0.40439278,-0.07574729,-0.30787608,329.72894,-88.53002,0.036782272
1.7380307,8.796653,0.54785234,0.31795537,-0.15302174,-0.29779682,329.74603,-88.74254,-0.019445548
1.9859108,8.762066,1.2857279,0.24953845,-0.26939157,-0.27488935,329.79218,-88.9407,-0.071952656
2.033972,8.801528,1.546352,0.1685988,-0.30085114,-0.27000242,329.78937,-89.00174,-0.057754382
1.9951781,8.922759,1.7257738,0.14660765,-0.37232238,-0.26297748,329.8299,-89.05775,-0.0361317
1.8866574,9.101904,1.7577163,0.13591751,-0.41080686,-0.24007004,329.8563,-89.00311,0.03465638
1.686327,9.355982,1.5915886,0.15607607,-0.43585235,-0.226631,329.89566,-88.94767,0.104352534
1.4556098,9.644095,1.4212579,0.17562376,-0.49449542,-0.22540927,329.95715,-88.86167,0.17768425
1.1924323,9.968368,1.2473727,0.20738874,-0.5635232,-0.21502456,330.02448,-88.78252,0.25671098
0.99122095,10.240517,1.0803654,0.23762658,-0.605062,-0.22968534,330.11884,-88.73708,0.29952395
0.8666606,10.451311,0.9174788,0.2666427,-0.5928447,-0.23671028,330.21338,-88.69961,0.34618
0.8765339,10.504429,0.8995672,0.30818152,-0.50640726,-0.22204952,330.31805,-88.7122,0.35300776
1.0719306,10.34084,1.0813316,0.3042109,-0.3921755,-0.19242255,330.40817,-88.720085,0.360913
1.1985065,10.094566,1.252981,0.28619036,-0.29779682,-0.15210545,330.48795,-88.75913,0.35086983
1.1702651,9.633291,1.4130154,0.20280726,-0.23762658,-0.11789699,330.54324,-88.776436,0.3467238
1.0733052,9.136493,1.5263584,0.12156218,-0.20891592,-0.077579886,330.5617,-88.74785,0.38941935
0.7495309,8.483885,1.5010636,0.03390302,-0.19394971,-0.053145275,330.5655,-88.6929,0.43638757
0.4125857,7.875568,1.4687449,-0.04520403,-0.15821409,-0.04917465,330.54602,-88.60051,0.48797935
0.03958057,7.3373075,1.421529,-0.11301007,-0.13194689,-0.059864793,330.52332,-88.48841,0.54200417
-0.28920653,6.8566303,1.3925765,-0.17165314,-0.035124753,-0.06047566,330.4862,-88.38137,0.5550349
-0.52807504,6.4903655,1.406226,-0.20005837,0.04886922,-0.053145275,330.4442,-88.26648,0.56813073
-0.7652343,6.1267214,1.419778,-0.24190263,0.12095132,-0.049480084,330.40417,-88.16623,0.5285122
-1.0032482,5.7617664,1.4333788,-0.28985557,0.16401732,-0.041233405,330.34863,-88.05491,0.49357256
-1.2294457,5.4193883,1.4500737,-0.31337386,0.18325958,-0.0421497,330.27515,-87.94322,0.45757368
-1.2761854,5.4053664,1.5014874,-0.3408628,0.19058995,-0.06627888,330.1937,-87.81853,0.4190349
-1.317932,5.410746,1.559111,-0.33964106,0.16798794,-0.09407325,330.15363,-87.70708,0.30765024
-1.2723699,5.6468406,1.6543772,-0.32528573,0.124311075,-0.12461651,330.11874,-87.58723,0.19012293
-1.2257037,5.8886557,1.7519517,-0.321926,0.034513887,-0.14752395,330.11145,-87.452805,0.06549726
-1.0888338,6.328103,1.7182747,-0.32284227,-0.0711658,-0.15974127,330.12228,-87.316925,-0.06258931
-0.93105817,6.811609,1.6521107,-0.3115413,-0.18112154,-0.16126843,330.1608,-87.181885,-0.19141214
-0.75548136,7.261245,1.6676972,-0.28099802,-0.2742785,-0.1563815,330.21768,-87.03663,-0.30764768
-0.580426,7.7032595,1.6895792,-0.22815818,-0.37048978,-0.16493362,330.30698,-86.89977,-0.42497903
-0.36469027,8.165358,1.7025561,-0.19547687,-0.50640726,-0.16982053,330.4308,-86.77991,-0.50958747
-0.14101961,8.622423,1.712281,-0.204029,-0.6243043,-0.18142697,330.57617,-86.66415,-0.596043
0.096618496,8.903433,1.6257505,-0.24373524,-0.7067711,-0.18417588,330.73117,-86.55862,-0.64462465
0.3298258,9.131975,1.5184752,-0.27672195,-0.75411314,-0.18142697,330.90744,-86.45536,-0.6930907
0.5808705,9.207427,1.2961836,-0.31398472,-0.77213365,-0.1826487,331.07767,-86.35496,-0.70202696
0.829887,9.236724,1.0471671,-0.3753767,-0.7528914,-0.17684549,331.24673,-86.24301,-0.7086416
1.1183398,9.082115,1.0131601,-0.42913285,-0.7480045,-0.15851954,331.40314,-86.14531,-0.6772572
1.4140834,8.89102,1.0222598,-0.4541783,-0.74372846,-0.15027285,331.5501,-86.041664,-0.64899886
1.7298737,8.735989,1.1636683,-0.5439755,-0.7761043,-0.13103059,331.69345,-85.94023,-0.5796001
2.0515792,8.594967,1.3531661,-0.6417139,-0.83291477,-0.10476339,331.8383,-85.83143,-0.5081488
2.497057,8.494939,1.4280775,-0.7263188,-0.87598073,-0.054061573,331.95868,-85.692085,-0.37640846
2.7649088,8.461458,1.4206372,-0.8396343,-0.8720101,-0.025350908,332.07697,-85.5171,-0.2470103
2.9621823,8.465839,1.3728119,-0.8781188,-0.8323039,0.016187929,332.15408,-85.303276,-0.039022584
3.080668,8.494276,1.3064599,-0.9285152,-0.8017606,0.02321288,332.22717,-85.052376,0.16233587
3.1712983,8.556542,1.1786162,-0.9615019,-0.754724,0.033292156,332.26016,-84.774315,0.4280263
3.24757,8.637581,1.0165386,-0.98807454,-0.6817256,0.051618114,332.27145,-84.481026,0.6901125
3.2485948,8.744065,0.8865525,-1.0067059,-0.573297,0.069027774,332.26935,-84.1694,0.9696753
3.2067974,8.864814,0.7750923,-1.031446,-0.453262,0.076358154,332.2394,-83.848366,1.2426915
3.1199403,8.982485,0.82888293,-1.0690142,-0.37873647,0.080634214,332.20126,-83.52689,1.5197041
2.9984415,9.09931,1.0064582,-1.1059716,-0.33444872,0.09285152,332.13583,-83.19978,1.792435
2.8642557,9.12326,1.0572904,-1.1777482,-0.26908615,0.10842858,332.0636,-82.85821,2.0454357
2.7130613,9.059116,0.98856574,-1.25319,-0.1518,0.12308934,331.96317,-82.50967,2.293
2.5669782,8.931675,0.9562563,-1.3341297,-0.00061086525,0.13225232,331.82642,-82.136,2.51462
2.4262557,8.710541,0.9763595,-1.4089607,0.13652839,0.15332718,331.65887,-81.74935,2.7350967
2.2704873,8.60709,1.1429908,-1.4859297,0.2489276,0.18936823,331.47974,-81.3587,2.9296377
2.096709,8.621572,1.4615846,-1.5552629,0.29901853,0.24312437,331.27823,-80.95535,3.1287673
1.9309996,8.786674,1.89779,-1.6166549,0.3387248,0.2773328,331.05896,-80.54257,3.3099904
1.7694799,9.105098,2.4608016,-1.6462818,0.33353242,0.3827071,330.83325,-80.1168,3.5235367
1.6302279,9.571732,2.9200153,-1.706452,0.28924468,0.4972443,330.5938,-79.651184,3.7276068
1.5214852,10.2431,3.2367878,-1.7244726,0.23793201,0.634689,330.3515,-79.186195,3.9658291
1.4981706,11.044269,3.400166,-1.7394388,0.22388211,0.7840455,330.10587,-78.62927,4.221944
1.6067549,12.053196,3.3277767,-1.7394388,0.2556471,0.93523467,329.85178,-78.07054,4.5128403
1.669269,13.133036,3.330785,-1.7559321,0.24404067,1.0454959,329.61307,-77.4853,4.810722
1.6080164,14.444864,3.5400653,-1.8270979,0.15760323,1.1646146,329.3742,-76.882614,5.149556
1.5261725,15.644315,3.669694,-1.9159788,0.03481932,1.2819008,329.16672,-76.30411,5.5086327
1.4067228,16.714584,3.6744719,-1.926669,-0.12186762,1.3994923,328.98245,-75.72796,5.899254
1.2352161,17.566265,3.492428,-1.8661933,-0.25625798,1.4969252,328.8479,-75.167694,6.2829742
0.96507645,18.058306,2.9714444,-1.7944167,-0.37690386,1.5457945,328.74405,-74.614265,6.6843176
0.5886294,18.281824,2.2307076,-1.7186694,-0.5311473,1.5641204,328.72562,-74.12745,7.0668774
-0.0066568633,18.032188,1.040135,-1.5940529,-0.81092364,1.5842791,328.76602,-73.67538,7.470716
-0.62223405,17.828182,0.4105514,-1.3927728,-0.9578367,1.6261233,328.87436,-73.3517,7.825565
-1.3287461,17.698505,0.84876776,-1.144456,-0.95417154,1.7259997,329.00336,-73.06297,8.202656
-2.043869,17.549913,1.2284365,-0.9129381,-0.9859365,1.8347337,329.2806,-72.95346,8.5169525
-2.872048,17.29393,1.3589374,-0.6792821,-1.0705414,1.8848248,329.55835,-72.89234,8.839165
-3.5866702,17.058592,1.4482536,-0.40500367,-1.1487321,1.9117028,329.84134,-72.874306,9.108598
-4.0024805,16.870382,1.417615,-0.07971791,-1.0998629,1.9556851,330.09894,-72.905876,9.386607
-4.404432,16.636454,1.4095273,0.12034045,-0.77182823,1.9660698,330.32925,-72.99073,9.566023
-4.536804,15.783385,1.7282019,0.16646078,-0.3622431,1.9251418,330.51672,-73.10689,9.7287
-4.563826,14.915272,2.0291173,0.19517145,-0.10567969,1.7867808,330.6812,-73.28911,9.805543
-3.8000941,13.980767,2.1809149,0.23396139,-0.09040806,1.5894713,330.80286,-73.49118,9.841667
-3.0276108,13.087105,2.3376637,0.35705075,-0.102319926,1.4092661,330.85184,-73.67545,9.840386
-1.9759094,12.439181,2.5865037,0.47739118,-0.0061086523,1.2415836,330.87958,-73.8948,9.779127
-0.9173965,11.78674,2.830111,0.56016344,0.13530666,1.1093313,330.8624,-74.03231,9.785712
-0.30136788,11.403253,2.891306,0.56596667,0.23671028,0.9804387,330.84283,-74.20565,9.740379
0.34294978,11.002154,2.955311,0.53969944,0.23976462,0.86651236,330.75546,-74.25863,9.802321
0.77746284,10.730472,2.706166,0.52290064,0.19792034,0.752586,330.66382,-74.336075,9.822249
1.1510226,10.496434,2.3776135,0.52656585,0.18570304,0.6432411,330.5736,-74.43021,9.807901
1.3084563,10.373968,2.0851417,0.54092115,0.21991149,0.54611355,330.45065,-74.445335,9.864181
1.3602469,10.305993,1.8100041,0.54825157,0.2782491,0.45723262,330.3332,-74.47693,9.889769
1.4126483,10.237216,1.531622,0.56505036,0.3555236,0.39095375,330.21375,-74.50769,9.93986
0.9014474,10.103921,1.3344061,0.6078109,0.4447099,0.3191771,330.0825,-74.560974,9.958407
0.16681068,9.943808,1.1648746,0.6386596,0.52931476,0.2510656,329.93744,-74.62466,9.954829
-0.4447546,9.762704,1.2156546,0.65087694,0.59498274,0.17959438,329.81448,-74.733116,9.938807
-1.0088686,9.568345,1.3720896,0.6591236,0.6151413,0.094989546,329.68784,-74.85873,9.898339
-1.4894723,9.334965,1.4841386,0.64568454,0.6169739,0.01740966,329.6121,-75.066284,9.744403
-1.9313167,9.076807,1.5735004,0.61483586,0.6230826,-0.03573562,329.5372,-75.27896,9.574467
-2.2618155,8.802721,1.6259238,0.6053675,0.63071835,-0.067500606,329.49225,-75.5336,9.328511
-2.5493057,8.519944,1.6636274,0.571159,0.64599,-0.098043874,329.45203,-75.78133,9.070604
-2.7067354,8.163914,1.6822948,0.5467244,0.6835582,-0.12186762,329.4334,-76.05306,8.764197
-2.8016999,7.769811,1.6917913,0.5345071,0.73853606,-0.1337795,329.4128,-76.31822,8.454587
-2.768717,7.362356,1.660514,0.5479461,0.8170323,-0.14202617,329.40106,-76.597885,8.115132
-2.6667838,6.944916,1.6071204,0.5699373,0.91538155,-0.15851954,329.376,-76.87454,7.770106
-2.4768226,6.6333046,1.5929176,0.58093286,1.0100657,-0.18478674,329.34067,-77.14426,7.420699
-2.2411318,6.369045,1.597679,0.61453044,1.0662653,-0.22540927,329.29776,-77.423065,7.063622
-2.0072212,6.1067815,1.6024045,0.677755,1.0708468,-0.27916542,329.24188,-77.69307,6.720105
-1.7722331,5.84331,1.6071516,0.74067414,1.0369438,-0.3371976,329.19165,-77.97136,6.3672385
-1.5669382,5.6452913,1.5970455,0.8191703,0.98990715,-0.40469822,329.1649,-78.275246,6.013826
-1.3793685,5.485857,1.5782886,0.87964594,0.94225967,-0.46181414,329.15775,-78.589226,5.6531343
-1.2806628,5.3551235,1.5733192,0.94959,0.8903361,-0.5448918,329.11298,-78.880356,5.3482747
-1.2432444,5.2428684,1.5779965,0.9999864,0.8533788,-0.63285637,329.0865,-79.182755,5.0310054
-1.2479528,5.15376,1.5555936,1.0433578,0.7993172,-0.7309003,329.06247,-79.49722,4.7275033
-1.2911261,5.0818043,1.5076232,1.0848967,0.72418076,-0.8402451,329.06473,-79.82824,4.402425
-1.4041772,4.9896917,1.4420637,1.1178834,0.6704246,-0.9502009,329.06775,-80.1765,4.0622315
-1.5825973,4.8787823,1.360087,1.1429288,0.6075055,-1.056186,329.10397,-80.53511,3.7001083
-1.7626351,4.8415217,1.1883014,1.1615603,0.59223384,-1.1820242,329.1449,-80.91962,3.2950149
-1.9453746,4.869635,0.9352775,1.1707232,0.5714644,-1.2421945,329.21124,-81.29732,2.8860219
-1.9977746,4.997137,0.7047762,1.1759156,0.5879578,-1.3631458,329.29648,-81.70659,2.3984404
-1.909545,5.233964,0.4958113,1.1927143,0.6414085,-1.4556919,329.38275,-82.09988,1.9063374
-1.8298885,5.5006437,0.3154705,1.1814134,0.7473936,-1.4984524,329.5141,-82.501816,1.3783866
-1.7608011,5.816471,0.17236105,1.1139128,0.90224797,-1.5173893,329.6239,-82.86026,0.83377784
-1.6889546,6.2441278,-0.029184893,1.0299188,1.105666,-1.5393804,329.68347,-83.20436,0.2802079
-1.6538432,6.5045376,-0.15500103,0.9053023,1.1490375,-1.5323554,329.74942,-83.46988,-0.2614409
-1.5976065,6.885852,-0.33459386,0.8885035,1.1982121,-1.5088371,329.74963,-83.72234,-0.79453194
-1.4552826,7.4907293,-0.568412,0.9236283,1.2021828,-1.4514158,329.7546,-83.904015,-1.3050119
-1.3195978,8.106425,-0.7686563,0.9993755,1.1994339,-1.3613132,329.7306,-84.08693,-1.7894573
-1.2204956,8.710478,-0.8252862,1.094976,1.2428054,-1.2705997,329.69492,-84.23683,-2.2472908
-1.1330537,9.311516,-0.8263259,1.1609493,1.3045027,-1.1985176,329.59128,-84.4008,-2.6788285
-1.0993594,9.865065,-0.5952794,1.1679744,1.3588698,-1.1490375,329.47806,-84.526764,-3.0800822
-1.0609772,10.387959,-0.3527078,1.1578951,1.4135422,-1.0922271,329.3236,-84.64822,-3.4294734
-1.0023323,10.808246,-0.054596815,1.1267409,1.4361442,-1.0509937,329.16495,-84.72129,-3.7581875
-0.97137856,11.173648,0.21073647,1.1239921,1.4419475,-0.98624194,329.01352,-84.77095,-4.0190597
-1.0551006,11.451126,0.445158,1.1496484,1.4062119,-0.9285152,328.8718,-84.791534,-4.2609572
-1.1379383,11.725675,0.6771036,1.2040154,1.3267993,-0.86162543,328.7151,-84.8005,-4.4571013
-1.2226447,12.006415,0.9142814,1.2947289,1.2260065,-0.8032878,328.57953,-84.80452,-4.632129
-1.314029,12.284892,1.1225135,1.427592,1.1734722,-0.7583892,328.43658,-84.80381,-4.795167
-1.454437,12.588354,1.1995114,1.5607607,1.0861185,-0.73761976,328.33704,-84.793,-4.9425898
-1.5941398,12.8977375,1.2730882,1.6245961,0.99387777,-0.66553766,328.23398,-84.749344,-5.084577
-1.6615784,13.157858,1.2634541,1.7095064,0.91904676,-0.6435465,328.15607,-84.68366,-5.230762
-1.7162396,13.4136305,1.2409074,1.767844,0.816116,-0.5876524,328.10303,-84.599915,-5.3682966
-1.6453512,13.560133,1.1133084,1.8020525,0.7293731,-0.5335908,328.07108,-84.498604,-5.4971814
-1.5730491,13.700177,0.97995883,1.8161024,0.6637051,-0.46578476,328.0406,-95.62494,-5.6224055
-1.479473,13.770359,0.7694127,1.8252654,0.6722572,-0.42394048,328.01736,-95.76401,-5.7377195
-1.4029595,13.864266,0.5976153,1.8124372,0.65057147,-0.39522982,327.9936,-95.90537,-5.829717
-1.5781374,14.179586,0.9961451,1.8099937,0.4633413,-0.34422258,328.01917,-96.05044,-5.9038715
-1.7571323,14.501778,1.4033585,1.8164078,0.26267207,-0.32742378,328.0278,-96.21922,-5.975173
-1.8904835,14.998714,1.9952002,1.7705929,0.06291912,-0.32895094,328.0935,-96.39235,-6.039856
-2.0200016,15.51199,2.6044154,1.6572775,-0.1740966,-0.33475417,328.22968,-96.56956,-6.1052513
-1.9588685,15.650929,3.366921,1.5103643,-0.47769663,-0.32986724,328.4213,-96.754616,-6.196835
-1.8830233,15.755217,4.1253734,1.3292428,-0.7837401,-0.33536503,328.68073,-96.93011,-6.29719
-1.6322739,15.231125,4.4220743,1.1139128,-1.028697,-0.344528,328.97043,-97.067665,-6.402603
-1.367939,14.656301,4.6780176,0.84604836,-1.176221,-0.35155296,329.31638,-97.17751,-6.511813
-1.0960517,13.348662,4.107606,0.5717699,-1.2348641,-0.37568212,329.65576,-97.21612,-6.5999575
-0.8210631,11.641836,3.0835104,0.3213151,-1.2000448,-0.39645153,330.00616,-97.23238,-6.689098
