acc_x,acc_y,acc_z,gyro_x,gyro_y,gyro_z,azimuth,pitch,roll
-5.277445,11.962709,-8.536301,-1.7098118,0.3643811,1.6939293,97.143265,-115.26288,-14.848555
-5.2547836,11.359923,-8.205448,-1.7617353,0.35643986,1.7437148,97.17115,-114.87145,-14.569621
-5.211664,10.8084345,-7.904313,-1.7999145,0.35246924,1.7708983,97.19597,-114.48825,-14.317887
-5.120351,10.404734,-7.688045,-1.8209893,0.35460728,1.8072448,97.22393,-114.09488,-14.057112
-5.01209,10.011525,-7.483329,-1.8515326,0.35643986,1.8377881,97.27267,-113.70455,-13.839987
-4.868722,9.653104,-7.3104434,-1.8961257,0.3555236,1.8750509,97.32106,-113.30734,-13.617696
-4.723268,9.280318,-7.1307197,-1.9388863,0.3549127,1.9092593,97.377106,-112.90694,-13.408298
-4.6290746,8.932528,-6.96407,-1.9798143,0.34483343,1.9355265,97.43345,-112.50086,-13.198576
-4.5083303,8.486704,-6.750446,-2.0189097,0.33383787,1.9630154,97.49101,-112.08056,-12.980915
-4.417559,8.120029,-6.5954785,-2.0619757,0.32070425,1.9837849,97.54826,-111.65651,-12.766382
-4.306845,7.6570435,-6.4092774,-2.107485,0.3136793,2.0103576,97.60439,-111.22714,-12.550489
-4.2163806,7.198332,-6.278408,-2.1713204,0.30298916,2.0176878,97.66322,-110.789635,-12.350537
-4.1351886,6.739838,-6.1733365,-2.2134702,0.2938262,2.0317378,97.720924,-110.35145,-12.149353
-4.0425787,6.328352,-6.0818443,-2.2623394,0.29229903,2.0540345,97.775856,-109.900856,-11.951216
-3.9439392,5.9382772,-5.9966555,-2.2956316,0.2950479,2.0665572,97.827095,-109.45454,-11.759829
-3.8598814,5.53921,-5.8918386,-2.3252585,0.28955013,2.079996,97.90058,-108.978935,-11.510021
-3.7891347,5.134943,-5.7705584,-2.363743,0.2660318,2.0928242,97.972916,-108.503494,-11.267164
-3.705179,4.7524133,-5.6838207,-2.400395,0.24862215,2.1007655,98.03626,-108.02748,-11.014922
-3.613031,4.37897,-5.615922,-2.440712,0.2275473,2.1138992,98.1027,-107.550766,-10.768933
-3.5407917,4.0253906,-5.5172844,-2.4782803,0.20738874,2.1181753,98.15378,-107.07136,-10.5181055
-3.4783053,3.679313,-5.4019256,-2.5302038,0.17440203,2.116648,98.209854,-106.59045,-10.276693
-3.396177,3.3794217,-5.2612615,-2.579073,0.16126843,2.1248949,98.267204,-106.104,-10.02095
-3.30334,3.1009104,-5.106533,-2.5998425,0.14385876,2.132225,98.3295,-105.62483,-9.777371
-3.2109394,2.8124151,-4.98039,-2.669481,0.12705997,2.159714,98.398186,-105.11282,-9.507743
-3.1153126,2.5016282,-4.879982,-2.7210991,0.09590584,2.1743748,98.469925,-104.613495,-9.25072
-3.0468068,2.192596,-4.806965,-2.7553077,0.06658431,2.2030854,98.54262,-104.086174,-8.976306
-3.0076816,1.8752476,-4.7634926,-2.7956247,0.05955936,2.2186625,98.61188,-103.55834,-8.711045
-2.9669342,1.5625552,-4.7423954,-2.820365,0.0125227375,2.2495112,98.69723,-102.99146,-8.377044
-2.921096,1.2620611,-4.7882333,-2.857933,-0.02107485,2.278833,98.77555,-102.42267,-8.048226
-2.9033854,1.0192356,-4.813691,-2.903137,-0.015882496,2.3182335,98.85109,-101.833534,-7.676738
-2.934698,0.86989814,-4.804056,-2.9480357,0.014660766,2.3671029,98.92487,-101.24102,-7.30429
-2.965948,0.72085965,-4.7944407,-3.0176742,0.040011674,2.4193318,99.001465,-100.64015,-6.9129434
-2.9974802,0.5704758,-4.7847385,-3.1062498,0.05222898,2.4920247,99.07026,-100.0244,-6.511146
-3.0220726,0.49139005,-4.7160783,-3.2146783,0.04917465,2.588847,99.13505,-99.3732,-6.0687246
-3.0365143,0.5250876,-4.5475903,-3.3542612,0.06688975,2.685058,99.18715,-98.69466,-5.6149683
-3.0091996,0.540703,-4.3694634,-3.4794884,0.0720821,2.7852402,99.237206,-97.99738,-5.150683
-2.9104097,0.52659017,-4.1671796,-3.5949419,0.07788532,2.8704557,99.278305,-97.26831,-4.6728926
-2.7716074,0.47383437,-3.870958,-3.6948185,0.07849618,2.9324586,99.31698,-96.46718,-4.141003
-2.547728,0.34045938,-3.3755653,-3.7836993,0.050396383,2.9700267,99.35644,-95.64341,-3.602518
-2.1797497,0.18860528,-2.2606156,-3.8615847,-0.025350908,2.963002,99.40254,-94.76486,-3.0516207
-1.485466,-0.00691137,0.24917983,-3.96421,-0.084910266,2.9049697,99.44314,-93.87517,-2.5147195
-0.78183407,-0.20506057,2.7927687,-4.033849,-0.23671028,2.8597655,99.5222,-92.88034,-1.9415027
-0.11481647,-0.32895818,4.340088,-4.085772,-0.42394048,2.762638,99.61571,-91.908104,-1.4085491
0.54898876,-0.44665417,5.8042254,-4.157854,-0.6020077,2.65818,99.73816,-90.994606,-0.8990076
0.89837974,-0.37221026,6.435135,-4.1798453,-0.7498371,2.5433373,99.87652,-88.8751,-0.24704012
1.2334166,-0.26597908,7.0044246,-4.09127,-0.82558435,2.4061983,100.014336,-87.3609,0.364294
1.5126855,-0.17743036,7.478955,-3.8954878,-0.8533788,2.2812762,100.141685,-85.42498,1.0939604
1.894687,-0.08202386,7.9255877,-3.574478,-0.7535023,2.1951442,100.2222,-83.531265,1.8155887
3.0668592,-0.030193118,7.399307,-3.150232,-0.5149594,2.1612413,100.23386,-81.71711,2.5050473
4.2482667,0.022045987,6.868879,-2.67223,-0.1881465,2.1096232,100.15931,-79.76337,3.2815926
5.85613,-0.54631585,6.5266066,-2.2968533,0.19028452,2.0748038,99.96858,-77.90107,4.0260286
7.6668425,-1.3999374,6.2679334,-2.117259,0.52687126,2.0259347,99.67103,-76.12532,4.7201176
9.49593,-2.3688908,6.7014484,-2.1343632,0.8045095,1.9230038,99.32423,-74.45325,5.64772
11.306238,-3.348697,7.266003,-2.3185391,1.0543534,1.8048013,98.87314,-72.78744,6.5205655
12.491661,-4.2699146,8.449614,-2.6148088,1.0974194,1.6823229,98.414246,-70.98265,7.695478
13.523674,-5.185645,9.811096,-2.9297097,0.89736104,1.5509869,97.939125,-69.1345,8.818184
13.331512,-5.66666,10.88581,-3.1810808,0.5647449,1.3842206,97.46943,-66.93082,10.261469
12.84098,-6.0465817,11.900539,-3.33227,0.183565,1.1707232,97.05262,-64.71328,11.6447315
12.266526,-5.904943,11.975456,-3.3560936,-0.10842858,0.96944314,96.63204,-62.12514,13.144415
11.681212,-5.6433253,11.829127,-3.2785137,-0.16310102,0.86009824,96.22777,-59.6054,14.563906
11.409234,-5.3965473,11.466291,-3.130379,-0.0983493,0.7816021,95.79846,-57.008476,15.76832
11.295877,-5.152395,10.9823475,-3.050661,0.14508049,0.7480045,95.32144,-54.500477,16.877544
11.295412,-4.8373723,10.508098,-2.8777862,0.44073927,0.66981375,94.822975,-52.2201,17.772665
11.431615,-4.4388523,10.049043,-2.7021625,0.7483099,0.5891795,94.25475,-50.02138,18.573168
11.554474,-3.994285,9.634677,-2.511267,1.0158689,0.53969944,93.65222,-48.03356,19.29258
11.666636,-3.5129197,9.256127,-2.3154848,1.2483032,0.514654,92.98961,-46.1381,19.913542
11.767384,-2.8867722,8.969985,-2.076331,1.4398094,0.505491,92.304985,-44.441025,20.507647
11.826707,-2.3788142,8.840215,-1.8191566,1.5601498,0.5131268,91.5845,-42.82894,21.035685
11.934137,-1.7325641,8.783129,-1.5357152,1.5931365,0.550695,90.86387,-41.41682,21.567556
12.117902,-1.012821,8.936266,-1.282817,1.5415184,0.63438356,90.12419,-40.076748,22.074257
12.297841,-0.30788118,9.195958,-1.0317514,1.430341,0.73914695,89.402794,-38.9264,22.59649
12.474714,0.38526624,9.592725,-0.82650065,1.2534955,0.8894198,88.676216,-37.82679,23.14287
12.665596,1.1492033,9.9859915,-0.6786713,1.0497719,1.0345002,87.97073,-36.852802,23.727459
12.875446,2.0081267,10.376411,-0.6273586,0.86406887,1.1917981,87.25737,-35.896782,24.350225
12.996405,2.8037364,10.656203,-0.64599,0.7076874,1.3545936,86.55161,-35.006645,25.00355
13.019143,3.5632126,10.819922,-0.72326446,0.5910121,1.5036448,85.837234,-34.107456,25.684654
12.934599,4.207921,10.947502,-0.8396343,0.5323691,1.5989398,85.12816,-33.273,26.370537
12.632564,4.655516,11.009365,-0.9627236,0.49266282,1.593442,84.42479,-32.425205,27.051876
12.329685,5.1043596,11.071401,-1.0842859,0.47861293,1.5216653,83.740204,-31.65855,27.69573
11.904474,5.4974203,11.042581,-1.2220359,0.4810564,1.3979651,83.076454,-30.881205,28.300026
11.362191,5.916922,10.965843,-1.3454307,0.45998153,1.1942415,82.46215,-30.11703,28.855574
10.895035,6.132519,10.883354,-1.4205672,0.43676865,1.0827587,81.877815,-29.43657,29.307491
10.332595,6.3183684,10.775757,-1.4523321,0.37843102,0.8671232,81.39133,-28.800203,29.698679
9.85951,6.2326455,10.667457,-1.4639386,0.28191432,0.6417139,80.96507,-28.257341,29.996387
9.421718,5.9746604,10.5541,-1.4159856,0.124311075,0.43585235,80.61929,-27.763716,30.275896
8.891243,5.587314,10.449484,-1.3066407,-0.06627888,0.2180789,80.36216,-27.381899,30.471922
7.5490155,4.1647415,10.378592,-1.1850786,-0.27458394,-0.002443461,80.1981,-27.055956,30.668375
6.2866073,2.8764331,10.32058,-1.072374,-0.48563787,-0.1826487,80.0964,-26.772896,30.83386
5.7968283,2.9144742,10.391907,-1.0192287,-0.6582073,-0.269697,80.06101,-26.530853,31.014946
5.328988,2.9598796,10.4699545,-1.0809261,-0.79626286,-0.2556471,80.00782,-26.161606,31.096123
5.1300507,3.0966494,10.631592,-1.1872166,-0.9129381,-0.1459968,79.97158,-25.798887,31.213896
4.9293447,3.2346346,10.794665,-1.3234396,-1.0137309,-0.006414085,79.87274,-25.451122,31.306185
5.021887,3.16623,10.835194,-1.450805,-1.133155,0.14385876,79.75577,-25.066107,31.445503
5.1975913,3.0393324,10.840075,-1.5268577,-1.210735,0.27458394,79.607704,-24.648073,31.610985
5.509431,2.8180106,10.696802,-1.5442673,-1.2278391,0.37843102,79.43481,-24.20868,31.774012
5.8010373,2.611456,10.546949,-1.4816537,-1.1850786,0.48624873,79.21925,-23.756374,31.9522
6.1386886,2.2594347,10.326443,-1.3381003,-1.1133019,0.58368176,78.959015,-23.292389,32.152737
6.4963703,1.8227843,10.06631,-1.1316279,-1.0118983,0.66859204,78.655785,-22.850672,32.33759
6.857565,1.2807122,9.7738285,-0.893085,-0.874759,0.752586,78.277565,-22.398026,32.595135
7.2145677,0.66587466,9.461452,-0.6249151,-0.79626286,0.8219192,77.87315,-21.996414,32.83737
7.562809,0.017984577,9.098947,-0.3484986,-0.64873886,0.86162543,77.48075,-21.564201,33.10357
7.9084883,-0.6538996,8.704579,-0.22204952,-0.48166725,0.93828905,77.041046,-21.148289,33.347023
8.216713,-1.2966511,8.358965,0.0061086523,-0.3213151,1.0073168,76.5747,-20.723656,33.64551
8.503186,-1.9188367,8.041158,0.20922135,-0.19150625,1.0836749,76.06165,-20.313387,33.909374
8.780556,-2.5547578,7.7569175,0.34605515,-0.09315695,1.1502593,75.49823,-19.84499,34.223442
9.045192,-3.1918468,7.5069823,0.42394048,-0.03848451,1.2046263,74.90116,-19.402208,34.51448
9.2492895,-3.7492425,7.2829366,0.44104472,-0.041233405,1.2370021,74.248,-18.883844,34.869892
9.411242,-4.253092,7.075999,0.4089743,-0.07941248,1.2431108,73.58074,-18.370127,35.21506
9.55384,-4.712718,6.855044,0.3378085,-0.14019357,1.2134838,72.8703,-17.77011,35.62151
9.667946,-5.101717,6.626831,0.2275473,-0.22021692,1.1588113,72.16951,-17.160976,36.03126
9.679149,-5.395216,6.448645,0.06261369,-0.31031954,1.0564915,71.45523,-16.468588,36.491493
9.627715,-5.6336803,6.2990203,-0.13255776,-0.39767328,0.895223,70.7829,-15.770113,36.94974
9.537994,-5.6392465,6.210186,-0.35460728,-0.49938235,0.6737844,70.13567,-15.012889,37.45741
9.418008,-5.466465,6.1669908,-0.5852089,-0.57604593,0.48349985,69.53311,-14.2411585,37.957764
9.18985,-5.12467,6.169676,-0.79473567,-0.6249151,0.35185838,68.96716,-13.43069,38.465347
8.883379,-4.6603208,6.206824,-0.97005403,-0.679893,0.2489276,68.45858,-12.615292,38.969936
8.604632,-4.2103257,6.2600203,-1.103528,-0.73456544,0.14813483,68.01145,-11.824301,39.456802
8.342945,-3.7579181,6.330986,-1.1728612,-0.7696902,0.03970624,67.59994,-11.039141,39.934746
8.11497,-3.281141,6.4409165,-1.1988231,-0.78984874,-0.05222898,67.271255,-10.335442,40.360477
7.960108,-2.7765908,6.6207566,-1.2116512,-0.79229224,-0.090713486,66.95785,-9.638474,40.779133
7.866165,-2.2372506,6.8244042,-1.1939361,-0.7870999,-0.15943582,66.7383,-9.049102,41.143517
7.852252,-1.6482352,7.060938,-1.14018,-0.788627,-0.21227567,66.52309,-8.476746,41.502663
7.8451095,-1.0538577,7.2760997,-1.0732902,-0.77518797,-0.23273966,66.36166,-8.001894,41.809097
7.8497767,-0.4517709,7.453459,-0.99387777,-0.7629707,-0.24678956,66.214584,-7.5570307,42.107918
7.8497944,0.16567363,7.6055326,-0.9053023,-0.77488256,-0.25137106,66.128746,-7.237647,42.36644
7.840326,0.77165616,7.695483,-0.8038987,-0.7840455,-0.24465153,66.04129,-6.944208,42.61496
7.8241024,1.4515111,7.690522,-0.6976081,-0.7715228,-0.22082779,66.003746,-6.7861204,42.819386
7.7912765,2.3424892,7.465433,-0.57787853,-0.7538077,-0.17654006,65.95605,-6.650525,43.020447
7.753981,3.059519,7.2334805,-0.462425,-0.70829827,-0.13072516,65.91217,-6.6589184,43.186474
7.7009897,3.2763019,6.9685235,-0.33444872,-0.65148777,-0.05009095,65.8406,-6.6790504,43.341423
7.658616,3.4654243,6.7283616,-0.19730948,-0.58246,0.029932396,65.837746,-6.8871527,43.489048
7.646184,3.5856035,6.541877,-0.06841691,-0.48075095,0.11575896,65.807045,-7.0967298,43.609055
7.6346726,3.7154748,6.330059,0.043676864,-0.34391713,0.2773328,65.73659,-7.327712,43.74532
7.650534,3.712831,6.2507496,0.18692477,-0.29168814,0.33322698,65.68631,-7.588376,43.869923
7.676962,3.7084265,6.118611,0.22143865,-0.23732115,0.45051312,65.577675,-7.8168364,43.99822
7.731673,3.638792,5.977329,0.2706133,-0.20311269,0.539394,65.47028,-8.06469,44.114254
7.8143473,3.504446,5.8274817,0.2846632,-0.15668693,0.6114761,65.332405,-8.285326,44.21293
7.9292345,3.3542318,5.751927,0.27763826,-0.13072516,0.64904433,65.17447,-8.488604,44.34589
8.065227,3.1910415,5.715662,0.24984388,-0.12736541,0.6768387,65.004715,-8.672071,44.471058
8.232485,3.037148,5.7124486,0.20341812,-0.124311075,0.68691796,64.82547,-8.825072,44.609924
8.440968,2.8828712,5.7416363,0.17623462,-0.10140363,0.6966918,64.646835,-8.9665365,44.739136
8.686291,2.7305722,5.79377,0.115453534,-0.07422013,0.7058548,64.435555,-9.044447,44.91014
9.090252,2.5855606,5.94396,0.023518313,-0.054367006,0.6948592,64.239525,-9.110351,45.069855
9.509625,2.4678903,6.1106753,-0.09682214,-0.008857546,0.6960809,64.01922,-9.112146,45.24405
10.012276,2.3953927,6.3330016,-0.22174409,0.07391469,0.6881397,63.810898,-9.098572,45.394436
10.52724,2.3766248,6.679602,-0.3594942,0.17928895,0.6722572,63.59286,-9.026033,45.549526
10.851255,2.4328315,7.043293,-0.50823987,0.24587326,0.6435465,63.384895,-8.9324875,45.684998
11.232206,2.4989147,7.4708915,-0.72601336,0.31398472,0.62796944,63.14205,-8.76806,45.83589
11.762135,2.647456,7.9930706,-0.9932669,0.44104472,0.63255095,62.896473,-8.56977,45.944313
12.310754,2.8085587,8.524274,-1.3008375,0.6579019,0.6603453,62.63899,-8.32346,46.00273
13.087205,2.8314288,9.1442175,-1.6056592,0.95539325,0.68661255,62.35787,-8.027655,45.98827
13.99008,2.7823594,9.816467,-1.8487836,1.2800682,0.72295904,62.047974,-7.682207,45.902546
15.577358,1.824224,10.522772,-1.9679024,1.5439619,0.75716746,61.700428,-7.300725,45.776054
17.42125,0.50378966,11.230147,-1.928807,1.7235563,0.79076505,61.32956,-6.903847,45.580517
18.133324,-0.44210085,11.142546,-1.6811012,1.8432859,0.7883216,60.930393,-6.5069356,45.357265
18.322004,-1.215226,10.6869545,-1.2599095,1.8967366,0.71837753,60.54897,-6.1688714,45.098366
18.226091,-1.7558314,10.213063,-0.7339546,1.8332067,0.54428095,60.09706,-5.7122216,44.956238
17.933332,-2.15505,9.711822,-0.2125811,1.5848899,0.24037547,59.749786,-5.395881,44.834667
17.308855,-2.224426,9.08093,0.16523905,1.3921618,-0.1282817,59.4416,-5.1122847,44.75584
16.20736,-1.8375591,8.253465,0.30848694,0.5491679,-0.5421429,59.326767,-4.967285,44.911922
14.990708,-1.2765862,7.5328403,0.5458081,0.24770586,-0.7272351,59.213135,-4.8976717,44.97599
13.500723,-0.50771594,6.768746,0.55771995,-0.23701571,-0.93523467,59.324566,-4.904437,45.306362
12.012284,0.1780505,6.141285,0.552833,-0.6072,-1.003957,59.50189,-5.0194407,45.653725
10.594322,0.7641418,5.654451,0.47250426,-0.9184359,-1.0320568,59.76617,-5.1544347,46.106552
9.211296,1.2517976,5.1648026,0.34574974,-1.1386528,-1.0140363,60.13711,-5.391302,46.568394
7.945162,1.6293359,4.70439,0.183565,-1.2293663,-0.97585726,60.523125,-5.603827,47.072376
6.7521605,1.9844508,4.277326,-0.0067195175,-1.1600331,-0.9334021,60.962032,-5.8687015,47.51087
5.619021,2.3210738,3.8790677,-0.1863139,-0.91232723,-0.84696466,61.36607,-6.085555,47.919235
4.616443,2.5556643,3.5758839,-0.34391713,-0.5366451,-0.7305948,61.747192,-6.320533,48.21286
3.765775,2.6744728,3.381038,-0.46609017,-0.10873401,-0.5549711,62.050705,-6.4969864,48.422504
3.094969,2.7220185,3.2545533,-0.528093,0.33933565,-0.36774087,62.333206,-6.6829677,48.46352
2.636082,2.6848114,3.2090778,-0.54733527,0.7819075,-0.17134771,62.50576,-6.8140893,48.395073
2.2238095,2.608437,3.196383,-0.5314528,1.162782,-0.0033597588,62.650402,-6.920633,48.163746
2.099525,2.2873685,3.3879883,-0.47036624,1.4700472,0.14477506,62.691113,-6.995276,47.840286
2.0495186,1.9698956,3.5887039,-0.37659842,1.6551393,0.23823744,62.674137,-7.049785,47.407692
2.1733668,1.682391,3.7965918,-0.26297748,1.7614299,0.30726522,62.589333,-7.095375,46.91997
2.3114245,1.4063445,4.0209517,-0.14630222,1.8225164,0.364992,62.411167,-7.0958867,46.371853
2.5443912,1.187641,4.3585157,-0.021991149,1.8481728,0.40683624,62.209145,-7.110482,45.80963
2.774157,0.98360807,4.694029,0.11636983,1.8286251,0.43188173,61.93406,-7.0866475,45.244686
3.0102344,0.86950403,5.0599484,0.18753563,1.738828,0.47342056,61.643024,-7.0627027,44.699497
3.2444754,0.7562876,5.4230223,0.3323107,1.6096299,0.5036584,61.30078,-7.0306506,44.17375
3.533654,0.70047164,5.7495437,0.47403142,1.4795157,0.52931476,60.9548,-7.0047016,43.680714
3.8456824,0.674103,6.0527825,0.59773165,1.3710871,0.5369505,60.615314,-7.001691,43.223766
4.3483005,0.7619777,6.374401,0.698219,1.2858714,0.5510005,60.237022,-6.975238,42.79489
5.062257,0.9712406,6.723172,0.7538077,1.2226468,0.5635232,59.86633,-6.962321,42.39628
5.7194858,1.1781148,7.024245,0.7779369,1.1643091,0.5665775,59.48296,-6.940768,42.039883
6.0866156,1.3902345,7.0568786,0.76052725,1.146594,0.58276546,59.09608,-6.914951,41.696663
6.4580755,1.6048558,7.0898976,0.7089091,1.1511755,0.5946773,58.748966,-6.9062843,41.437534
6.7716446,1.8226405,7.145992,0.62888575,1.1927143,0.61269784,58.398537,-6.8808684,41.179356
7.071516,2.041594,7.20787,0.5543602,1.2727377,0.6200282,58.051403,-6.8431463,40.914158
7.284352,2.2298932,7.2845054,0.46944994,1.3625349,0.6261369,57.73842,-6.8148885,40.702377
7.4809856,2.4166956,7.368075,0.41325033,1.4474452,0.62949663,57.426136,-6.774219,40.473812
7.5392146,2.487365,7.4337015,0.34422258,1.5222762,0.6270532,57.148647,-6.749496,40.258633
7.5654545,2.5310981,7.494928,0.28069258,1.5989398,0.6197228,56.873493,-6.7122517,40.023537
7.473951,2.5031104,7.634925,0.21563543,1.6502525,0.6081163,56.63229,-6.691132,39.79302
7.315498,2.433787,7.8181367,0.15882497,1.6789632,0.58184916,56.401707,-6.660191,39.551632
7.095245,2.3602273,8.031519,0.11453723,1.6612481,0.54702985,56.192158,-6.638635,39.295834
6.9074464,2.3027377,8.203987,0.07880162,1.6404786,0.4804455,56.006805,-6.615211,39.03685
6.6824727,2.249778,8.432605,0.027488936,1.5922203,0.45478916,55.80865,-6.5702724,38.746117
6.444238,2.2092276,8.696183,0.006414085,1.5393804,0.40133846,55.649277,-6.539824,38.466022
6.2289476,2.2077808,8.912745,-0.034208454,1.4349225,0.3408628,55.489395,-6.492977,38.151974
6.0266833,2.2324471,9.10021,-0.061391957,1.2681563,0.2770274,55.35833,-6.4536304,37.8761
5.786204,2.2287893,9.222877,-0.08399397,1.1136073,0.22449298,55.24177,-6.4213333,37.551533
5.5202556,2.2097929,9.313108,-0.11453723,0.98349303,0.1740966,55.15573,-6.390969,37.27265
5.255478,2.1574252,9.418817,-0.14080444,0.86620694,0.13713925,55.082264,-6.3719716,36.983833
4.9774694,2.0811968,9.539885,-0.17562376,0.7309003,0.12064589,55.027195,-6.3483653,36.742588
4.6755085,1.9844902,9.663036,-0.19517145,0.5873469,0.101098195,54.982025,-6.3279634,36.49026
4.328213,1.8573116,9.795107,-0.2098322,0.41080686,0.098043874,54.945286,-6.3003206,36.291286
3.9957552,1.7200807,9.890064,-0.20952678,0.20647246,0.0983493,54.896145,-6.2670307,36.0812
3.6829123,1.5734355,9.943834,-0.19822577,0.019547688,0.084910266,54.86077,-6.2357564,35.920143
3.3648534,1.4281174,9.918156,-0.17562376,-0.16890424,0.07880162,54.805637,-6.183827,35.75883
3.1300037,1.3232738,9.846862,-0.15607607,-0.3277292,0.07422013,54.762543,-6.136483,35.64461
2.9147313,1.2239169,9.678887,-0.118507855,-0.45142943,0.0720821,54.69935,-6.081289,35.51929
2.7471037,1.1424978,9.420261,-0.058643065,-0.52198434,0.07696902,54.64071,-6.0362577,35.425724
2.6032586,1.0882009,9.136296,0.0036651916,-0.5516113,0.077579886,54.569836,-5.9838915,35.326115
2.484285,1.0617623,8.827847,0.062308256,-0.55771995,0.08246681,54.498474,-5.9438076,35.240906
2.3813658,1.0342665,8.508663,0.15424347,-0.5552765,0.08552113,54.421516,-5.9222383,35.159286
2.3066761,1.0022566,8.140551,0.22937989,-0.50762904,0.08857546,54.341717,-5.9097824,35.066933
2.2909803,1.0100524,7.85194,0.27091873,-0.41996986,0.089491755,54.26529,-5.913871,34.976505
2.3331017,1.0568539,7.6413336,0.35216382,-0.34300083,0.08093964,54.190006,-5.945245,34.875336
2.3754437,1.1039007,7.429623,0.43493605,-0.24007004,0.07238753,54.10531,-5.991352,34.763103
2.4182274,1.1514381,7.215705,0.4914411,-0.1414153,0.059253927,54.022423,-6.0511312,34.63018
2.5173917,1.2846308,7.077587,0.5537493,-0.0421497,0.046120327,53.935402,-6.134456,34.465366
2.6920455,1.5320572,7.0339236,0.5885687,0.052534413,0.03970624,53.846714,-6.2234526,34.275475
2.862589,1.7759854,7.016202,0.6072,0.11881329,0.0571159,53.776,-6.3497787,34.123222
3.0215466,2.0060558,7.0287514,0.6026186,0.1695151,0.07360926,53.704205,-6.477077,33.95048
3.1861558,2.2428207,7.0647755,0.59773165,0.22571471,0.09865474,53.663128,-6.6497188,33.790993
3.3872104,2.5253842,7.211491,0.57879484,0.27275133,0.10751228,53.619503,-6.8145156,33.62243
3.594742,2.7676425,7.3647504,0.5323691,0.31398472,0.129198,53.593662,-7.0165815,33.467167
3.8183074,2.9586046,7.532424,0.46609017,0.33444872,0.15241088,53.56208,-7.203792,33.30806
4.04191,3.1335335,7.7081585,0.37873647,0.35246924,0.18448131,53.549774,-7.412242,33.155685
4.2735677,3.2831457,7.9060326,0.29901853,0.3567453,0.20005837,53.53346,-7.60144,33.005
4.491683,3.4190118,8.09254,0.21410827,0.36010507,0.22418754,53.528416,-7.7901874,32.873978
4.692836,3.5339563,8.264956,0.14966199,0.3417791,0.24281894,53.51949,-7.958999,32.751503
4.896516,3.6191819,8.418971,0.07422013,0.3042109,0.26328292,53.509632,-8.118948,32.65534
5.1030564,3.6449995,8.535151,0.00580322,0.24281894,0.27855456,53.496445,-8.258927,32.57436
5.308341,3.6645036,8.647058,-0.04337143,0.21166481,0.30298916,53.48785,-8.390956,32.51617
5.5184283,3.6318233,8.731092,-0.07360926,0.13194689,0.30298916,53.4878,-8.508915,32.49001
5.7299843,3.595521,8.811045,-0.10567969,0.029321533,0.31123585,53.478077,-8.6031685,32.50985
5.900496,3.5231824,8.816212,-0.1441642,-0.08002335,0.3118467,53.475914,-8.686774,32.55358
6.048248,3.4166515,8.793305,-0.1695151,-0.1908954,0.29871312,53.47265,-8.750809,32.655033
6.115659,3.18914,8.6711235,-0.20952678,-0.3136793,0.28588495,53.477192,-8.800087,32.788094
6.179824,2.9350984,8.529248,-0.21930063,-0.43218717,0.2593123,53.482677,-8.832736,32.97957
6.097331,2.7583287,8.368191,-0.22693644,-0.5500842,0.24923302,53.49607,-8.85541,33.200302
6.0034657,2.557189,8.18493,-0.2134974,-0.65484756,0.24678956,53.489006,-8.831293,33.47991
5.8754344,2.3378708,8.016206,-0.1777618,-0.7309003,0.23915374,53.495426,-8.815442,33.77539
5.7407594,2.1166184,7.8526716,-0.1337795,-0.7825184,0.23243423,53.510178,-8.807273,34.084534
5.623517,1.9618093,7.7266607,-0.07513642,-0.8194757,0.22266038,53.503304,-8.776073,34.413372
5.511111,1.8224257,7.6097584,-0.016493361,-0.8338311,0.20922135,53.505356,-8.760261,34.74001
5.408491,1.7222599,7.5197,0.04550946,-0.82894415,0.20708331,53.46719,-8.726454,35.060112
5.3124504,1.6406255,7.4428673,0.09010262,-0.80664754,0.19608775,53.441105,-8.709535,35.36843
5.2605085,1.5777978,7.366549,0.1301143,-0.77671516,0.18875736,53.38929,-8.687775,35.6576
5.225853,1.5233389,7.292287,0.16249016,-0.7287622,0.1863139,53.342354,-8.678769,35.926254
5.2231207,1.4830512,7.2219653,0.18325958,-0.66798115,0.17654006,53.290833,-8.6691885,36.168
5.2278085,1.4455463,7.1516438,0.18417588,-0.59986967,0.16279559,53.242786,-8.665917,36.386623
5.3074927,1.4327803,7.0935726,0.18448131,-0.5170974,0.15302174,53.190704,-8.663245,36.57977
5.4092503,1.4279348,7.040271,0.183565,-0.48166725,0.14721853,53.14477,-8.663871,36.760864
5.519978,1.4165678,6.9602003,0.17134771,-0.39370266,0.13958271,53.094406,-8.654881,36.913555
5.632999,1.4035269,6.8732615,0.15882497,-0.30268374,0.13713925,53.045055,-8.647254,37.050545
5.776132,1.4011557,6.7966523,0.13958271,-0.20891592,0.13836098,52.999878,-8.639282,37.17707
5.9418716,1.4061781,6.726339,0.1151481,-0.1142318,0.13622294,52.95332,-8.629535,37.27374
6.1081424,1.3713808,6.7056813,0.093767814,-0.021685716,0.12705997,52.91289,-8.620477,37.368458
6.22897,1.3324703,6.7077293,0.07147124,0.06291912,0.12522738,52.867085,-8.605902,37.436245
6.3660755,1.2883178,6.710053,0.03573562,0.12767084,0.11301007,52.83578,-8.592784,37.509216
6.5065527,1.2430794,6.712434,0.03573562,0.1740966,0.103847094,52.819706,-8.580179,37.531387
6.6313257,1.1774064,6.7560697,-0.04337143,0.20219639,0.090713486,52.8041,-8.567942,37.552914
6.7495627,1.0970054,6.8270116,-0.0870483,0.20738874,0.067500606,52.768246,-8.534312,37.60934
6.853773,1.0006492,6.889538,-0.12461651,0.20647246,0.05497787,52.72419,-8.46616,37.68956
6.9492965,0.8907975,6.9468517,-0.14446963,0.18784106,0.03726278,52.692604,-8.39986,37.76879
7.0051546,0.7817202,7.0259113,-0.16279559,0.15454891,0.018325957,52.656433,-8.316473,37.853577
7.030926,0.6700437,7.124702,-0.16768251,0.11759156,0.01863139,52.62248,-8.234509,37.9415
7.038484,0.5669736,7.215622,-0.17654006,0.058948494,0.009468411,52.586983,-8.138069,38.041485
7.007272,0.48374125,7.28845,-0.16554448,0.006414085,0.0106901415,52.550846,-8.046334,38.147396
6.9684258,0.4156257,7.3670144,-0.15210545,-0.036651913,0.014049901,52.496243,-7.932557,38.25198
6.9207535,0.36318582,7.4528255,-0.13225232,-0.086132,0.018936822,52.445854,-7.8258667,38.369648
6.8584538,0.35219473,7.507143,-0.100792766,-0.13713925,0.022602014,52.381508,-7.711474,38.48381
6.8046217,0.37704015,7.5195656,-0.07147124,-0.14630222,0.01740966,52.320778,-7.60553,38.59607
6.749636,0.43498155,7.5294867,-0.051923547,-0.17470746,0.015271631,52.248245,-7.4931493,38.70839
6.7026844,0.52888507,7.534182,-0.021991149,-0.21074851,0.021991149,52.177326,-7.392564,38.821896
6.643417,0.6344013,7.523928,0.0033597588,-0.22082779,0.016493361,52.114895,-7.3044763,38.92305
6.5641274,0.7603312,7.491279,0.030543262,-0.23518312,0.01160644,52.05428,-7.225333,39.032166
6.4762135,0.89592373,7.473339,0.04428773,-0.21746802,0.0143553335,51.9803,-7.1498446,39.148018
6.3759785,1.0438901,7.4828854,0.04642576,-0.21960606,0.01038471,51.915226,-7.082954,39.26863
6.290385,1.1751792,7.481659,0.04550946,-0.20677789,0.016798794,51.85581,-7.036353,39.378677
6.229726,1.2791657,7.4599953,0.040317107,-0.17379116,0.018936822,51.800728,-6.9928846,39.479515
6.1666903,1.3810512,7.4363084,0.03268129,-0.16279559,0.017715093,51.768154,-6.9745574,39.567776
6.0783844,1.4797461,7.3947525,0.029626964,-0.1337795,0.018020526,51.732994,-6.9565377,39.639214
6.0001383,1.5693835,7.3658457,0.015882496,-0.106901415,0.017104227,51.72053,-6.9659863,39.691154
5.9486594,1.6349022,7.370526,-0.0012217305,-0.086132,0.0033597588,51.712395,-6.9763904,39.734642
5.8931317,1.6969784,7.3798714,-0.011911872,-0.06505715,0.004581489,51.710873,-6.996786,39.767616
5.8467617,1.7307022,7.3967333,-0.013744468,-0.040011674,0.0030543262,51.71442,-7.0180807,39.792088
5.7979536,1.7653276,7.4076557,-0.027794369,-0.005497787,-0.002443461,51.727345,-7.0457616,39.800514
5.764147,1.7846457,7.378679,-0.035430185,-0.005497787,-0.002443461,51.73379,-7.0616956,39.8021
5.7299495,1.79962,7.3574467,-0.020158553,0.021685716,-0.009162978,51.740227,-7.0776005,39.803684
5.6930676,1.7950097,7.371278,-0.032986723,0.02321288,-0.021685716,51.765923,-7.111851,39.791557
5.659496,1.7900689,7.385703,-0.01985312,0.03390302,-0.016798794,51.789165,-7.1547766,39.769115
5.654723,1.7805239,7.4095654,-0.02565634,0.034208454,-0.02565634,51.821827,-7.1945,39.748714
5.650722,1.7688661,7.4324145,-0.02321288,0.0421497,-0.03726278,51.857468,-7.2366343,39.715107
5.6554627,1.7356812,7.4418955,-0.016493361,0.04642576,-0.040317107,51.89244,-7.277367,39.683456
5.662738,1.7036048,7.448622,-0.010995574,0.040011674,-0.052534413,51.93106,-7.3184137,39.6492
5.7003336,1.6895064,7.4204254,-0.011911872,0.03634648,-0.049480084,51.963753,-7.356105,39.61469
5.7420926,1.6716703,7.3978944,-0.016798794,0.029932396,-0.051618114,51.996246,-7.384752,39.58748
5.8108897,1.6190605,7.454551,-0.027183503,0.01740966,-0.05955936,52.029488,-7.41165,39.563774
5.8832116,1.5637556,7.51411,-0.019547688,0.016187929,-0.05681047,52.058304,-7.4371257,39.548992
5.9355288,1.5659289,7.5382347,-0.022907447,0.005497787,-0.06658431,52.095123,-7.461042,39.539925
5.982155,1.5845795,7.5522227,-0.029626964,-0.0106901415,-0.061086524,52.12499,-7.4819517,39.534107
6.015485,1.5863492,7.5526996,-0.040927973,-0.009773844,-0.06169739,52.146595,-7.489018,39.53035
6.0434055,1.5816958,7.548046,-0.044898596,-0.03604105,-0.061391957,52.168095,-7.4949436,39.539158
6.0695415,1.5745066,7.5408573,-0.051618114,-0.04520403,-0.05375614,52.19902,-7.5009885,39.545734
6.0943823,1.5662264,7.532577,-0.051923547,-0.054061573,-0.04917465,52.23182,-7.5081034,39.559246
6.1191187,1.5579809,7.5243316,-0.0580322,-0.067500606,-0.040927973,52.261196,-7.5102086,39.580982
6.144079,1.5496609,7.516011,-0.051618114,-0.081855945,-0.04062254,52.29186,-7.5158143,39.60474
6.1672297,1.5402246,7.5063405,-0.050396383,-0.07849618,-0.027183503,52.306572,-7.51126,39.632812
6.1648364,1.5234745,7.4871974,-0.050396383,-0.08002335,-0.018325957,52.323895,-7.50906,39.665134
6.162391,1.5063585,7.4676366,-0.03390302,-0.07544186,-0.019242255,52.3392,-7.508616,39.70322
6.159978,1.4894649,7.4483294,-0.025350908,-0.07513642,-0.0076358155,52.34712,-7.5030704,39.742756
6.154646,1.471587,7.426416,-0.025350908,-0.06811147,-0.003970624,52.369804,-7.5038853,39.773335
6.1304536,1.4473953,7.387709,-0.018325957,-0.058337633,-0.00061086525,52.38796,-7.506359,39.802647
6.1079817,1.4242499,7.3516197,-0.016187929,-0.04428773,0.004276057,52.401432,-7.498266,39.835724
6.093873,1.4054383,7.328105,-0.014660766,-0.038179077,0.007941248,52.413948,-7.4917274,39.867348
6.0783677,1.3868946,7.3076844,-0.0027488936,-0.023518313,0.017715093,52.41032,-7.4768424,39.900963
6.055045,1.372901,7.312349,0.009468411,-0.0070249503,0.027488936,52.405132,-7.4624243,39.931374
6.0321875,1.3603067,7.3170805,0.016798794,0.0036651916,0.0290161,52.389545,-7.4490533,39.958042
6.018049,1.3650196,7.3217936,0.01740966,0.016798794,0.020463986,52.37357,-7.43749,39.978493
6.003529,1.3698596,7.3266335,0.02107485,0.018325957,0.026267206,52.348858,-7.4227304,39.995422
5.989724,1.3744612,7.331235,0.018936822,0.03359759,0.022296581,52.329815,-7.410657,40.00336
5.973692,1.3798053,7.3373246,0.02687807,0.034513887,0.030543262,52.305595,-7.39864,40.015312
5.9630995,1.3833362,7.344386,0.027183503,0.022907447,0.02565634,52.29181,-7.3823195,40.030746
5.950486,1.3875406,7.3527946,0.03023783,0.02076942,0.019547688,52.275314,-7.3684855,40.038513
5.9525075,1.3992583,7.3567576,0.034513887,0.021991149,0.01863139,52.25966,-7.35539,40.04817
5.9596314,1.4135056,7.3591323,0.021685716,0.014966198,0.018020526,52.24722,-7.340717,40.06005
5.966805,1.427853,7.3615236,0.018936822,0.034513887,0.015271631,52.23838,-7.331326,40.059223
5.9739513,1.4421461,7.363906,0.03481932,0.030848695,0.007330383,52.233784,-7.324655,40.066345
5.979044,1.4834979,7.3832645,0.04428773,0.011301007,0.007330383,52.232597,-7.3221803,40.06476
5.9834247,1.5360689,7.4095497,0.0290161,0.003970624,0.010079277,52.232708,-7.3187003,40.060665
5.9804792,1.5723248,7.4182568,0.015882496,0.0061086523,0.00030543262,52.23877,-7.322434,40.063877
5.9706297,1.5944867,7.4108696,0.020158553,0.005497787,0.0036651916,52.2396,-7.3237348,40.0705
5.960784,1.6166397,7.4034853,0.01160644,0.002443461,-0.0036651916,52.256207,-7.33217,40.074467
5.9508967,1.6388861,7.39607,0.015882496,0.0070249503,-0.008552114,52.269997,-7.343097,40.076668
5.952852,1.6684157,7.401777,0.018325957,0.008857546,-0.006414085,52.283978,-7.3516874,40.080425
5.9632893,1.7075573,7.4174337,0.010079277,0.0067195175,-0.010995574,52.30187,-7.360859,40.083427
5.971193,1.7371963,7.429289,0.005497787,0.0125227375,-0.01740966,52.30761,-7.375285,40.08976
5.980341,1.771501,7.443011,-0.0021380284,0.016493361,-0.013744468,52.311592,-7.3859696,40.097305
5.988586,1.7990812,7.4517827,-0.0012217305,0.040927973,-0.01038471,52.32185,-7.40307,40.091534
5.995953,1.8187273,7.4542384,0.0143553335,0.040011674,-0.011301007,52.333504,-7.4214606,40.091854
6.003226,1.8381208,7.4566627,0.025350908,0.04428773,-0.009468411,52.353092,-7.4503074,40.08342
6.010471,1.8574405,7.459078,0.00580322,0.032986723,-0.010079277,52.374546,-7.475792,40.07976
6.0094495,1.8650848,7.4651175,0.007330383,0.033292156,-0.010079277,52.389194,-7.506621,40.073055
5.9998527,1.8602862,7.4747143,-0.00580322,0.026572637,-0.016187929,52.40723,-7.530655,40.07133
5.987908,1.8531183,7.4675307,-0.0061086523,0.016187929,-0.01282817,52.428955,-7.562583,40.072533
5.973667,1.8436245,7.443796,-0.009773844,0.018325957,-0.011301007,52.452774,-7.5917296,40.071785
5.959575,1.83423,7.4225683,-0.004276057,0.0061086523,-0.010079277,52.46862,-7.6186957,40.07825
5.9457164,1.824991,7.4040904,0.0070249503,0.0021380284,0.0021380284,52.478928,-7.6432796,40.08238
5.933914,1.816814,7.398854,0.002443461,0.008552114,0.00030543262,52.492443,-7.6666946,40.086964
5.923156,1.8087449,7.414992,0.005497787,0.016798794,0.0027488936,52.499935,-7.6906886,40.0928
5.915083,1.8026904,7.4271007,0.023823744,0.019547688,0.00061086525,52.508564,-7.7165766,40.098206
5.9056163,1.7955905,7.4413004,0.027794369,0.010995574,0.0033597588,52.51463,-7.7381735,40.10479
5.8910537,1.7839801,7.4466257,0.03481932,0.0027488936,-0.0070249503,52.52607,-7.7667,40.10973
5.864335,1.7617147,7.4332666,0.030543262,0.0012217305,-0.013133603,52.53503,-7.7917852,40.115444
5.842593,1.735568,7.4205427,0.023518313,-0.008246681,-0.0030543262,52.538235,-7.8126082,40.11963
5.847691,1.684591,7.4103475,0.021685716,-0.005192355,-0.003970624,52.54692,-7.836297,40.119846
5.850188,1.6385235,7.4016304,0.004581489,-0.0070249503,-0.0070249503,52.546272,-7.8519287,40.119644
5.8455825,1.6062862,7.3970256,0.0018325958,-0.015882496,-0.019242255,52.54965,-7.871718,40.120125
5.8446627,1.5726776,7.396106,-0.008857546,-0.009162978,-0.022296581,52.538536,-7.872384,40.12304
5.8596725,1.5326513,7.411115,-0.013439035,-0.0033597588,-0.009162978,52.526787,-7.8729696,40.128727
5.8718624,1.4977995,7.4213853,-0.005192355,-0.0076358155,-0.015882496,52.517437,-7.87183,40.13434
5.876412,1.4773258,7.4191103,-0.010995574,-0.011911872,-0.013439035,52.49985,-7.8626676,40.13929
5.881032,1.4565355,7.4168005,-0.016493361,-0.0027488936,-0.01282817,52.47655,-7.852528,40.13821
5.885903,1.4346157,7.414365,-0.016493361,-0.0027488936,-0.011911872,52.453655,-7.8420625,40.140877
5.88857,1.4162011,7.411282,-0.026267206,-0.0018325958,-0.014660766,52.43171,-7.829105,40.140427
5.878824,1.4064556,7.401537,-0.018936822,0.009162978,-0.0070249503,52.405437,-7.8180237,40.13759
5.872776,1.3974825,7.3976817,-0.021991149,0.009773844,-0.015882496,52.379093,-7.7980046,40.138897
5.8873043,1.3926399,7.4267383,-0.013133603,-0.00061086525,-0.02076942,52.349224,-7.7804976,40.140614
5.900114,1.3906391,7.451556,-0.009773844,0.005192355,-0.025350908,52.31218,-7.765435,40.13387
5.904842,1.4024593,7.4562845,-0.01282817,-0.0021380284,-0.025045475,52.277603,-7.751198,40.133636
5.9095364,1.4141951,7.4609785,-0.02107485,-0.006414085,-0.018020526,52.240257,-7.734498,40.1296
5.914193,1.4258368,7.4656353,-0.025350908,-0.0076358155,-0.022296581,52.208126,-7.7203674,40.12611
5.919182,1.4375939,7.470982,-0.02565634,-0.0027488936,-0.023518313,52.166706,-7.7003613,40.126816
5.927124,1.4495071,7.4828954,-0.024740042,-0.0018325958,-0.022907447,52.12751,-7.680656,40.12856
5.9350343,1.4613729,7.494761,-0.027183503,-0.004276057,-0.033292156,52.101006,-7.6644344,40.131603
5.940763,1.4746808,7.4986396,-0.03145956,0.0036651916,-0.032375857,52.070156,-7.646284,40.13175
5.9455256,1.4889681,7.4986396,-0.02107485,0.0076358155,-0.03390302,52.04512,-7.633632,40.132774
5.9502883,1.5032554,7.4986396,-0.025350908,0.016187929,-0.039095376,52.023895,-7.619908,40.12958
5.9550476,1.5175341,7.4986396,-0.030543262,0.0061086523,-0.03481932,52.00126,-7.6070743,40.130775
5.939624,1.5284289,7.4700565,-0.033292156,0.0061086523,-0.035124753,51.981514,-7.5959487,40.12618
5.9117656,1.5377151,7.423626,-0.034513887,0.005497787,-0.03359759,51.960716,-7.583233,40.12475
5.901927,1.5601633,7.4054856,-0.033292156,0.0125227375,-0.029626964,51.944927,-7.578016,40.120167
5.9067936,1.5942276,7.4103518,-0.027794369,0.012217305,-0.03145956,51.93164,-7.5744224,40.117535
5.907521,1.6116415,7.4151864,-0.022907447,0.009162978,-0.03634648,51.922016,-7.574436,40.115265
5.905111,1.6164613,7.4200063,-0.03481932,-0.0030543262,-0.04062254,51.91377,-7.572211,40.115623
5.902715,1.621253,7.424798,-0.030543262,0.004886922,-0.0421497,51.91341,-7.578822,40.113274
5.900278,1.6261266,7.429672,-0.04642576,0.009773844,-0.043982297,51.915764,-7.579288,40.11489
5.893966,1.6360774,7.4155617,-0.04184427,0.015577064,-0.043676864,51.932133,-7.5865726,40.110558
5.884943,1.6496124,7.388491,-0.053450707,0.0125227375,-0.049480084,51.95126,-7.588347,40.107048
5.8755746,1.6682498,7.3856034,-0.045814894,0.010079277,-0.049480084,51.968426,-7.59571,40.100212
5.8657966,1.6926945,7.410048,-0.043066,0.00061086525,-0.05009095,51.988094,-7.6006203,40.09607
5.858749,1.7024148,7.4152546,-0.051923547,-0.010995574,-0.045814894,52.013477,-7.608328,40.09424
5.8541913,1.6978571,7.401582,-0.049480084,-0.014660766,-0.047036625,52.040524,-7.6200123,40.09268
5.854288,1.6922357,7.4047313,-0.038179077,-0.0021380284,-0.046120327,52.067135,-7.634283,40.085728
5.8613386,1.6851851,7.432934,-0.036957346,0.0012217305,-0.045814894,52.094593,-7.6470113,40.082413
5.8683357,1.6781882,7.4609213,-0.019547688,-0.0030543262,-0.05222898,52.13534,-7.6643353,40.079063
5.8754983,1.6710258,7.489571,-0.011911872,-0.008857546,-0.056199603,52.174034,-7.679052,40.075554
5.88327,1.6694746,7.503551,-0.014049901,-0.016798794,-0.052839845,52.2119,-7.6949334,40.074093
5.8924828,1.6786879,7.4897313,-0.010079277,-0.017104227,-0.053450707,52.25164,-7.7149205,40.071888
5.898242,1.6844469,7.4837704,-0.015271631,-0.022296581,-0.043066,52.28662,-7.7296185,40.063496
5.8937006,1.6799057,7.501935,-0.02687807,-0.023823744,-0.0421497,52.324116,-7.745233,40.054043
5.890052,1.6762571,7.5165296,-0.028710667,-0.02565634,-0.03970624,52.359623,-7.7615676,40.050125
5.907246,1.6846963,7.5221705,-0.024129177,-0.0290161,-0.031154128,52.391838,-7.775188,40.04762
5.926185,1.6941657,7.5269055,-0.036651913,-0.034208454,-0.027794369,52.424515,-7.784957,40.046154
5.936829,1.6819166,7.5141916,-0.03176499,-0.035124753,-0.023823744,52.458103,-7.794852,40.04243
5.946429,1.6675166,7.4997916,-0.030543262,-0.027183503,-0.018325957,52.488773,-7.8002896,40.038002
5.945039,1.6426239,7.4943233,-0.05100725,-0.034208454,-0.01740966,52.534065,-7.8064985,40.03592
5.942626,1.6160835,7.4894977,-0.048258353,-0.03145956,-0.01282817,52.573647,-7.816179,40.029545
5.9403744,1.5913155,7.4849944,-0.053450707,-0.025961773,-0.008552114,52.622696,-7.8187666,40.024666
5.9380326,1.5655559,7.480311,-0.04337143,-0.029321533,-0.00061086525,52.667755,-7.823778,40.02208
5.933749,1.5377955,7.4640036,-0.048258353,-0.02443461,0.009468411,52.71166,-7.8272877,40.01145
5.9290113,1.5093675,7.4450517,-0.055588737,-0.020463986,0.005497787,52.75682,-7.8334947,40.002003
5.936648,1.4978223,7.444047,-0.042760566,-0.020158553,0.008857546,52.78565,-7.8309216,39.993008
5.947402,1.490653,7.447632,-0.051923547,-0.023518313,0.015577064,52.813694,-7.822252,39.984142
5.9674735,1.4897548,7.424007,-0.035430185,-0.021380283,0.022296581,52.877754,-7.796768,39.962727
5.971376,1.4917061,7.41425,-0.019242255,-0.02076942,0.02443461,52.89369,-7.7912717,39.957714
5.976631,1.4940991,7.402285,-0.016798794,-0.020158553,0.022296581,52.912827,-7.780782,39.95354
5.9907255,1.4964482,7.3905396,-0.01985312,-0.017104227,0.016187929,52.931847,-7.773239,39.94843
6.006271,1.499039,7.3775854,-0.0143553335,-0.022296581,0.010995574,52.939865,-7.769785,39.951954
6.0195746,1.5012563,7.366499,-0.006414085,-0.016798794,0.020158553,52.943733,-7.7648835,39.951897
6.031941,1.5046437,7.3567963,0.0009162979,-0.004886922,0.01863139,52.95313,-7.764165,39.95057
6.013447,1.5185146,7.3799143,0.005497787,-0.0106901415,0.022907447,52.95766,-7.761941,39.953346
5.995707,1.5332283,7.4025583,-0.0009162979,-0.0027488936,0.014660766,52.970016,-7.7672954,39.95067
6.0041184,1.545845,7.398353,-0.0018325958,-0.003970624,0.016493361,52.97792,-7.7721143,39.952885
6.0129857,1.5591463,7.3939195,0.004886922,0.008857546,0.020158553,52.981728,-7.7744374,39.949852
6.012171,1.5672104,7.389168,0.009162978,0.0018325958,0.017715093,52.98841,-7.7768707,39.952484
6.0096965,1.574634,7.3842187,0.009162978,0.016798794,0.01038471,52.990486,-7.7762294,39.95001
6.0074506,1.5813714,7.379727,-0.007941248,0.008552114,0.014049901,52.99237,-7.7756476,39.947758
6.005077,1.5884918,7.37498,-0.009773844,0.009773844,0.009773844,53.001343,-7.782052,39.94837
6.000709,1.5858012,7.3820386,-0.013133603,0.011911872,0.009773844,53.002098,-7.778705,39.953697
5.99595,1.5810422,7.3915567,-0.008552114,0.0143553335,0.0076358155,53.005127,-7.778057,39.958027
5.984516,1.590738,7.3897734,-0.01863139,0.016493361,0.007330383,53.01026,-7.776159,39.962406
5.9718885,1.6033658,7.385564,-0.009162978,0.0033597588,0.0015271631,53.01901,-7.7810154,39.96984
5.9741206,1.6063135,7.381128,-0.004276057,0.022907447,0.012217305,53.018555,-7.769906,39.97535
5.988027,1.601678,7.3764925,-0.02076942,0.019242255,0.009773844,53.027386,-7.76012,39.989655
5.987815,1.6017487,7.383829,-0.02443461,0.02321288,0.0125227375,53.030846,-7.7541246,39.995663
5.9733825,1.6065595,7.4030724,-0.031154128,0.0125227375,0.013439035,53.037033,-7.745036,40.006283
5.9627867,1.6100914,7.4183884,-0.026572637,0.015577064,0.0033597588,53.033855,-7.7374716,40.01662
5.9559226,1.6123794,7.429828,-0.02076942,0.026267206,0.007330383,53.02567,-7.7264338,40.02799
5.949222,1.6146129,7.4409957,-0.027488936,0.019547688,0.0106901415,53.010258,-7.714992,40.04102
5.9424114,1.6168832,7.452347,-0.024740042,0.009162978,0.008857546,52.995365,-7.707449,40.051598
5.9362144,1.6198858,7.4589267,-0.027794369,0.014049901,0.010079277,52.978092,-7.696389,40.05961
5.931534,1.6245667,7.454246,-0.026572637,0.01740966,0.009773844,52.963367,-7.687873,40.070286
5.9268622,1.6292381,7.449575,-0.029626964,0.016798794,0.008857546,52.949463,-7.6804748,40.072716
5.922144,1.6339564,7.4448566,-0.02076942,0.015882496,0.0061086523,52.936554,-7.676576,40.07396
5.918053,1.6368073,7.440766,-0.02565634,0.01038471,0.008246681,52.92292,-7.668527,40.076664
5.916119,1.6329387,7.4388313,-0.008246681,0.014660766,0.008246681,52.910877,-7.6683526,40.07644
5.914179,1.6290578,7.436891,-0.02076942,0.005192355,0.0067195175,52.902287,-7.6627946,40.08127
5.9122186,1.6251372,7.4349303,-0.016493361,0.0009162979,0.008857546,52.892036,-7.6640396,40.083485
5.910296,1.621292,7.4330077,-0.022296581,0.007941248,0.009773844,52.88344,-7.661571,40.08418
5.910259,1.6225867,7.438446,-0.022296581,0.022602014,0.019547688,52.870842,-7.659331,40.08428
5.915247,1.6375515,7.4633875,-0.011301007,0.023823744,0.007941248,52.866467,-7.662137,40.085014
5.9208612,1.6488072,7.480284,-0.011301007,0.015577064,0.0067195175,52.862915,-7.6609716,40.08523
5.9280696,1.6536126,7.482687,0.0070249503,0.013133603,0.0125227375,52.859257,-7.659771,40.085457
5.9350395,1.6582593,7.4850106,-0.019547688,0.003970624,0.0106901415,52.858574,-7.653434,40.084244
5.942253,1.6630685,7.487415,-0.019547688,0.0067195175,0.0027488936,52.85578,-7.6590734,40.080887
5.945817,1.6636041,7.4835424,-0.020463986,0.004581489,-0.0036651916,52.847954,-7.652951,40.08845
5.941394,1.6547586,7.4658513,-0.01282817,0.009162978,-0.00061086525,52.8392,-7.6486487,40.093117
5.937276,1.6441145,7.4507556,-0.022602014,0.0012217305,0.0076358155,52.83666,-7.6497216,40.095
5.9348106,1.621924,7.4507556,-0.027183503,0.0061086523,0.0015271631,52.83724,-7.6555834,40.09141
5.9323406,1.5996935,7.4507556,-0.020463986,0.004886922,-0.0027488936,52.834286,-7.658695,40.093864
5.9298544,1.5773205,7.4507556,-0.01282817,0.004581489,0.0030543262,52.829628,-7.6603127,40.094788
5.9316506,1.5634242,7.454363,-0.01160644,0.003970624,0.003970624,52.823418,-7.6654406,40.094395
5.9461145,1.5730668,7.468827,-0.018020526,0.00580322,0.004886922,52.815235,-7.669402,40.093613
5.952473,1.5844737,7.4812064,-0.015882496,0.004276057,0.00580322,52.799664,-7.6676664,40.092613
5.9272513,1.6096958,7.491295,-0.005192355,0.009162978,0.009773844,52.78252,-7.665783,40.089394
5.910096,1.6208208,7.4950213,-0.005192355,0.005192355,0.00061086525,52.77348,-7.671523,40.082474
5.914521,1.5942682,7.4817452,-0.009468411,-0.0036651916,0.008857546,52.756924,-7.674499,40.076794
5.9194093,1.5705963,7.4705377,-0.0018325958,-0.0018325958,0.003970624,52.763535,-7.687036,40.063423
5.92669,1.5705963,7.4753914,0.0012217305,-0.00030543262,0.01282817,52.762554,-7.69336,40.05397
5.934063,1.5705963,7.480307,-0.0030543262,-0.005192355,0.005192355,52.766994,-7.6993628,40.04631
5.9413905,1.5705963,7.4851923,0.0076358155,-0.0076358155,0.01038471,52.76324,-7.70514,40.038803
5.9428124,1.5732272,7.487309,0.0036651916,-0.007330383,0.005192355,52.766228,-7.7100234,40.03114
5.9207873,1.5864422,7.478499,-0.005497787,-0.002443461,0.005192355,52.7653,-7.7140326,40.023537
5.898905,1.5989183,7.4703174,-0.005192355,-0.013439035,-0.003970624,52.76072,-7.721776,40.02156
5.89415,1.5941637,7.4750724,-0.007330383,-0.0070249503,0.00030543262,52.749985,-7.7243905,40.014065
5.889736,1.590903,7.477756,-0.007330383,-0.009162978,0.009162978,52.744576,-7.730867,40.010143
5.889736,1.601027,7.46257,-0.014049901,-0.008857546,0.014966198,52.738255,-7.7350163,40.003902
5.889736,1.6098236,7.449375,-0.013133603,-0.0030543262,0.008246681,52.732002,-7.740306,39.9954
5.889736,1.6190864,7.435481,-0.003970624,0.004581489,0.0125227375,52.719704,-7.7427764,39.987213
5.8886685,1.6284128,7.4230924,-0.014966198,0.0012217305,0.007941248,52.7137,-7.743865,39.979843
5.8755593,1.6327827,7.436202,-0.02107485,-0.0009162979,0.009468411,52.708126,-7.750159,39.96568
5.8620706,1.637279,7.449691,-0.004886922,0.0027488936,0.010079277,52.70956,-7.764246,39.95436
5.8719177,1.6419985,7.4442086,-0.009162978,0.0012217305,0.003970624,52.713345,-7.773256,39.94509
5.883889,1.6467872,7.4370255,-0.01160644,0.004581489,0.008857546,52.712307,-7.783708,39.934277
5.8960247,1.6516415,7.4297442,-0.014049901,0.00030543262,0.013133603,52.71363,-7.7942123,39.922653
5.9075165,1.6562381,7.422849,-0.010079277,0.005497787,0.015882496,52.712845,-7.80465,39.907936
5.9171433,1.6361536,7.442659,-0.00580322,0.0143553335,0.014049901,52.697495,-7.8088336,39.901485
5.926399,1.6130136,7.465799,0.0030543262,-0.0021380284,0.009162978,52.684067,-7.814859,39.90073
5.931959,1.6128192,7.477741,-0.007330383,-0.0030543262,0.0106901415,52.671227,-7.819189,39.898212
5.936745,1.6176052,7.487313,0.0012217305,-0.0021380284,0.012217305,52.661556,-7.8303003,39.899475
5.9129868,1.6143748,7.484957,-0.005497787,0.008857546,0.015882496,52.6438,-7.8297415,39.89682
5.8878007,1.610177,7.4807596,-0.00580322,0.009162978,0.015271631,52.628227,-7.8329144,39.89668
5.876738,1.6037716,7.4726434,-0.013439035,0.0106901415,0.012217305,52.613544,-7.832801,39.893066
5.8720098,1.596679,7.4631867,-0.003970624,0.0036651916,0.007941248,52.600513,-7.8366847,39.89166
5.8672585,1.5895524,7.453685,-0.010995574,-0.0027488936,0.014660766,52.58319,-7.8328633,39.88683
5.862591,1.5825505,7.444349,-0.011911872,0.007941248,0.016493361,52.56892,-7.8341026,39.878735
5.8669815,1.5592589,7.4441667,-0.005192355,0.009773844,0.007330383,52.551117,-7.832782,39.879234
5.875954,1.5278533,7.448653,-0.008246681,0.0067195175,0.008857546,52.52889,-7.8269405,39.878628
5.88924,1.5085953,7.453026,-0.018936822,0.002443461,0.0143553335,52.506966,-7.8150997,39.883442
5.906822,1.4998039,7.4574213,-0.025045475,0.005497787,0.009162978,52.48867,-7.8055787,39.886314
5.9159203,1.4939818,7.4637275,-0.021380283,0.00580322,0.0018325958,52.459568,-7.789372,39.89217
5.90852,1.4939818,7.473594,-0.023823744,0.004581489,-0.0012217305,52.43144,-7.7711787,39.897175
5.901142,1.4939818,7.4834313,-0.010079277,-0.007330383,0.00030543262,52.392323,-7.7565107,39.90816
5.893671,1.4939818,7.493393,-0.0106901415,0.00030543262,0.0012217305,52.354317,-7.739342,39.91334
5.8907394,1.5020083,7.4986396,-0.014049901,-0.004276057,-0.0030543262,52.321293,-7.7257876,39.92439
5.8927217,1.5178661,7.4986396,-0.009468411,-0.00061086525,-0.0076358155,52.287983,-7.714147,39.930508
5.8947587,1.5341631,7.4986396,-0.011911872,-0.008552114,-0.007941248,52.255077,-7.6998234,39.936623
5.896876,1.5510978,7.4986396,-0.008552114,-0.008552114,-0.004276057,52.22244,-7.6882153,39.939148
5.898803,1.5665196,7.4986396,-0.0033597588,-0.009773844,-0.005497787,52.198315,-7.6788793,39.941845
5.9028797,1.5705963,7.491506,-0.0125227375,-0.00580322,-0.005192355,52.17263,-7.6665072,39.94305
5.907635,1.5705963,7.4819946,-0.013439035,-0.0070249503,-0.01282817,52.151432,-7.6590567,39.945343
5.9123807,1.5705963,7.472504,-0.013744468,-0.009773844,-0.0036651916,52.13361,-7.6526127,39.949482
5.9171276,1.5705963,7.46301,-0.024129177,-0.019242255,-0.013133603,52.12633,-7.6488028,39.954353
5.921821,1.5571791,7.453624,-0.0036651916,-0.010995574,-0.016493361,52.112877,-7.6490197,39.955505
5.9265475,1.5382717,7.4441705,-0.01160644,-0.0030543262,-0.012217305,52.10108,-7.641349,39.959045
5.9338894,1.5410582,7.438256,-0.015577064,-0.0070249503,-0.018020526,52.095383,-7.6445327,39.964127
5.9428196,1.5544533,7.4337907,-0.015271631,-0.0125227375,-0.013744468,52.084328,-7.644315,39.967934
5.952486,1.5742422,7.426313,-0.005192355,-0.012217305,-0.020158553,52.073975,-7.6489573,39.968555
5.9628406,1.6001284,7.4159584,-0.010995574,-0.016798794,-0.014049901,52.05858,-7.6471314,39.972763
5.957617,1.6118147,7.4153595,-0.015271631,-0.00030543262,-0.021685716,52.052742,-7.6543465,39.971786
5.9439087,1.6163841,7.419929,-0.009162978,-0.005497787,-0.02076942,52.04363,-7.6598153,39.97871
5.932919,1.6208308,7.4149737,-0.009162978,-0.010079277,-0.018020526,52.05534,-7.671782,39.978024
5.9233327,1.6256241,7.400594,-0.0027488936,-0.0033597588,-0.019242255,52.06756,-7.686767,39.975502
5.911319,1.6340138,7.3921037,-0.008857546,-0.00580322,-0.021380283,52.079792,-7.6988854,39.974655
5.8968573,1.646065,7.3896933,-0.0036651916,-0.01282817,-0.014049901,52.088654,-7.7130084,39.973747
5.882915,1.6576837,7.3873696,-0.006414085,-0.004886922,-0.011911872,52.100536,-7.726445,39.969482
5.8685617,1.6696446,7.3849773,-0.0021380284,-0.014660766,-0.007941248,52.110523,-7.7405577,39.972668
5.8420424,1.691744,7.39636,0.002443461,-0.0070249503,-0.009162978,52.11727,-7.7539415,39.969463
5.8170166,1.712599,7.413044,0.0015271631,-0.011301007,0.0009162979,52.119816,-7.7639923,39.973095
5.788038,1.7419167,7.4297786,0.004886922,-0.016798794,0.0070249503,52.134247,-7.7846394,39.96687
5.7602353,1.774353,7.44368,0.0012217305,-0.022602014,0.01160644,52.145573,-7.8015122,39.962585
5.7426953,1.7965109,7.453015,0.009162978,-0.023823744,0.014660766,52.156048,-7.825511,39.951466
5.735689,1.8081876,7.4576855,0.013439035,-0.02687807,0.01740966,52.165276,-7.84657,39.943054
5.728689,1.8198549,7.4623523,0.026267206,-0.01740966,0.025350908,52.184143,-7.8793855,39.920586
5.7213063,1.8321599,7.467274,0.021685716,-0.020463986,0.035124753,52.20183,-7.9075985,39.903427
5.725279,1.8396275,7.476073,0.017715093,-0.02443461,0.03604105,52.218838,-7.9380007,39.88452
5.746464,1.8419813,7.49255,0.038179077,-0.02565634,0.042455133,52.22993,-7.9691052,39.867104
5.767293,1.8442956,7.5087504,0.03145956,-0.03756821,0.044593163,52.255352,-8.00062,39.846554
5.7881722,1.8466156,7.52499,0.02565634,-0.041233405,0.056199603,52.2739,-8.032842,39.825657
5.8100433,1.8471422,7.5381284,0.03481932,-0.0421497,0.064446285,52.292976,-8.066186,39.807957
5.835258,1.8425577,7.542713,0.022296581,-0.05222898,0.065973446,52.31071,-8.091826,39.794693
5.863129,1.8374902,7.5477805,0.01863139,-0.057726767,0.0729984,52.323112,-8.111653,39.790066
5.884846,1.8335418,7.5517287,0.014966198,-0.055588737,0.07971791,52.33499,-8.128107,39.78633
5.9105167,1.8280858,7.556914,0.0125227375,-0.061391957,0.07391469,52.36063,-8.149674,39.77958
5.941348,1.8075314,7.5723295,0.017104227,-0.064751714,0.07391469,52.38093,-8.169229,39.772488
5.9721947,1.7876163,7.58548,0.0125227375,-0.051618114,0.07086037,52.398685,-8.18274,39.771626
6.014044,1.7643666,7.59013,0.029321533,-0.06078109,0.0580322,52.421486,-8.203435,39.777447
6.0556135,1.7414429,7.592488,0.032375857,-0.073303826,0.048563786,52.43427,-8.212381,39.78705
6.093824,1.7223376,7.568606,0.01863139,-0.0580322,0.04337143,52.448696,-8.222686,39.790787
6.1299205,1.7012314,7.545377,0.010995574,-0.057421334,0.032986723,52.474068,-8.241656,39.796604
6.13939,1.6586187,7.5311728,0.018020526,-0.040011674,0.016187929,52.500988,-8.262605,39.792835
6.1499696,1.6168207,7.5141416,0.0036651916,-0.0421497,0.005192355,52.522377,-8.274204,39.804157
6.170877,1.5959134,7.468146,0.012217305,-0.04184427,-0.011911872,52.550354,-8.296219,39.808624
6.1925645,1.574226,7.4204335,-0.002443461,-0.0421497,-0.025961773,52.57483,-8.304448,39.81554
6.2037597,1.5819442,7.4011006,0.007330383,-0.029932396,-0.03573562,52.602585,-8.322,39.818073
6.2135386,1.596613,7.3864317,0.01282817,-0.028405234,-0.05009095,52.63728,-8.338634,39.82264
6.1999435,1.614731,7.365233,0.0076358155,-0.025350908,-0.060170226,52.670113,-8.347983,39.838196
6.178266,1.6364087,7.3392196,0.0067195175,-0.016798794,-0.07727446,52.709614,-8.3633,39.850296
6.1544867,1.6407222,7.3219314,-0.0012217305,-0.013439035,-0.077579886,52.752964,-8.375138,39.86833
6.1282167,1.6275873,7.3131747,-0.0021380284,-0.007330383,-0.08124508,52.801987,-8.391907,39.881786
6.106967,1.6162038,7.302551,0.01038471,-0.008246681,-0.08399397,52.855064,-8.41469,39.896523
6.0973043,1.6089568,7.288057,0.004886922,-0.01160644,-0.08827003,52.908676,-8.4340315,39.909737
6.087601,1.6016793,7.273502,-0.024740042,-0.01038471,-0.08552113,52.956482,-8.447316,39.91921
6.077853,1.5943683,7.2588797,-0.026572637,-0.00061086525,-0.08399397,53.004852,-8.466192,39.926777
6.064343,1.5842358,7.247805,-0.034208454,0.0012217305,-0.08582657,53.048897,-8.475724,39.938313
6.0447454,1.5695375,7.2429056,-0.056199603,0.0033597588,-0.07788532,53.087162,-8.479571,39.947456
6.022583,1.5580727,7.2420306,-0.06505715,0.0030543262,-0.0720821,53.12473,-8.483879,39.956936
5.997596,1.5512578,7.246574,-0.060170226,0.004581489,-0.064446285,53.157608,-8.484743,39.965626
5.9729767,1.5445436,7.25105,-0.060170226,0.007330383,-0.060170226,53.185917,-8.479923,39.971886
5.947606,1.5376242,7.255663,-0.06291912,0.008857546,-0.052839845,53.209633,-8.473831,39.97847
5.924451,1.5309418,7.26371,-0.056505036,0.005192355,-0.043982297,53.2303,-8.46562,39.989426
5.9060254,1.5240324,7.2867417,-0.053450707,-0.00030543262,-0.03726278,53.24861,-8.455527,40.000446
5.887791,1.5171944,7.309535,-0.04642576,0.0061086523,-0.02565634,53.255867,-8.442106,40.001667
5.8692594,1.510245,7.3327,-0.03970624,0.01160644,-0.017104227,53.261963,-8.429029,40.004704
5.8506174,1.5034233,7.3567457,-0.02443461,0.0030543262,-0.013133603,53.26043,-8.423664,40.00547
5.837551,1.5012456,7.385056,-0.022602014,0.009468411,-0.004581489,53.252663,-8.41459,40.001205
5.823928,1.498975,7.414573,-0.008857546,0.002443461,0.007941248,53.226784,-8.405437,39.99437
5.810385,1.496718,7.443915,0.0012217305,0.008552114,0.013744468,53.199333,-8.395719,39.982285
5.796916,1.4944731,7.4730983,0.008552114,0.02321288,0.026267206,53.16533,-8.38497,39.97089
5.787002,1.4870158,7.486452,0.01282817,0.01038471,0.025045475,53.13645,-8.377341,39.96518
5.7779384,1.4779519,7.495516,0.013133603,0.004276057,0.033292156,53.098743,-8.3664465,39.954838
5.7780004,1.4716425,7.495454,0.014660766,0.016187929,0.028405234,53.062855,-8.360244,39.92675
5.7829146,1.4667284,7.49054,0.015577064,0.008552114,0.024129177,53.026363,-8.352366,39.90676
5.7877502,1.4708496,7.4901824,0.02107485,0.004276057,0.029321533,52.98525,-8.342786,39.880806
5.792589,1.4789145,7.4917955,0.014966198,-0.002443461,0.032986723,52.947704,-8.331968,39.857864
5.797297,1.4867609,7.493365,0.010079277,-0.0009162979,0.03176499,52.91023,-8.322009,39.835335
5.802058,1.4946958,7.4949517,0.01160644,-0.009773844,0.034208454,52.872086,-8.310876,39.81834
5.8068485,1.50268,7.4965487,0.004886922,-0.014049901,0.02443461,52.83919,-8.299503,39.799225
5.8115497,1.5105152,7.4981155,0.0021380284,-0.016187929,0.020158553,52.804653,-8.288021,39.782677
5.8161645,1.5131354,7.4971185,-0.006414085,-0.032986723,0.018020526,52.7749,-8.275383,39.77128
5.820816,1.5131354,7.494793,0.0012217305,-0.035430185,0.009468411,52.748844,-8.267829,39.756096
5.8254294,1.5131354,7.492486,-0.009162978,-0.037873644,0.010995574,52.732773,-8.26042,39.74365
5.8300605,1.5131354,7.4901705,-0.01282817,-0.04428773,0.010079277,52.721386,-8.258154,39.732674
5.8310213,1.5206596,7.490317,-0.018936822,-0.04886922,0.00580322,52.710968,-8.253475,39.721992
5.8286057,1.535154,7.4927325,-0.027488936,-0.048258353,-0.0012217305,52.702198,-8.248217,39.711613
5.8262725,1.5491517,7.4950657,-0.031154128,-0.047647487,0.00030543262,52.690212,-8.247348,39.699894
5.8238635,1.563606,7.4974747,-0.034208454,-0.058337633,-0.0027488936,52.683372,-8.246829,39.690826
5.8252006,1.5793539,7.499891,-0.036651913,-0.051618114,0.0036651916,52.670788,-8.246687,39.67443
5.830082,1.5964388,7.5023313,-0.03940081,-0.05100725,-0.004276057,52.665867,-8.248919,39.662113
5.835028,1.6137509,7.5048046,-0.045814894,-0.059864793,-0.007941248,52.66183,-8.252506,39.650707
5.8399696,1.6310458,7.507275,-0.049785517,-0.059864793,-0.007941248,52.6587,-8.2565975,39.63678
5.837446,1.6435081,7.4979367,-0.039095376,-0.051618114,-0.008552114,52.653152,-8.262197,39.62464
5.8303995,1.6529043,7.4814935,-0.03970624,-0.051618114,-0.013133603,52.64973,-8.265082,39.614834
5.823395,1.6622441,7.465149,-0.036651913,-0.053145275,-0.00580322,52.647556,-8.274571,39.605217
5.816287,1.6717209,7.4485645,-0.04337143,-0.053450707,-0.01038471,52.65126,-8.284505,39.59468
5.813978,1.6802229,7.440323,-0.03176499,-0.056199603,-0.01282817,52.64566,-8.29165,39.59254
5.8158164,1.6894124,7.4384847,-0.024740042,-0.057421334,-0.005192355,52.63815,-8.295229,39.590363
5.817176,1.6962116,7.4371247,-0.030543262,-0.054367006,-0.004276057,52.639774,-8.302539,39.59147
5.818793,1.7042955,7.435508,-0.016798794,-0.06627888,0.003970624,52.637207,-8.312759,39.59782
5.8204064,1.712365,7.433894,-0.009773844,-0.06505715,0.0067195175,52.635315,-8.320959,39.599285
5.822026,1.7204618,7.432275,-0.0070249503,-0.062002823,0.010079277,52.63112,-8.329464,39.603874
5.8254347,1.745715,7.434338,-0.003970624,-0.06505715,0.021380283,52.62361,-8.3374405,39.610245
5.830156,1.7834841,7.4390597,-0.00580322,-0.0720821,0.029321533,52.616463,-8.344779,39.616714
5.8428125,1.8215141,7.4543505,0.0067195175,-0.07544186,0.03481932,52.616535,-8.355674,39.626904
5.8613358,1.8585607,7.4775047,0.009773844,-0.0842994,0.043982297,52.613487,-8.361913,39.640896
5.872905,1.8863426,7.4820967,0.01282817,-0.07727446,0.044898596,52.62339,-8.377528,39.65084
5.87751,1.9047649,7.46828,0.011911872,-0.09010262,0.040927973,52.633835,-8.39198,39.668694
5.888645,1.9344548,7.4518466,0.022296581,-0.09987647,0.03604105,52.64937,-8.415209,39.68375
5.9079485,1.9778869,7.4325433,0.015271631,-0.10445796,0.046731193,52.661114,-8.431919,39.70124
5.9227133,2.0100462,7.417778,0.029321533,-0.10842858,0.04642576,52.677826,-8.458238,39.727272
5.9326696,2.0299592,7.4078217,0.028405234,-0.11911872,0.044898596,52.69201,-8.477755,39.75631
5.9472647,2.0495045,7.395156,0.01985312,-0.113926366,0.04520403,52.715546,-8.506832,39.786125
5.9715166,2.0737565,7.3757544,0.021685716,-0.11056661,0.040927973,52.742188,-8.538639,39.818336
5.98748,2.0798395,7.3487554,0.022907447,-0.124311075,0.04917465,52.76918,-8.56947,39.856407
5.992247,2.0607724,7.3106213,0.022296581,-0.129198,0.056199603,52.79715,-8.600777,39.89001
5.9967146,2.0396364,7.2814164,0.0125227375,-0.13347405,0.05375614,52.838142,-8.637492,39.928894
6.001084,2.0134203,7.2639394,0.014049901,-0.12797627,0.061391957,52.872253,-8.672793,39.966476
6.0098753,1.9858888,7.247904,0.012217305,-0.12064589,0.04734206,52.91455,-8.707631,40.00705
6.0410604,1.9495059,7.237509,0.008246681,-0.121256754,0.053450707,52.946667,-8.736781,40.048847
6.063635,1.912807,7.2320056,0.002443461,-0.122478485,0.04184427,52.98184,-8.763212,40.09242
6.0682807,1.8756391,7.2366514,-0.007330383,-0.12064589,0.046120327,53.008713,-8.783658,40.13544
6.0741234,1.8434671,7.2437086,-0.007330383,-0.111177474,0.047036625,53.036377,-8.802492,40.17896
6.0834455,1.8248229,7.2576914,0.0030543262,-0.10354166,0.036957346,53.06645,-8.822755,40.220894
6.096944,1.8029059,7.269812,-0.00061086525,-0.095294975,0.03970624,53.085506,-8.826109,40.26363
6.125274,1.769854,7.2745337,0.004276057,-0.1020145,0.04428773,53.108067,-8.835311,40.306812
6.151403,1.7383395,7.279146,0.013133603,-0.10445796,0.04337143,53.126682,-8.841432,40.34461
6.170417,1.7098187,7.2839,0.01160644,-0.09865474,0.03848451,53.144997,-8.846529,40.380917
6.1885753,1.6829078,7.286645,0.016493361,-0.08979719,0.03481932,53.16441,-8.849875,40.417156
6.2024035,1.6644697,7.277426,0.01038471,-0.09712757,0.040317107,53.182922,-8.850029,40.455517
6.216369,1.6443176,7.2681155,0.0030543262,-0.099265605,0.025350908,53.204514,-8.850745,40.489105
6.229622,1.606768,7.2592807,0.0030543262,-0.09712757,0.026572637,53.212715,-8.850391,40.50413
6.243741,1.5667634,7.249868,0.0027488936,-0.086437434,0.015882496,53.22145,-8.850014,40.52014
6.256186,1.5315026,7.241571,-0.00061086525,-0.096516706,0.007330383,53.25274,-8.845449,40.5595
6.2695293,1.4936961,7.2326756,-0.011301007,-0.09682214,0.015882496,53.279022,-8.838263,40.592026
6.2616096,1.4620067,7.2192903,-0.012217305,-0.09682214,0.004276057,53.316143,-8.838317,40.62467
6.2471166,1.433021,7.2047973,-0.01985312,-0.10476339,0.00061086525,53.347332,-8.832039,40.65961
6.240299,1.4156072,7.19798,-0.014660766,-0.09865474,0.00061086525,53.35549,-8.825436,40.671005
6.2357044,1.4018224,7.193385,-0.03481932,-0.09987647,0.00061086525,53.363403,-8.819037,40.68205
6.2415085,1.4052206,7.1834235,-0.034208454,-0.09896017,0.004886922,53.371376,-8.812586,40.693184
6.2509613,1.4146734,7.1716075,-0.042455133,-0.099571034,-0.004886922,53.4026,-8.796969,40.72864
6.260583,1.4242954,7.1595798,-0.038789943,-0.09468412,-0.002443461,53.412777,-8.769431,40.763443
6.2700377,1.4337502,7.1477613,-0.04428773,-0.08857546,-0.0106901415,53.430256,-8.743106,40.79574
6.293247,1.4535534,7.117046,-0.052534413,-0.08277224,-0.017104227,53.44239,-8.719713,40.82382
6.322291,1.4777564,7.078321,-0.054061573,-0.076358154,-0.018020526,53.454838,-8.697972,40.84896
6.3371577,1.4981817,7.060795,-0.057726767,-0.07086037,-0.014966198,53.471024,-8.674495,40.882946
6.3465548,1.5169754,7.051398,-0.05589417,-0.06536258,-0.014049901,53.48758,-8.653379,40.913906
6.359833,1.547002,7.0415897,-0.053450707,-0.04886922,-0.016493361,53.521618,-8.637965,40.94639
6.3749475,1.5822703,7.031513,-0.055283304,-0.04428773,-0.016493361,53.55425,-8.622197,40.979816
6.389195,1.6155137,7.0256953,-0.058948494,-0.037873644,-0.013133603,53.588924,-8.610937,41.0098
6.4034534,1.648783,7.0209427,-0.046120327,-0.02565634,-0.013744468,53.62359,-8.604191,41.035793
6.428904,1.6677978,7.027139,-0.045814894,-0.02443461,-0.01160644,53.66214,-8.602875,41.062855
6.4572954,1.6819934,7.036603,-0.051618114,-0.017104227,-0.013133603,53.700134,-8.604051,41.083923
6.4590907,1.6907719,7.0442066,-0.04886922,-0.0061086523,-0.0061086523,53.7372,-8.610921,41.10743
6.452049,1.6978136,7.0512486,-0.03848451,-0.0015271631,-0.012217305,53.778908,-8.621095,41.12925
6.445059,1.7048033,7.058238,-0.038789943,0.005497787,-0.012217305,53.826168,-8.633214,41.144844
6.4381013,1.711761,7.0651956,-0.03481932,0.0012217305,-0.005192355,53.87255,-8.648115,41.16209
6.413794,1.7111312,7.0739174,-0.03634648,-0.0036651916,0.0012217305,53.917603,-8.661701,41.17726
6.3793335,1.7062083,7.0837636,-0.038789943,-0.0067195175,0.0021380284,53.961327,-8.675481,41.192924
6.3657193,1.7160999,7.092551,-0.035430185,-0.0018325958,0.0018325958,54.000122,-8.688551,41.20732
6.361481,1.7330521,7.101027,-0.040317107,-0.0009162979,0.004581489,54.03721,-8.698506,41.223564
6.346543,1.7398646,7.113257,-0.0421497,-0.00061086525,0.0070249503,54.07159,-8.706033,41.235184
6.3169613,1.7324692,7.130513,-0.046120327,0.004581489,0.0067195175,54.104836,-8.712079,41.244915
6.2877455,1.7251652,7.147556,-0.046731193,-0.00061086525,0.013439035,54.12688,-8.7228,41.254734
6.2579927,1.7177271,7.1649117,-0.046731193,0.010079277,0.018936822,54.147392,-8.732924,41.25843
6.23883,1.7090002,7.1782765,-0.040927973,0.006414085,0.01985312,54.168236,-8.743624,41.267574
6.229572,1.6997421,7.187535,-0.03634648,0.004581489,0.03023783,54.182163,-8.751081,41.27396
6.229725,1.6878946,7.189782,-0.040011674,0.014660766,0.03940081,54.18541,-8.749509,41.27154
6.2392087,1.6736686,7.18504,-0.032986723,0.016493361,0.043066,54.187542,-8.750324,41.272156
6.2482605,1.6559085,7.19097,-0.02687807,0.021685716,0.049785517,54.180183,-8.745468,41.26784
6.257089,1.6338366,7.208627,-0.030848695,0.025350908,0.05681047,54.17149,-8.739318,41.26367
6.2680407,1.600847,7.2241187,-0.027488936,0.021380283,0.06169739,54.15813,-8.731098,41.26432
6.2835755,1.5438856,7.234475,-0.029626964,0.02687807,0.06658431,54.141495,-8.719784,41.261593
6.2876554,1.4948323,7.243296,-0.034513887,0.029626964,0.0720821,54.1207,-8.709073,41.252876
6.2780576,1.4540421,7.250494,-0.04337143,0.031154128,0.0693332,54.10124,-8.697883,41.242897
6.268517,1.4134941,7.25765,-0.031154128,0.028099801,0.06994407,54.077557,-8.676258,41.235878
6.2591343,1.3736166,7.264687,-0.03481932,0.032986723,0.06780604,54.05558,-8.650998,41.225895
6.2595196,1.3288269,7.280525,-0.03176499,0.03481932,0.0711658,54.041153,-8.631098,41.214382
6.2736654,1.2769579,7.3088174,-0.04153884,0.03145956,0.065973446,54.03085,-8.610158,41.20253
6.276409,1.2424237,7.3236957,-0.03848451,0.036651913,0.061086524,54.00253,-8.577444,41.183178
6.2598734,1.2353369,7.3166094,-0.04886922,0.038789943,0.05497787,53.97747,-8.541757,41.16545
6.2433805,1.2282685,7.3095407,-0.04550946,0.029626964,0.039095376,53.948013,-8.5029335,41.14675
6.226835,1.2211775,7.3024497,-0.03940081,0.022907447,0.026267206,53.91982,-8.463999,41.126858
6.2118964,1.2169448,7.291314,-0.038179077,0.019242255,0.013744468,53.898235,-8.428546,41.10806
6.200153,1.2192936,7.2701755,-0.036651913,0.022296581,0.0067195175,53.879627,-8.3966055,41.089104
6.1885324,1.2216176,7.2492585,-0.04795292,0.018325957,-0.0067195175,53.859245,-8.365922,41.069145
6.176919,1.2239404,7.2283545,-0.0421497,0.010079277,-0.02076942,53.84206,-8.341247,41.049496
6.1643357,1.2313061,7.214464,-0.024129177,0.01038471,-0.032986723,53.829025,-8.319547,41.028282
6.147532,1.2607116,7.2312675,-0.01282817,0.018325957,-0.04642576,53.821728,-8.301026,41.00677
6.1312327,1.2892346,7.247566,-0.016798794,0.011911872,-0.05131268,53.815125,-8.28233,40.99644
6.121028,1.3457025,7.21713,-0.021685716,0.02687807,-0.051923547,53.809708,-8.267843,40.97769
6.111863,1.4052718,7.180472,-0.018020526,0.0290161,-0.052534413,53.80736,-8.255525,40.96436
6.10593,1.4662367,7.1648836,-0.011911872,0.031154128,-0.06352998,53.81183,-8.249822,40.942543
6.1008143,1.527626,7.154652,-0.015577064,0.033292156,-0.055283304,53.80893,-8.239344,40.921673
6.1131873,1.5790819,7.145367,-0.013439035,0.03756821,-0.059253927,53.827072,-8.248138,40.9028
6.127138,1.6302348,7.1360664,-0.003970624,0.041233405,-0.050396383,53.83676,-8.253497,40.885185
6.1405005,1.6603228,7.15741,-0.019547688,0.042455133,-0.03634648,53.858776,-8.26686,40.865185
6.1537485,1.686818,7.183905,-0.011911872,0.041233405,-0.018936822,53.875454,-8.284319,40.84623
6.157887,1.724333,7.1905575,-0.023823744,0.039095376,-0.0027488936,53.89709,-8.301063,40.832085
6.157887,1.7656666,7.1882615,-0.027183503,0.040317107,0.009468411,53.91303,-8.318148,40.818607
6.157887,1.8069504,7.185968,-0.029932396,0.059253927,0.02107485,53.925274,-8.3333435,40.801006
6.157887,1.8490145,7.183631,-0.035124753,0.058643065,0.029321533,53.935192,-8.345196,40.789455
6.177926,1.8760656,7.1911936,-0.03145956,0.05955936,0.043676864,53.938175,-8.348464,40.779804
6.2145305,1.891753,7.206881,-0.040927973,0.058643065,0.054367006,53.939465,-8.346852,40.77133
6.211877,1.9027314,7.222752,-0.040317107,0.064751714,0.05497787,53.9539,-8.362559,40.762714
6.193728,1.911806,7.2386327,-0.039095376,0.07238753,0.060170226,53.96239,-8.373205,40.754948
6.175856,1.920742,7.2542706,-0.025961773,0.07513642,0.06963864,53.975945,-8.383623,40.753437
6.1578617,1.9297392,7.2700157,-0.032070424,0.0711658,0.05681047,53.995464,-8.393217,40.750847
6.1379147,1.9310498,7.279528,-0.02321288,0.0729984,0.061086524,54.004314,-8.403635,40.747425
6.1158977,1.9237108,7.281975,-0.018325957,0.076358154,0.05589417,54.0213,-8.415903,40.743553
6.0938582,1.9163646,7.2844234,-0.008552114,0.06566802,0.061086524,54.019184,-8.433039,40.734688
6.0715494,1.9089282,7.286902,0.0009162979,0.07269296,0.06383542,54.018356,-8.452084,40.719852
6.0429244,1.8756225,7.285208,0.0012217305,0.062002823,0.062002823,54.016247,-8.473997,40.71031
6.0093045,1.8227911,7.280405,0.014966198,0.0693332,0.06383542,54.01007,-8.498955,40.694527
5.9816213,1.7896719,7.275681,0.022907447,0.06658431,0.056505036,54.00524,-8.52105,40.67822
5.9584126,1.7711049,7.2710395,0.028099801,0.057421334,0.059253927,53.996143,-8.542597,40.66284
5.947197,1.75603,7.272458,0.022907447,0.058643065,0.06719518,53.97734,-8.554038,40.641426
5.947197,1.744157,7.2795815,0.024740042,0.050701816,0.06780604,53.961918,-8.568455,40.6254
5.947197,1.7320459,7.2868485,0.03145956,0.056505036,0.05955936,53.943943,-8.5747,40.607327
5.947197,1.7200502,7.294046,0.02107485,0.03940081,0.06352998,53.92394,-8.575008,40.598957
5.948405,1.6973385,7.2987347,0.0143553335,0.041233405,0.060170226,53.90822,-8.580204,40.583157
5.950776,1.6641438,7.301106,0.009162978,0.03390302,0.0580322,53.892902,-8.582352,40.575222
5.953118,1.6313572,7.3034477,-0.0061086523,0.029626964,0.057421334,53.873108,-8.576317,40.564133
5.9554596,1.5985707,7.3057895,0.0018325958,0.03359759,0.06383542,53.85186,-8.573296,40.55319
5.9650035,1.5698858,7.3112183,-0.00061086525,0.027794369,0.062002823,53.836296,-8.565137,40.5471
5.983281,1.547039,7.320357,-0.010079277,0.024129177,0.05955936,53.818554,-8.556243,40.539677
5.9903564,1.5259894,7.3231072,-0.009773844,0.017715093,0.04886922,53.787556,-8.5394335,40.53405
5.976317,1.5072702,7.313748,-0.011911872,0.02443461,0.050701816,53.752857,-8.518611,40.52623
5.9595647,1.4885529,7.3111753,-0.026572637,0.027183503,0.044898596,53.722214,-8.494609,40.521255
5.9366026,1.4701835,7.324952,-0.022602014,0.015882496,0.04520403,53.68988,-8.47321,40.518673
5.9194484,1.4478197,7.334852,-0.022602014,0.014966198,0.038789943,53.654877,-8.448479,40.510357
5.9242935,1.4090594,7.330007,-0.032375857,0.019242255,0.037873644,53.618965,-8.421989,40.503933
5.9271946,1.3782111,7.327106,-0.037873644,0.013133603,0.032375857,53.583443,-8.394844,40.49509
5.9232163,1.3742331,7.3310843,-0.03604105,0.02107485,0.029321533,53.54674,-8.367511,40.481205
5.919177,1.3701937,7.3351235,-0.03848451,0.00580322,0.03023783,53.50894,-8.336222,40.471973
5.947494,1.3528962,7.339981,-0.044593163,0.0036651916,0.01863139,53.476074,-8.308068,40.456116
5.9816785,1.3333622,7.3448644,-0.03604105,-0.00061086525,0.016187929,53.441395,-8.281302,40.44573
5.968349,1.3397537,7.3496995,-0.04337143,0.002443461,0.0125227375,53.40145,-8.250579,40.43465
5.949063,1.3493968,7.3545213,-0.053450707,-0.006414085,0.009468411,53.36415,-8.22206,40.42798
5.959641,1.3420339,7.325952,-0.050396383,-0.024129177,0.0018325958,53.32866,-8.193775,40.425884
5.9733176,1.3329159,7.2940392,-0.058643065,-0.018325957,0.008246681,53.288868,-8.159584,40.420055
5.9856586,1.3350686,7.2918425,-0.0571159,-0.002443461,-0.0009162979,53.259068,-8.126358,40.420574
5.99745,1.3397851,7.296559,-0.057421334,-0.0076358155,0.00061086525,53.224766,-8.088787,40.42581
6.009345,1.3445433,7.301317,-0.05497787,-0.00030543262,-0.004886922,53.196186,-8.056005,40.427273
6.0212502,1.3493054,7.3060794,-0.06047566,0.0015271631,-0.005192355,53.16651,-8.021125,40.43163
6.0277557,1.3542745,7.314993,-0.052839845,0.0015271631,-0.0033597588,53.158024,-8.011573,40.432392
6.0326877,1.3592063,7.3248563,-0.055588737,0.0015271631,-0.0027488936,53.149685,-8.002188,40.433144
6.025301,1.3720373,7.338388,-0.05131268,-0.005192355,-0.0027488936,53.141285,-7.992731,40.4339
6.015757,1.3863529,7.3527036,-0.048563786,-0.004886922,-0.0027488936,53.116936,-7.963084,40.43326
6.0220404,1.4081511,7.3393764,-0.042760566,-0.01282817,-0.0015271631,53.10123,-7.944413,40.43101
6.0313973,1.4315438,7.320662,-0.03756821,-0.017104227,-0.0012217305,53.08591,-7.926865,40.427525
6.040722,1.4548556,7.318514,-0.036957346,-0.023518313,-0.009468411,53.077053,-7.908707,40.428192
6.049774,1.4774866,7.320777,-0.03145956,-0.025961773,-0.005497787,53.063812,-7.890919,40.42939
6.0589,1.5003008,7.323058,-0.032375857,-0.03390302,-0.00061086525,53.06008,-7.878839,40.437054
6.068132,1.5233803,7.325366,-0.028710667,-0.03390302,-0.0036651916,53.057568,-7.8700624,40.442673
6.0658,1.5381839,7.3409944,-0.03604105,-0.037873644,-0.005497787,53.049816,-7.856272,40.454006
6.0563474,1.5476372,7.3646274,-0.036957346,-0.04428773,0.0015271631,53.04036,-7.8439903,40.465897
6.0471067,1.5595952,7.3768587,-0.028405234,-0.042760566,-0.0018325958,53.03568,-7.843873,40.479023
6.0377593,1.5736158,7.381532,-0.035124753,-0.042760566,0.0021380284,53.026623,-7.8378253,40.49458
6.0311747,1.5845995,7.372652,-0.027794369,-0.04153884,0.0018325958,53.02034,-7.838844,40.50474
6.0266094,1.5937302,7.3498254,-0.032986723,-0.041233405,0.0021380284,53.012745,-7.8350363,40.514988
6.0339546,1.6013553,7.329748,-0.029626964,-0.043066,0.007941248,53.005466,-7.8360157,40.523872
6.059695,1.6065034,7.314304,-0.035430185,-0.036957346,0.004276057,53.0013,-7.8357186,40.529655
6.0716953,1.6139028,7.310853,-0.02687807,-0.034513887,0.0125227375,52.99099,-7.8347473,40.544346
6.0716953,1.6233397,7.3179307,-0.03481932,-0.030848695,0.012217305,52.985046,-7.831452,40.55587
6.0716953,1.632891,7.325094,-0.0290161,-0.027183503,0.010995574,52.969917,-7.8354554,40.57082
6.0716953,1.6420968,7.3319983,-0.038179077,-0.0290161,0.009468411,52.95575,-7.834734,40.585724
6.086643,1.6365337,7.3230214,-0.036651913,-0.033292156,0.01160644,52.94118,-7.8371677,40.599945
6.1204357,1.6123962,7.294057,-0.029932396,-0.028099801,0.015882496,52.926414,-7.8387327,40.611572
6.1425047,1.603098,7.2802587,-0.02107485,-0.025961773,0.009468411,52.929836,-7.8480673,40.618538
6.151447,1.6120403,7.28473,-0.021991149,-0.02107485,0.0125227375,52.927795,-7.85407,40.623753
6.1607823,1.6097943,7.2865024,-0.03145956,-0.021685716,0.0143553335,52.93395,-7.864161,40.62995
6.170959,1.579265,7.281414,-0.02076942,-0.0143553335,0.010995574,52.94002,-7.8785844,40.63232
6.1751146,1.5562042,7.2764473,-0.02687807,-0.01160644,0.011301007,52.94617,-7.8877144,40.637123
6.170305,1.5441804,7.2716374,-0.024129177,-0.016187929,0.018325957,52.95103,-7.900154,40.64204
6.165488,1.5321375,7.2668204,-0.03023783,-0.015271631,0.014660766,52.961403,-7.9030466,40.647724
6.160735,1.5202552,7.2620673,-0.018936822,-0.015882496,0.016798794,52.96739,-7.907915,40.65555
6.161616,1.5094067,7.2648125,-0.02076942,-0.01038471,0.0125227375,52.97654,-7.9105887,40.660652
6.170977,1.5000453,7.278855,-0.017104227,-0.0061086523,0.01863139,52.981087,-7.914526,40.666718
6.175571,1.4983909,7.285011,-0.025045475,0.00061086525,0.014966198,52.986286,-7.9143214,40.669155
6.170967,1.5122023,7.275803,-0.022602014,0.0018325958,0.017104227,52.98716,-7.9149656,40.67242
6.17018,1.522169,7.26771,-0.027488936,-0.0027488936,0.014966198,52.98863,-7.9117312,40.674377
6.1820984,1.5197854,7.262943,-0.03023783,0.007330383,0.019242255,52.98587,-7.907978,40.672234
6.193881,1.5174288,7.2582297,-0.031154128,0.019242255,0.01985312,52.974552,-7.9054084,40.675728
6.205887,1.5150276,7.2534275,-0.04062254,0.006414085,0.014966198,52.965065,-7.9007735,40.683075
