acc_x,acc_y,acc_z,gyro_x,gyro_y,gyro_z,azimuth,pitch,roll
1.955891,-15.29477,-4.244532,-1.5219707,1.5671748,1.0024298,127.682816,105.8471,-13.747969
2.260855,-14.338914,-3.029228,-1.7336355,1.5803084,0.7360926,128.3616,105.84296,-13.416063
2.5241313,-13.428189,-1.8047363,-1.9666806,1.2657127,0.4654793,129.02753,105.72932,-12.933328
2.6143959,-12.630852,-0.39059126,-2.1594086,0.6591236,0.19211712,129.58961,105.63186,-12.416863
2.6685662,-11.904335,0.7988237,-2.2397375,-0.11575896,-0.04886922,129.91162,105.49861,-11.907794
2.6173666,-11.375274,1.3449517,-2.2131648,-0.9425651,-0.2574797,130.03635,105.37074,-11.388042
2.5651464,-10.849873,1.8856455,-2.0717494,-1.6108516,-0.42943826,129.85272,105.273,-10.9705305
1.9644964,-10.578611,1.4739095,-1.8551978,-2.0161607,-0.6059783,129.50554,105.13241,-10.53558
1.3166918,-10.307816,1.0483294,-1.6178766,-2.1798725,-0.7874053,128.98097,104.95348,-10.143094
0.4996842,-10.2239065,0.7303588,-1.4101825,-2.221717,-0.9569204,128.377,104.7169,-9.729233
-0.44318092,-10.111434,0.35439202,-1.2324207,-2.1361957,-1.0751228,127.76201,104.51494,-9.371755
-1.0983474,-9.841399,-0.017459255,-1.0864239,-1.964848,-1.0943651,127.16648,104.27388,-9.002469
-1.8507725,-9.5137205,-0.42845285,-0.95233893,-1.7931949,-1.0479393,126.59998,104.07905,-8.747274
-2.3714585,-9.074795,-0.51881987,-0.83016586,-1.6471981,-0.94042706,126.08747,103.87106,-8.506596
-2.9173694,-8.614605,-0.61356467,-0.7666359,-1.5745052,-0.8002335,125.63251,103.75284,-8.402673
-3.2586997,-7.826387,-0.8036734,-0.74097955,-1.5647314,-0.60048056,125.21655,103.65009,-8.347794
-3.5738628,-7.016593,-1.0006504,-0.7678576,-1.5274686,-0.4999932,124.83628,103.55615,-8.303755
-3.5448177,-6.791965,-1.3448235,-0.7825184,-1.4465289,-0.28771752,124.42042,103.60423,-8.434691
-3.3941088,-6.7819176,-1.731643,-0.8231409,-1.325883,-0.0852157,124.03518,103.677795,-8.586026
-3.0241275,-6.85747,-1.9026445,-0.8567385,-1.1456778,0.08552113,123.642784,103.88076,-8.826738
-2.618474,-6.947615,-2.033355,-0.874759,-0.95172805,0.23243423,123.30122,104.118095,-9.108906
-2.1323023,-7.1920385,-1.9977031,-0.88147855,-0.77854776,0.36560285,123.037994,104.41728,-9.392532
-1.6191466,-7.4918027,-1.9011688,-0.86315256,-0.679893,0.462425,122.81761,104.73037,-9.697673
-1.256085,-7.7859845,-1.866218,-0.82986045,-0.66798115,0.51343226,122.67391,105.031395,-9.9581375
-0.9277184,-8.072132,-1.8427633,-0.7837401,-0.7171558,0.5314528,122.546684,105.33032,-10.22895
-0.7261028,-8.28143,-1.9393992,-0.73426,-0.79717916,0.5335908,122.46711,105.55307,-10.438223
-0.5534995,-8.471737,-2.058894,-0.6924158,-0.88361657,0.5207626,122.37244,105.76025,-10.644066
-0.47687027,-8.589265,-2.213501,-0.6786713,-0.95081174,0.4914411,122.27034,105.923706,-10.790552
-0.44635075,-8.6706505,-2.3813584,-0.6948592,-1.0235047,0.45112398,122.141655,106.07426,-10.930735
-0.52885294,-8.653044,-2.4538352,-0.73884153,-1.0894781,0.41141775,121.99978,106.22773,-11.03374
-0.63852346,-8.6119175,-2.5041008,-0.81000733,-1.1716396,0.36193767,121.83231,106.37548,-11.125528
-0.8379256,-8.541843,-2.508442,-0.88270026,-1.2483032,0.32895094,121.65336,106.55178,-11.212203
-1.0811093,-8.457474,-2.4935532,-0.9825767,-1.3112222,0.30818152,121.45687,106.73586,-11.291276
-1.308934,-8.384055,-2.436858,-1.0775663,-1.3396275,0.29718593,121.24263,106.940216,-11.377661
-1.5343745,-8.313328,-2.3661315,-1.1695015,-1.325883,0.31948254,121.02867,107.16064,-11.467604
-1.7842535,-8.233836,-2.280746,-1.246776,-1.317331,0.34972036,120.77916,107.41962,-11.593295
-2.0528252,-8.147692,-2.1844656,-1.3222178,-1.2776246,0.3747658,120.54945,107.691826,-11.718368
-2.2354224,-8.045426,-2.0997226,-1.357648,-1.2299771,0.42485678,120.29592,107.99924,-11.897011
-2.3775573,-7.9375997,-2.0213032,-1.4019357,-1.1835514,0.47891834,120.0612,108.31868,-12.076864
-2.5340953,-7.948389,-1.9636058,-1.4245378,-1.1386528,0.5488624,119.801506,108.67068,-12.307822
-2.6956735,-7.999171,-1.912824,-1.4514158,-1.0906999,0.602924,119.563614,109.02831,-12.540601
-2.8165395,-8.142066,-1.744026,-1.4367551,-1.0525209,0.66950834,119.31142,109.40869,-12.815172
-2.9176023,-8.329754,-1.5178381,-1.4110987,-1.028697,0.74067414,119.077675,109.79118,-13.097206
-2.9950902,-8.613206,-1.2643632,-1.3796391,-1.026559,0.79045963,118.83487,110.173836,-13.410135
-3.062088,-8.943408,-0.9963725,-1.3469579,-1.0433578,0.840856,118.60253,110.5525,-13.7350025
-3.0262654,-9.33103,-0.75016737,-1.3100005,-1.0775663,0.8677341,118.32627,110.906425,-14.081413
-2.9408097,-9.748813,-0.5127907,-1.2791518,-1.1282681,0.89675015,118.04775,111.252914,-14.435512
-2.7988732,-10.199026,-0.34347492,-1.2232577,-1.1679744,0.9104946,117.72209,111.55046,-14.800425
-2.6284528,-10.662948,-0.21092579,-1.1404854,-1.1969905,0.92149025,117.3895,111.830215,-15.164505
-2.4078796,-11.063757,-0.18547778,-1.0329732,-1.2311989,0.91690874,117.01185,112.04861,-15.512868
-2.1576457,-11.430171,-0.2212255,-0.91690874,-1.2748758,0.9007208,116.62466,112.240074,-15.852578
-1.8559299,-11.653259,-0.36641815,-0.7788532,-1.3106114,0.8790351,116.200745,112.393135,-16.175718
-1.4986418,-11.728246,-0.626665,-0.65179324,-1.2986995,0.8558222,115.77796,112.51699,-16.483702
-1.1263801,-11.76345,-0.93263334,-0.5112942,-1.2229522,0.8335256,115.369965,112.59902,-16.746866
-0.71435046,-11.711946,-1.344663,-0.37598756,-1.0803152,0.79320854,114.98272,112.64675,-16.98457
-0.2805523,-11.658252,-1.685134,-0.28130344,-1.0045679,0.77304995,114.651344,112.68273,-17.160952
0.18665224,-11.601043,-1.9425734,-0.24220806,-0.8173377,0.75900006,114.39144,112.69503,-17.304144
0.62820166,-11.503653,-2.0439844,-0.16584991,-0.6236934,0.73548174,114.222046,112.69615,-17.377295
1.037976,-11.353792,-1.9432969,-0.09773844,-0.46822822,0.71593404,114.09484,112.68803,-17.434748
1.442277,-11.205934,-1.8439543,-0.049480084,-0.39584067,0.67103547,114.05433,112.65783,-17.408226
1.8568712,-11.05431,-1.7420826,-0.04642576,-0.41599923,0.58123827,114.02553,112.60872,-17.359716
2.1304295,-10.985056,-1.6234019,-0.07238753,-0.47800204,0.4456262,113.993515,112.54494,-17.291512
2.1440108,-11.075597,-1.4604268,-0.11056661,-0.5519168,0.27152961,113.94087,112.4548,-17.19137
2.0888064,-11.21529,-1.312053,-0.1740966,-0.589485,0.076052725,113.89053,112.28498,-16.96743
1.7349834,-11.579369,-1.2094955,-0.24831672,-0.5891795,-0.092240654,113.816925,112.09442,-16.708792
1.3315088,-11.936582,-1.0945845,-0.31856623,-0.5491679,-0.20922135,113.704414,111.87562,-16.423439
0.77000654,-12.314062,-0.9388737,-0.3817908,-0.4972443,-0.2761111,113.58546,111.64839,-16.109821
0.21872672,-12.631038,-0.8296596,-0.4251622,-0.4456262,-0.27947086,113.43003,111.43356,-15.828209
-0.3283125,-12.78245,-0.854081,-0.43493605,-0.38056904,-0.23945917,113.2911,111.224724,-15.541874
-0.78297627,-12.958981,-0.91031885,-0.39492437,-0.28619036,-0.19914207,113.11011,111.03905,-15.334963
-1.0200483,-13.210278,-1.052562,-0.29840767,-0.16126843,-0.16890424,112.95919,110.85464,-15.1347475
-1.1685815,-13.478949,-1.1702014,-0.16126843,-0.009468411,-0.16493362,112.80801,110.707695,-15.010094
-1.0484179,-13.820212,-1.2182668,0.01740966,0.14294247,-0.16157386,112.69582,110.543175,-14.887985
-0.91033167,-14.169222,-1.2117221,0.22113322,0.3051272,-0.19303341,112.62656,110.37016,-14.774096
-0.7104225,-14.554761,-1.030852,0.42302418,0.3817908,-0.22052236,112.57779,110.1687,-14.6604805
-0.52489215,-14.931126,-0.82842624,0.64965516,0.5213735,-0.24617869,112.596985,109.908035,-14.504127
-0.39172438,-15.268801,-0.5573347,0.76174897,0.62796944,-0.30634892,112.6249,109.62472,-14.332047
-0.2749201,-15.602725,-0.3034847,0.9776898,0.67164636,-0.36957347,112.65432,109.2348,-14.122795
-0.21717338,-15.925144,-0.110995665,1.1847731,0.6630942,-0.4596761,112.69454,108.8176,-13.891723
-0.18037285,-16.18122,0.07026853,1.3924674,0.6246097,-0.54458636,112.70358,108.31362,-13.633293
-0.21842563,-16.209759,0.22247966,1.5919148,0.5543602,-0.6398814,112.6973,107.76641,-13.356587
-0.2554761,-16.147533,0.3605,1.7767016,0.47219884,-0.7415904,112.65212,107.14936,-13.055682
-0.28906175,-15.706121,0.44206524,1.9572122,0.3998113,-0.84971356,112.58815,106.49534,-12.73767
-0.30170345,-15.211682,0.52611697,2.1560488,0.3277292,-0.9306532,112.45318,105.78133,-12.415858
-0.15905327,-13.719353,0.6891387,2.68628,0.11362094,-1.0473285,112.18017,104.337074,-11.764926
-0.25079623,-13.04963,0.23042393,2.9911017,0.0106901415,-1.1004738,111.98934,103.569786,-11.431494
-0.39055157,-12.345994,-0.27219123,3.278819,-0.04795292,-1.1780536,111.79171,102.794044,-11.096201
-1.1538758,-12.051514,-0.81852996,3.549127,-0.03176499,-1.276403,111.58958,102.01103,-10.746743
-1.9532794,-11.7431135,-1.3906918,3.7372735,0.076052725,-1.3991868,111.45847,101.285225,-10.39234
-2.6011372,-11.658133,-2.0232396,3.8029416,0.30818152,-1.4850134,111.37174,100.59301,-10.025206
-3.1600769,-11.691861,-2.678548,3.7250562,0.5723807,-1.5231925,111.32881,99.95249,-9.643724
-3.6659954,-11.85669,-3.1549933,3.545462,0.8378017,-1.5189165,111.38219,99.56507,-9.416998
-4.1409054,-12.08239,-3.5405636,3.3588426,1.0671816,-1.4856243,111.503746,99.242905,-9.194006
-4.67337,-12.392317,-3.6838763,3.1700852,1.1725558,-1.4504995,111.68323,99.12344,-9.112375
-5.2286253,-12.743005,-3.6936176,2.9856038,1.2678508,-1.4278975,111.92601,99.036575,-9.036534
-5.7939563,-13.084517,-3.5081816,2.8997774,1.2412782,-1.4083499,112.178246,80.93194,-9.064026
-6.368151,-13.42444,-3.2325678,2.7608054,1.07665,-1.4223998,112.41699,80.90712,-9.07941
-6.8593793,-13.672599,-2.978245,2.6355782,0.80573124,-1.4746287,112.68405,80.89193,-9.076298
-7.306369,-13.864165,-2.7319446,2.542421,0.4279111,-1.5467108,112.86755,80.88763,-9.057212
-7.630517,-14.098414,-2.8880646,2.4862216,0.061086524,-1.6520851,113.00743,80.888565,-9.015896
-7.822916,-14.376887,-3.4703245,2.3985624,-0.14355333,-1.8332067,113.08101,80.92917,-8.928863
-7.584974,-14.16543,-3.9298644,2.1792617,-0.094989546,-2.0787745,113.14448,81.00016,-8.796375
-7.054916,-13.6213,-4.3051267,1.8527542,0.101098195,-2.218968,113.18938,81.093704,-8.643628
-6.3847175,-12.835655,-4.264937,1.5711454,0.32528573,-2.2385156,113.32726,81.24339,-8.448634
-5.605507,-11.860417,-3.892484,1.3747523,0.4392121,-2.159714,113.48145,81.416145,-8.246248
-4.8818245,-11.139471,-3.6694841,1.3344351,0.5366451,-2.0164661,113.72984,81.63991,-8.009173
-4.189142,-10.581607,-3.5439646,1.3026701,0.65087694,-1.8124372,114.00395,81.835365,-7.8182287
-3.4727597,-10.190856,-3.3018837,1.3362677,0.83658,-1.6362026,114.30743,82.03878,-7.602415
-2.725247,-9.940077,-2.9546518,1.4468343,1.0735956,-1.5060883,114.65076,82.19034,-7.438782
-2.0421796,-9.62824,-2.7253041,1.591304,1.3469579,-1.426065,115.04432,82.35079,-7.2563477
-1.4237889,-9.271475,-2.5968692,1.7776178,1.6636915,-1.3454307,115.512024,82.45838,-7.1185946
-1.0317127,-9.154148,-2.1012383,2.0534234,1.8863518,-1.2944235,115.99875,82.55643,-6.9627185
-0.8326492,-9.240107,-1.2959363,2.3243423,1.9257526,-1.3041973,116.515816,82.62632,-6.8162003
-0.63030154,-9.3667345,-0.39982346,2.488054,1.8863518,-1.3023647,117.06765,82.704384,-6.623622
-0.42652115,-9.545664,0.6041679,2.5042422,1.7293595,-1.2880094,117.5865,82.75467,-6.4354954
-0.21148944,-9.659887,1.1479132,2.460565,1.473407,-1.2333369,118.034966,82.7382,-6.215255
0.015490562,-9.710842,1.2405581,2.2742512,1.2253957,-1.171945,118.42911,82.708374,-6.006227
0.24329408,-9.725663,1.0756495,2.0549507,1.16492,-1.1120802,118.787926,82.599396,-5.7464776
0.48155397,-9.6923065,0.5562429,1.881465,1.2651019,-1.0626001,119.114914,82.464554,-5.5099497
0.6244972,-9.542265,-0.087803215,1.7635679,1.4052955,-0.990518,119.44711,82.31585,-5.262232
0.6292972,-9.230264,-0.8942056,1.6924021,1.5580118,-0.91721416,119.80553,82.15767,-5.040926
0.50023234,-8.943449,-1.7243968,1.6313156,1.7626517,-0.81183994,120.25196,82.04685,-4.8280635
0.18552896,-8.68891,-2.594459,1.6230689,2.002111,-0.729984,120.74421,81.92119,-4.6420856
-0.12244625,-8.392972,-3.4058778,1.6105462,2.2379048,-0.6737844,121.33168,81.87274,-4.4965096
-0.4233865,-8.013097,-4.1212277,1.6022996,2.425746,-0.6407976,121.962265,81.819214,-4.3753343
-0.6739931,-7.668722,-4.577887,1.6136005,2.568383,-0.5891795,122.73822,81.795425,-4.2743416
-0.85179573,-7.373731,-4.6506248,1.6606371,2.6041186,-0.5421429,123.52566,81.76693,-4.1829567
-1.0381186,-7.063296,-4.715209,1.6960673,2.595261,-0.49938235,124.41247,81.761566,-4.1167097
-1.2099549,-6.761421,-4.636257,1.690875,2.5787675,-0.4718934,125.29786,81.75659,-4.0594487
-1.3887392,-6.4416485,-4.537199,1.6728544,2.538756,-0.4615087,126.184,81.729355,-4.028911
-1.5128473,-6.150637,-4.2633057,1.6212363,2.4740043,-0.45448375,127.0506,81.7155,-4.003045
-1.6369802,-5.8595667,-3.9893572,1.5570955,2.4098635,-0.46883908,127.908295,81.68102,-3.9938822
-1.7080474,-5.619912,-3.653858,1.4895949,2.3289237,-0.47494772,128.73647,81.66507,-3.98576
-1.7683738,-5.3925276,-3.3104615,1.4059063,2.2708917,-0.47983465,129.54765,81.67779,-3.9715877
-1.8042382,-5.148765,-2.7740922,1.3625349,2.1529946,-0.48808134,130.29655,81.65031,-3.9711397
-1.8328968,-4.9051666,-2.196144,1.2464706,2.0244074,-0.5112942,131.02184,81.671295,-3.9618027
-1.8691375,-4.4679604,-1.1740452,1.0925325,1.8997909,-0.5335908,131.7022,81.652374,-3.9554904
-1.9064468,-3.9922678,-0.06409612,0.9388999,1.7809776,-0.528093,132.3433,81.667145,-3.9460151
-1.9863214,-3.8042676,0.471437,0.7696902,1.6707164,-0.52015173,132.91599,81.64155,-3.9311101
-2.0807786,-3.7053127,0.83127326,0.5983425,1.5864171,-0.49388456,133.45753,81.6559,-3.9196615
-2.186129,-3.6588316,1.0429691,0.41080686,1.5439619,-0.4746423,133.8916,81.545296,-3.90188
-2.2995193,-3.6440415,1.1662192,0.23426682,1.5351044,-0.44715336,134.30502,81.472755,-3.8927555
-2.3458617,-3.6422267,1.2157983,0.06383542,1.5583172,-0.4202753,134.6938,81.36927,-3.9012141
-2.3595235,-3.6467807,1.2294601,-0.099571034,1.5922203,-0.38453966,135.07603,81.30589,-3.9203613
-2.3243272,-3.621334,1.2024928,-0.24220806,1.6126842,-0.35094208,135.46523,81.239,-3.9690661
-2.2512245,-3.572599,1.1440107,-0.39187005,1.6123788,-0.32284227,135.8507,81.21245,-4.0260983
-2.1263201,-3.5201674,1.0816898,-0.52381694,1.5961909,-0.2996294,136.24681,81.19743,-4.098007
-1.9681565,-3.4657986,1.0174359,-0.64568454,1.5525141,-0.27947086,136.62755,81.21396,-4.1742406
-1.8188436,-3.4627314,0.9869394,-0.7443393,1.486846,-0.26206118,137.01093,81.252594,-4.246195
-1.6720191,-3.4856725,0.9731746,-0.8402451,1.4052955,-0.23945917,137.37021,81.31569,-4.3207436
-1.543804,-3.5776165,0.99556166,-0.92057395,1.2910637,-0.23518312,137.70978,81.40396,-4.3602014
-1.4269665,-3.7249331,1.0463605,-0.9984592,1.1753048,-0.22999077,138.01936,81.50962,-4.4008574
-1.3764783,-3.9161263,1.1329379,-1.0662653,1.0418307,-0.23793201,138.29857,81.62588,-4.3937283
-1.3582784,-4.1299753,1.2375873,-1.1270463,0.9669997,-0.24312437,138.55695,81.75628,-4.3851185
-1.424689,-4.2366505,1.3151603,-1.1679744,0.8029824,-0.24984388,138.76164,81.87316,-4.3288493
-1.5572495,-4.260322,1.371972,-1.2247849,0.6178902,-0.28160888,138.937,82.01214,-4.260547
-1.695884,-4.415743,1.4240149,-1.2873985,0.4370741,-0.31429017,139.07701,82.11861,-4.167597
-1.8378856,-4.6808124,1.4713488,-1.3414601,0.2864958,-0.31673363,139.17198,82.23657,-4.0714383
-1.9911089,-4.8431087,1.4679105,-1.4040737,0.13500121,-0.34391713,139.23076,82.35172,-4.0038414
-2.1545925,-4.9112267,1.4179572,-1.4828753,-0.0033597588,-0.35460728,139.24934,82.47989,-3.9376311
-2.283474,-5.1158304,1.423619,-1.5690074,-0.057421334,-0.31123585,139.26117,82.594376,-3.920876
-2.3627462,-5.512192,1.5078458,-1.6597209,-0.08399397,-0.25717425,139.24138,82.72536,-3.902244
-2.3722298,-6.104952,1.7091861,-1.7599027,-0.08032878,-0.18142697,139.21017,82.87004,-3.9508681
-2.3060963,-6.917448,2.0398533,-1.8383989,-0.046731193,-0.100792766,139.17749,83.01263,-4.016769
-2.2362056,-7.8837786,2.4730518,-1.8600847,0.028405234,-0.020463986,139.16106,83.11647,-4.1179686
-2.1609523,-9.050203,3.0374506,-1.8356501,0.10781772,0.086132,139.15094,83.198135,-4.249361
-1.9846567,-10.263853,3.6877015,-1.7418822,0.22235495,0.17470746,139.19258,83.17567,-4.3679004
-1.6639707,-11.539225,4.4580846,-1.5949692,0.35002577,0.23762658,139.25438,83.12152,-4.508498
-1.3465465,-12.801623,5.220632,-1.35551,0.43157628,0.27916542,139.3388,82.93847,-4.6498804
-0.6686755,-14.376374,6.390425,-1.0097603,0.5006041,0.2415972,139.44995,82.71908,-4.78421
0.07969179,-15.98751,7.6297593,-0.5702427,0.48472157,0.082161374,139.55536,82.4585,-4.889998
1.1170211,-16.949068,8.279744,-0.14110987,0.45723262,-0.1591304,139.66235,82.12579,-4.9025035
2.1952126,-17.741304,8.781338,0.20769419,0.4972443,-0.42149702,139.78815,81.76322,-4.8644433
3.2046764,-18.229635,8.592707,0.33444872,0.6936375,-0.55863625,139.9318,81.39092,-4.710963
4.1673493,-18.624935,8.2299595,0.56016344,0.93523467,-0.8060367,140.11981,80.973366,-4.464611
4.6000237,-18.279192,7.9491982,0.7275405,1.0616838,-0.89552844,140.37437,80.61352,-4.0809855
4.852222,-17.704739,7.7016706,0.8668178,1.0372492,-0.88086766,140.66579,80.20453,-3.6811645
4.2089095,-15.993473,7.4258833,0.958753,0.9111055,-0.7852673,141.05553,79.889595,-3.1599343
3.2409444,-13.8892,7.1453137,0.9935723,0.80573124,-0.6588182,141.44145,79.52427,-2.6789665
2.0866299,-11.504254,6.643378,0.92271197,0.75869465,-0.53969944,141.82233,79.17279,-2.2099295
0.8989923,-9.0955925,6.0662527,0.7800749,0.7788532,-0.453262,142.18567,78.814476,-1.7871233
-0.15308487,-7.0256424,5.3021154,0.57543504,0.8790351,-0.38148534,142.47554,78.42091,-1.5500064
-1.133022,-5.1264305,4.4761686,0.31612277,1.0128145,-0.30298916,142.7744,78.08476,-1.3493637
-1.8277942,-3.7924538,3.6897225,0.04337143,1.1169671,-0.21991149,143.00911,77.77653,-1.346612
-2.379234,-2.7423208,2.9272969,-0.21594086,1.1484267,-0.12217305,143.25177,77.541016,-1.3744153
-2.8819106,-2.6888351,2.4240355,-0.44135013,1.0836749,-0.004276057,143.45444,77.40194,-1.5888819
-3.3793492,-3.125267,2.0298388,-0.64873886,0.88270026,0.12461651,143.60982,77.32582,-1.824223
-3.7025511,-4.065495,1.9422553,-0.8765916,0.5748242,0.25961772,143.68214,77.33377,-2.1342857
-3.9300623,-5.4107785,2.056011,-1.1139128,0.21227567,0.39920044,143.66797,77.38401,-2.4646652
-4.1491623,-7.051812,2.176176,-1.3848315,-0.17867808,0.5448918,143.54146,77.512,-2.8646917
-4.361887,-8.848154,2.2990837,-1.6639969,-0.66889745,0.6844745,143.27554,77.6763,-3.2758145
-4.537457,-10.913528,2.0707257,-1.9230038,-1.2156218,0.8323039,142.87642,77.88552,-3.7283344
-4.688597,-13.128679,1.626751,-2.1450534,-1.4871514,0.9807441,142.40968,78.10847,-4.2076254
-5.1142416,-14.8661,0.6682832,-2.2336287,-2.0094411,1.0546589,141.73953,78.34296,-4.6805177
-5.7189703,-16.254557,-0.62341696,-2.3435845,-2.4642303,1.2202033,141.0046,78.55475,-5.2064333
-5.8093176,-17.192204,-1.5188025,-2.310598,-2.673757,1.3295482,140.26619,78.81607,-5.682287
-5.585258,-17.864382,-2.1816452,-2.0693061,-2.5857925,1.3591752,139.49164,78.9766,-6.1673617
-4.7593865,-18.351076,-1.8447912,-1.6441438,-2.2275202,1.258077,138.79362,79.18328,-6.657544
-3.45086,-18.698729,-0.7197479,-1.0354166,-1.7030923,1.0216721,138.18315,79.250786,-7.119664
-2.5274947,-18.5635,0.40893716,-0.36865717,-1.2351695,0.7131852,137.73526,79.32779,-7.469253
-1.8893315,-18.06715,1.5434494,0.16798794,-1.0574077,0.37507126,137.36852,79.32961,-7.74574
-1.5167603,-17.057209,2.1157777,0.48197266,-1.0036516,0.11148291,137.17456,79.29211,-7.8127956
-1.3651146,-15.616575,2.2200344,0.5534439,-0.82253003,-0.07696902,137.07846,79.251144,-7.816596
-1.2237322,-13.865025,2.0674143,0.46670106,-0.5522222,-0.19975294,137.02136,79.15197,-7.72576
-1.0949861,-11.88138,1.6907126,0.3399465,-0.36285394,-0.26389378,136.99854,79.07291,-7.607763
-1.1045282,-9.947977,1.2522697,0.226631,-0.27152961,-0.27947086,137.0014,78.99363,-7.495707
-1.2375008,-8.057868,0.75837183,0.09865474,-0.31978795,-0.26450464,137.01906,78.95043,-7.380145
-1.4167439,-6.327339,-0.0032734557,-0.06536258,-0.5534439,-0.20952678,137.00511,78.92921,-7.286313
-1.6388366,-4.758513,-1.0145046,-0.27305678,-0.8304713,-0.14080444,136.96281,78.93988,-7.199274
-1.9656473,-3.3984332,-1.8988984,-0.5357288,-1.0732902,-0.024740042,136.83778,78.97293,-7.178354
-2.4023807,-2.2572913,-2.6502674,-0.8472701,-1.3164146,0.11178834,136.63188,79.042435,-7.1733947
-2.8230176,-1.3531617,-3.3002026,-1.1554517,-1.6123788,0.25320363,136.2775,79.22578,-7.2124133
-3.2303257,-0.730495,-3.833917,-1.4850134,-1.7739527,0.37293324,135.8892,79.44764,-7.2842865
-3.580397,-0.29229715,-4.305971,-1.8203784,-2.137723,0.42149702,135.33948,79.71074,-7.427059
-3.8597026,-0.12569378,-4.7077794,-1.9862283,-2.4782803,0.51923543,134.74496,79.93913,-7.6230516
-4.089751,-0.16371417,-5.069117,-2.2843306,-2.7525587,0.61391956,134.06114,80.18109,-7.8961744
-4.2646427,-0.5134976,-5.399468,-2.5332582,-3.0369165,0.6774496,133.2767,80.35693,-8.192784
-4.3252583,-0.94449234,-5.587634,-2.6853635,-3.212235,0.70066243,132.4497,80.45186,-8.555101
-4.2154913,-1.5390607,-5.5739136,-2.6673431,-3.2418618,0.70341134,131.58537,80.43788,-8.94576
-4.0577216,-2.1340814,-5.5892863,-2.5341744,-3.2140675,0.711658,130.70456,80.30801,-9.373325
-3.7665656,-2.7600675,-5.681486,-2.322204,-3.1117475,0.73456544,129.8419,80.0479,-9.825952
-3.523624,-3.4197795,-5.679495,-2.1013765,-2.9538388,0.8063421,129.02293,79.697945,-10.276377
-3.378881,-4.2415442,-5.4320316,-1.8304577,-2.7293458,0.91538155,128.25963,100.75927,-10.759123
-3.2178774,-5.109177,-5.2760143,-1.5305228,-2.5525005,1.0118983,127.56648,101.22452,-11.196326
-2.9744933,-6.2545147,-5.4669037,-1.2760975,-2.3973405,1.1340714,126.940475,101.77335,-11.680394
-2.761191,-7.563239,-5.618905,-1.0656544,-2.0943515,1.3390167,126.42504,102.33798,-12.165642
-2.6748974,-9.605518,-5.6045227,-0.81092364,-1.643533,1.5396858,126.00773,102.93878,-12.682548
-2.527913,-11.578791,-5.6107388,-0.61758476,-1.1377366,1.6533068,125.75181,103.4762,-13.122906
-2.0630782,-13.489779,-5.718731,-0.6026186,-0.6053675,1.6911805,125.64514,104.04839,-13.586688
-1.5473238,-15.243511,-5.7881474,-0.68875057,-0.105374254,1.6936239,125.72745,104.504074,-13.936293
-0.58727926,-15.975195,-5.569108,-0.7996226,0.3472769,1.704925,125.95524,104.97144,-14.282302
0.3741919,-16.6396,-5.3233743,-0.9618073,0.7141015,1.6811012,126.36803,105.23875,-14.406548
1.1277621,-16.32807,-4.8097677,-1.1691961,0.84971356,1.5806139,126.83649,105.51276,-14.5102825
1.8958715,-16.010527,-4.2862515,-1.2779301,1.0332786,1.4993688,127.47205,105.56213,-14.384789
2.4142122,-15.297927,-3.529692,-1.4941764,1.0769554,1.2702943,128.08565,105.6071,-14.206561
2.8683658,-14.520717,-2.7431169,-1.6786577,0.9428705,0.9407325,128.68135,105.641945,-13.992483
3.2113242,-13.519737,-1.5502266,-1.8503108,0.5357288,0.57940567,129.21933,105.44662,-13.568517
3.5148358,-12.501805,-0.30349383,-1.9767599,-0.10262536,0.26206118,129.63055,105.24376,-13.107063
3.618097,-11.6664295,0.5022904,-2.0167716,-0.8597928,0.0015271631,129.82507,104.96799,-12.58445
3.6649523,-10.87926,1.1863775,-1.9691241,-1.6194037,-0.19028452,129.82878,104.68349,-12.047114
3.305579,-10.378537,1.1374631,-1.8527542,-2.223855,-0.32925636,129.55437,104.4006,-11.56286
2.799536,-9.983916,0.82176656,-1.6526959,-2.5213463,-0.45204028,129.15668,104.08386,-11.067866
2.022713,-9.75908,0.13916963,-1.4288138,-2.5079072,-0.5671884,128.61156,103.76024,-10.615342
1.1031569,-9.615399,-0.7324927,-1.1991285,-2.2473733,-0.6585127,128.06245,103.394196,-10.148546
0.2341239,-9.405658,-1.4682503,-0.9963212,-1.8573358,-0.69913524,127.55105,103.09372,-9.750972
-0.6236968,-9.158489,-2.1467526,-0.8164214,-1.4071281,-0.66889745,127.14312,102.76349,-9.34439
-1.3572432,-8.882946,-2.3001823,-0.6627888,-1.0262536,-0.5748242,126.91353,102.517845,-9.051863
-2.0174026,-8.60002,-2.2058737,-0.5363397,-0.799928,-0.44318274,126.77905,102.27101,-8.778167
-2.4581757,-8.252376,-1.9850632,-0.48380527,-0.6597345,-0.2779437,126.705414,102.21004,-8.654428
-2.78587,-7.8724394,-1.7001114,-0.49388456,-0.6096435,-0.070249505,126.68035,102.17586,-8.578426
-2.6970732,-7.753336,-1.3029711,-0.5571091,-0.5858198,0.12889257,126.59734,102.27276,-8.64801
-2.3787372,-7.7770925,-0.84209657,-0.66523224,-0.5815437,0.30604348,126.53254,102.41574,-8.767515
-1.9614131,-7.8953733,-0.6230556,-0.7538077,-0.5687156,0.36865717,126.42313,102.61158,-8.96879
-1.4812734,-8.071266,-0.5469938,-0.79290307,-0.55863625,0.47128254,126.32465,102.85844,-9.227076
-1.0483922,-8.218968,-0.5508685,-0.8530733,-0.56199604,0.5320636,126.24867,103.046104,-9.462409
-0.64241636,-8.3496275,-0.60686517,-0.870483,-0.593761,0.56779927,126.16816,103.24327,-9.712719
-0.32609525,-8.482048,-0.7329444,-0.86070913,-0.65270954,0.5742133,126.09394,103.414856,-9.908747
-0.091510534,-8.611309,-0.91007984,-0.8228355,-0.70432764,0.55924714,126.011444,103.5813,-10.103183
0.01944028,-8.726191,-1.0751823,-0.77854776,-0.73456544,0.5222898,125.920235,103.72797,-10.23305
0.03765032,-8.835451,-1.2390728,-0.75136423,-0.7669413,0.47311515,125.81305,103.85977,-10.353911
-0.0025227312,-8.8947525,-1.3857836,-0.72692966,-0.8197812,0.4129449,125.70117,103.98143,-10.427779
-0.122107275,-8.8897705,-1.5153334,-0.72356987,-0.8863655,0.33933565,125.57506,104.08476,-10.484349
-0.30507064,-8.861235,-1.5967457,-0.7318166,-0.9825767,0.28069258,125.43673,104.19127,-10.526968
-0.55362177,-8.808656,-1.6302046,-0.7593055,-1.0607675,0.23273966,125.28414,104.28475,-10.55384
-0.82850206,-8.735511,-1.6681004,-0.79229224,-1.1291844,0.21655174,125.12129,104.38744,-10.592252
-1.1323464,-8.640559,-1.7108285,-0.8390234,-1.1582005,0.20158553,124.94839,104.48567,-10.61958
-1.3965398,-8.532082,-1.7312422,-0.88422745,-1.1533136,0.22296582,124.739105,104.63971,-10.699778
-1.6246696,-8.403758,-1.7264895,-0.95081174,-1.1282681,0.25259277,124.531166,104.80061,-10.777653
-1.8479292,-8.278174,-1.7218382,-1.0064005,-1.0864239,0.3005457,124.30907,105.01506,-10.914017
-2.0775921,-8.148989,-1.7170537,-1.0571023,-1.0238101,0.36682457,124.10674,105.24367,-11.05841
-2.2702847,-8.056924,-1.7160622,-1.1050552,-0.95233893,0.44226643,123.91495,105.50029,-11.218199
-2.4256246,-8.013234,-1.7209166,-1.1417072,-0.929126,0.52473325,123.73521,105.77058,-11.393548
-2.5204496,-8.011551,-1.7098287,-1.1917981,-0.88606006,0.55680364,123.5353,106.100235,-11.631939
-2.525175,-8.077705,-1.6720262,-1.1969905,-0.8194757,0.63132924,123.35937,106.44214,-11.895691
-2.5175982,-8.166899,-1.622802,-1.2119566,-0.75594574,0.70646566,123.174416,106.809235,-12.1748
-2.4839168,-8.311248,-1.5458162,-1.219287,-0.70402217,0.7690793,123.012115,107.177124,-12.460992
-2.4312174,-8.481347,-1.4496638,-1.2052372,-0.6731735,0.8332202,122.85753,107.548454,-12.758554
-2.3304622,-8.726038,-1.30093,-1.1905763,-0.66523224,0.8765916,122.71661,107.91756,-13.057797
-2.2172956,-8.987868,-1.1288394,-1.1707232,-0.68386364,0.91446525,122.57398,108.266945,-13.354912
-2.065299,-9.310862,-0.8865948,-1.1432343,-0.7266242,0.9239337,122.429726,108.602806,-13.648101
-1.9116738,-9.633202,-0.6644189,-1.1194105,-0.8023715,0.92149025,122.26714,108.89604,-13.92648
-1.7402539,-9.980674,-0.48373312,-1.0928379,-0.9086621,0.91446525,122.08505,109.17373,-14.202202
-1.5742368,-10.301607,-0.3442788,-1.0629056,-1.022283,0.8866709,121.801956,109.356735,-14.437675
-1.0891315,-10.983567,-0.5200416,-0.88025683,-1.3338243,0.7657196,120.94364,109.91158,-15.151605
-0.9248758,-11.208939,-0.60464114,-0.8032878,-1.3662001,0.70554936,120.56277,110.048,-15.34658
-0.76689297,-11.366921,-0.95220345,-0.700357,-1.357648,0.64812803,120.167595,110.148895,-15.526353
-0.59166044,-11.542498,-1.3309141,-0.5662721,-1.2709051,0.6041457,119.80708,110.217735,-15.65792
-0.43737724,-11.701319,-1.5804899,-0.41050145,-1.1398746,0.55955255,119.459755,110.24801,-15.766961
-0.2645083,-11.85597,-1.8366905,-0.24037547,-0.9804387,0.52778757,119.201546,110.247345,-15.8124075
-0.0885627,-11.726943,-1.8093213,-0.087659165,-0.90285885,0.5195409,118.95727,110.21668,-15.848455
0.1699051,-11.517593,-1.7572273,-0.0290161,-0.70188415,0.5128214,118.82684,110.1814,-15.82939
0.28515968,-11.296183,-1.6571378,0.080634214,-0.6426302,0.49938235,118.676575,110.107895,-15.811497
0.49020278,-10.902285,-1.479074,0.07880162,-0.54611355,0.46700647,118.60019,110.03579,-15.756676
0.6158213,-10.755644,-1.4291086,0.058948494,-0.46273044,0.42180246,118.53462,109.94326,-15.693363
0.73103565,-10.64486,-1.3980894,-0.004886922,-0.37140608,0.3417791,118.49419,109.8453,-15.606877
0.71022993,-10.823249,-1.3623242,-0.053450707,-0.29260445,0.25045475,118.458405,109.73576,-15.500992
0.62913674,-11.130925,-1.3241627,-0.08124508,-0.23426682,0.15577064,118.43696,109.616516,-15.369681
0.5472939,-11.441447,-1.2856485,-0.10415252,-0.19333886,0.06872234,118.42981,109.48577,-15.205994
0.466054,-11.7496805,-1.2474179,-0.106901415,-0.17501289,-0.0033597588,118.42698,109.34106,-15.021206
0.31458473,-11.892912,-1.2320937,-0.10354166,-0.16065755,-0.049480084,118.4277,109.19363,-14.824216
0.13537122,-11.958938,-1.2273775,-0.09285152,-0.12950343,-0.08002335,118.43408,109.036385,-14.613647
-0.02790241,-11.983851,-1.2127666,-0.07819075,-0.09010262,-0.103847094,118.41465,108.86387,-14.409909
-0.18541197,-11.988773,-1.193078,-0.024740042,-0.056199603,-0.1328632,118.39968,108.67885,-14.199896
-0.23648222,-12.129578,-1.2140795,0.056199603,0.0061086523,-0.14630222,118.388306,108.50516,-14.015357
-0.24623363,-12.334358,-1.2530851,0.16401732,0.10262536,-0.15332718,118.39469,108.31599,-13.825434
-0.19344945,-12.759002,-1.1241587,0.2929099,0.21074851,-0.17073683,118.40828,108.12593,-13.658271
-0.11424842,-13.281729,-0.92457217,0.43218717,0.312763,-0.19028452,118.44704,107.9164,-13.487567
-0.03386789,-13.81224,-0.72201324,0.5543602,0.39400807,-0.22999077,118.50729,107.68434,-13.303862
0.01130455,-14.181375,-0.56799364,0.659429,0.4804455,-0.27091873,118.596596,107.43093,-13.113051
0.0413388,-14.481717,-0.4345081,0.7473936,0.5235115,-0.33169982,118.69262,107.15164,-12.908645
0.0710816,-14.863614,-0.2769897,0.7910705,0.63804877,-0.39828414,118.78991,106.8014,-12.667158
0.0131109925,-15.168925,-0.26926026,0.97310835,0.6649268,-0.4364632,118.87298,106.41194,-12.426039
-0.07618469,-15.602376,-0.25499448,1.0500773,0.6908886,-0.50488013,118.95858,105.9918,-12.150793
-0.27109665,-15.843897,-0.1787246,1.2299771,0.6630942,-0.5910121,119.034966,105.519585,-11.869114
-0.48143634,-16.104536,-0.09641776,1.4193454,0.5885687,-0.68477994,119.09403,105.02318,-11.577272
-0.7330148,-16.020021,-0.048617244,1.6667458,0.516792,-0.7861836,119.143486,104.478714,-11.268819
-0.98248875,-15.890666,-0.0070382627,1.947133,0.42577308,-0.90408057,119.16338,103.887596,-10.942474
-1.1555501,-15.371608,0.08971326,2.250122,0.33628133,-1.0173961,119.13824,103.25641,-10.626637
-1.3126297,-14.774706,0.19742489,2.5463917,0.25900686,-1.119716,119.09079,102.5801,-10.292535
-1.9111156,-13.872433,0.061791845,2.809064,0.2003638,-1.2220359,119.0063,101.892876,-9.975618
-2.702526,-12.834912,-0.17949179,3.043636,0.20708331,-1.3417655,118.921005,101.173325,-9.633302
-3.3625512,-12.394274,-0.59666085,3.2293391,0.2770274,-1.4483615,118.82258,100.47558,-9.311071
-3.9686291,-12.195405,-1.0843642,3.3896914,0.4392121,-1.5427402,118.75735,99.77897,-8.96445
-4.563186,-12.0175705,-1.4937267,3.493233,0.6899723,-1.6016886,118.73046,99.27481,-8.749997
-5.1720405,-11.843613,-1.880301,3.5289686,0.9615019,-1.6081028,118.76075,98.82011,-8.528472
-5.7273107,-11.85755,-2.154122,3.5381315,1.196685,-1.5726726,118.84251,98.58867,-8.444925
-6.2793317,-11.961349,-2.3853106,3.4782667,1.3411547,-1.4877623,118.97666,98.42356,-8.373286
-6.801759,-12.112967,-2.6697292,3.4046574,1.4208726,-1.4147639,119.23655,98.314865,-8.310073
-7.304387,-12.291786,-2.983872,3.3056972,1.4031575,-1.3805555,119.51012,81.732315,-8.261965
-7.709023,-12.280629,-3.053522,3.1972687,1.3536774,-1.3741413,119.868675,81.7254,-8.225984
-8.060811,-12.1680565,-2.9925456,3.1337388,1.2925909,-1.3768903,120.21951,81.67244,-8.200135
-8.248449,-12.05945,-2.8251524,2.997821,1.1307116,-1.3903292,120.579865,81.58248,-8.187824
-8.331915,-11.952801,-2.5886676,2.874121,0.82741696,-1.3839152,120.88194,81.46487,-8.18087
-8.142096,-11.678557,-2.4332135,2.7537806,0.46273044,-1.4135422,121.14011,81.319176,-8.177326
-7.7185674,-11.259897,-2.345587,2.5873199,0.16187929,-1.5158621,121.33113,81.18814,-8.153538
-7.168751,-10.834901,-2.4403684,2.3170118,-0.099265605,-1.5558738,121.42832,81.03834,-8.136347
-6.523791,-10.404928,-2.672217,2.0305161,-0.17531833,-1.5424347,121.4943,80.91043,-8.105967
-5.7848682,-9.917398,-2.7203093,1.7171422,-0.1255328,-1.5079209,121.520065,80.845055,-8.026717
-4.788646,-9.270914,-2.32288,1.4456125,-0.06566802,-1.42973,121.52538,80.791405,-7.966782
-3.801937,-8.828695,-2.129511,1.2629639,-0.07269296,-1.3075571,121.533714,80.82228,-7.8580813
-2.8033142,-8.602156,-2.1572506,1.1362094,-0.052534413,-1.2299771,121.5641,80.87312,-7.765645
-1.8230269,-8.532893,-2.04925,1.0564915,0.08155051,-1.1594223,121.57467,80.968765,-7.6271114
-0.82329184,-8.709316,-1.7209055,1.0601566,0.28252518,-1.0464121,121.60756,81.0385,-7.5299087
-0.00020680777,-8.914634,-1.3874708,1.1169671,0.51068336,-0.99265605,121.62976,81.21464,-7.3450127
0.63358337,-9.1795025,-1.0185483,1.2238685,0.73273283,-0.97158116,121.7113,81.358665,-7.192517
1.0876212,-9.45514,-0.6557918,1.385137,0.9431759,-0.9645562,121.792946,81.555084,-6.957596
1.2533075,-9.791245,-0.25341123,1.602605,1.1426234,-1.0091494,121.94701,81.72278,-6.7266197
1.357579,-10.063952,0.11999776,1.7281377,1.1523973,-1.0512991,122.1764,81.87917,-6.385237
1.3130838,-10.202382,0.46112704,1.7715092,1.0922271,-1.0934488,122.444435,82.00281,-6.042868
1.2503332,-10.256615,0.7348485,1.7088956,0.95814216,-1.1074986,122.70714,82.07378,-5.665395
1.1365362,-10.123852,0.89131945,1.666135,0.8582657,-1.119716,122.96315,82.11031,-5.285854
0.99176973,-9.932652,0.9508681,1.5726726,0.7367035,-1.1148291,123.16885,82.09876,-4.901975
0.7291545,-9.531297,0.717983,1.4795157,0.6096435,-1.0870347,123.34484,82.06437,-4.528615
0.43161097,-9.161599,0.3723679,1.3854424,0.56107974,-1.0259482,123.5046,81.984474,-4.173347
0.03032369,-8.846954,-0.2706038,1.3225232,0.6075055,-0.9599747,123.655716,81.89101,-3.8372324
-0.38840848,-8.5476265,-0.9137751,1.2938126,0.72082096,-0.8872818,123.80952,81.79252,-3.5510068
-0.89621174,-8.310334,-1.5734448,1.2965615,0.8518516,-0.81183994,123.980484,81.68203,-3.2964814
-1.3977383,-8.090447,-2.238375,1.3164146,0.9932669,-0.7467828,124.22039,81.61086,-3.1076388
-1.8749514,-7.958151,-2.9423823,1.353372,1.1746938,-0.68936145,124.504776,81.525986,-2.949682
-2.3283143,-7.8321314,-3.586816,1.3341297,1.425454,-0.6731735,124.93972,81.451416,-2.8354297
-2.6650767,-7.7359138,-3.8754694,1.287093,1.6307048,-0.67256266,125.40706,81.37338,-2.7406015
-2.9687498,-7.646516,-4.129388,1.2409728,1.7846428,-0.6817256,125.98536,81.35326,-2.7028496
-3.042254,-7.6051693,-4.14317,1.1841623,1.9058995,-0.7131852,126.60844,81.3555,-2.6671054
-3.1073544,-7.5595474,-4.1468844,1.1261301,1.9956968,-0.7449502,127.28411,81.38892,-2.6710656
-3.0094564,-7.44207,-3.9657733,1.0549643,2.0653355,-0.7791586,127.984344,81.44891,-2.6702023
-2.9078403,-7.3204393,-3.7708178,0.99173975,2.1038198,-0.82772243,128.70163,81.52323,-2.6661584
-2.7471342,-7.131373,-3.387959,0.9297369,2.1044307,-0.8536842,129.42253,81.62147,-2.660264
-2.5819068,-6.92771,-2.9786375,0.8445212,2.0909917,-0.8723156,130.13693,81.7253,-2.6298234
-2.4032185,-6.5938454,-2.3438241,0.7675522,2.076331,-0.8875872,130.84616,81.84897,-2.592957
-2.2213006,-6.2446113,-1.671786,0.72295904,1.999362,-0.88178396,131.50514,81.939415,-2.5333822
-2.0919046,-5.883195,-0.882024,0.52870387,1.8802432,-0.86651236,132.14264,82.09464,-2.4697378
-1.9538654,-5.4815416,-0.011348711,0.43585235,1.7345519,-0.8335256,132.71518,82.130905,-2.3814023
-1.9580376,-5.1519356,0.56024635,0.22266038,1.5778649,-0.8151997,133.24591,82.254234,-2.2885885
-1.9625155,-4.798188,1.1737078,0.008552114,1.4016303,-0.79168135,133.66919,82.2612,-2.16689
-2.033132,-4.3540874,1.693035,-0.21777347,1.2092078,-0.7761043,134.03891,82.32852,-2.0428846
-2.1122477,-3.916624,2.1677294,-0.44012842,1.0238101,-0.7254025,134.35483,82.44831,-1.9301565
-2.2615042,-3.716457,2.3937428,-0.6209445,0.84665924,-0.6612616,134.56819,82.48905,-1.8022068
-2.4224546,-3.569302,2.5638905,-0.7959574,0.68539083,-0.6206391,134.73059,82.58526,-1.677946
-2.6254594,-3.559387,2.4771647,-0.9440922,0.5665775,-0.5910121,134.82791,82.613396,-1.577167
-2.834467,-3.5918994,2.3146033,-1.058324,0.49235737,-0.5543602,134.8897,82.67477,-1.4885508
-2.82239,-3.838219,1.8403981,-1.1349876,0.44318274,-0.52534413,134.93262,82.71501,-1.4471515
-2.7290955,-4.1554203,1.2666366,-1.1673635,0.4166101,-0.49021935,134.95827,82.76878,-1.4183447
-2.4630508,-4.38262,0.9545453,-1.1722504,0.38789943,-0.47036624,134.99123,82.85383,-1.4473208
-2.1269572,-4.5672345,0.7604632,-1.1722504,0.33628133,-0.4700608,135.00775,82.94087,-1.480603
-1.8262141,-4.6651554,0.6298809,-1.1710287,0.2751948,-0.46761733,135.05003,83.13574,-1.5032682
-1.5421093,-4.7229395,0.5287588,-1.1630874,0.19853121,-0.46822822,135.0717,83.32368,-1.524087
-1.3783172,-4.796217,0.48871106,-1.1429288,0.11575896,-0.46670106,135.08809,83.54403,-1.4669552
-1.2653466,-4.877556,0.47515458,-1.1261301,0.030543262,-0.45814893,135.08147,83.75801,-1.4105219
-1.1765462,-4.9072294,0.5004629,-1.1191051,-0.019547688,-0.46089783,135.068,83.986244,-1.2813973
-1.1061338,-4.8971705,0.5557869,-1.1261301,-0.12339478,-0.46517387,135.01616,84.20771,-1.1524295
-1.094678,-4.909372,0.61835456,-1.1316279,-0.23518312,-0.4541783,134.95053,84.4201,-0.9923155
-1.1137521,-4.9332147,0.6851138,-1.1643091,-0.29443705,-0.41599923,134.87239,84.63427,-0.84077185
-1.0872278,-5.047455,0.76310676,-1.207986,-0.33567044,-0.40042216,134.7865,84.81163,-0.66714525
-1.0347853,-5.214318,0.8489219,-1.271516,-0.35827246,-0.3594942,134.6906,84.99439,-0.51442254
-0.931462,-5.4650993,1.0663565,-1.3869696,-0.36682457,-0.32589662,134.58699,85.17813,-0.36654967
-0.7986449,-5.763938,1.3604515,-1.4953982,-0.3390302,-0.3042109,134.48987,85.37051,-0.23104885
-0.5452525,-6.2394195,1.7124926,-1.6056592,-0.2874121,-0.25686884,134.40091,85.55225,-0.08877029
-0.20816377,-6.839715,2.1096108,-1.7107282,-0.20311269,-0.20922135,134.33244,85.7561,0.041519012
0.17401959,-7.636039,2.602906,-1.7922786,-0.084910266,-0.16340645,134.30559,85.84217,0.22698656
0.59145546,-8.597112,3.1756668,-1.8234328,0.06841691,-0.11209377,134.31508,85.94013,0.38644817
1.2372005,-10.057702,3.8899758,-1.8237382,0.26083946,-0.058948494,134.38756,85.908554,0.6246075
2.0690532,-11.925806,4.7218285,-1.7724255,0.4428773,-0.064446285,134.50198,85.87328,0.84741324
3.0497706,-13.673367,5.6268363,-1.704314,0.5195409,-0.1432479,134.63744,85.76236,1.1063119
4.1829333,-15.356376,6.6165605,-1.582141,0.49480084,-0.26236662,134.79494,85.6269,1.3621774
5.415561,-16.573063,7.281117,-1.4230106,0.4202753,-0.43768495,134.95187,85.39893,1.7248132
6.687568,-17.337135,7.637105,-1.2379184,0.40653083,-0.6646214,135.12416,85.121155,2.1153154
7.7678504,-17.979008,7.77688,-1.0112875,0.38820487,-0.9605856,135.28748,84.6922,2.658763
8.51855,-18.40798,7.4795246,-0.782213,0.35460728,-1.2095132,135.45113,84.200455,3.2259614
8.655331,-18.286835,7.111447,-0.5363397,0.2742785,-1.2501358,135.66016,83.568375,3.967736
7.5879188,-17.06356,6.5682945,-0.38240165,0.19761491,-1.1722504,135.86763,82.89732,4.706076
6.412666,-15.652518,6.0036635,-0.076052725,0.124005646,-1.0064005,136.09464,82.17315,5.4908366
4.7952857,-13.554826,5.3077,0.23060162,0.14905111,-0.83199847,136.32506,81.45922,6.208649
3.301674,-11.527209,4.619269,0.48349985,0.29932398,-0.65576386,136.52068,80.85091,6.737219
1.9335384,-9.423517,3.8640974,0.65301496,0.5693264,-0.5002986,136.75279,80.256004,7.1954794
0.781788,-7.5364137,3.1266983,0.6985244,0.9120218,-0.36560285,136.97092,79.81741,7.4262805
0.08107576,-6.0953264,2.4215791,0.6044512,1.2562444,-0.23976462,137.25856,79.41566,7.597208
-0.5253154,-4.7535853,1.757751,0.41141775,1.5454891,-0.11636983,137.56544,79.170135,7.5871515
-0.59334004,-3.8255353,1.2427076,0.15882497,1.7287487,0.027183503,137.92386,78.98894,7.5236444
-0.61302894,-2.983241,0.815982,-0.10995574,1.779145,0.18753563,138.28441,78.96564,7.355655
-0.36000037,-2.63473,0.892368,-0.3827071,1.6395624,0.31581733,138.6243,79.01581,7.1600256
-0.13282189,-2.381336,0.9844377,-0.66859204,1.2470814,0.41691554,138.92685,79.171234,6.9561543
-0.052059866,-2.7138853,1.1839674,-0.9691377,0.6759224,0.5143485,139.12596,79.40876,6.735239
-0.026104039,-3.1042235,1.3476036,-1.3332134,0.036957346,0.63255095,139.16022,79.72831,6.5450215
-0.49869117,-4.1182213,1.2191333,-1.675298,-0.5879578,0.75655663,139.03215,80.118645,6.3537
-0.9855154,-5.1613917,1.0868016,-1.9871446,-1.2113458,0.88453287,138.71158,80.5851,6.153525
-1.9234437,-7.1032333,0.8322884,-2.1838431,-1.8164078,0.999681,138.22498,81.10497,5.94564
-2.916497,-9.166475,0.55109996,-2.2482896,-2.3283129,1.1206323,137.58528,81.739525,5.623732
-3.9375792,-11.451356,-0.00128873,-2.191479,-2.510656,1.2235631,136.87715,82.39176,5.280276
-5.0230794,-13.880385,-0.5885266,-2.1203132,-2.685669,1.2571607,135.9857,83.190445,4.75534
-5.881523,-15.383292,-1.7110521,-1.9892827,-2.5506678,1.2522738,135.14113,83.96411,4.2067766
-6.6737165,-16.662989,-2.9157486,-1.7910569,-2.0506747,1.1081096,134.3655,84.673904,3.684557
-6.209704,-17.448988,-2.771021,-1.3811663,-1.278541,0.8579602,133.66132,85.45458,3.01059
-5.4758124,-18.085335,-2.3204672,-0.75747293,-0.61911196,0.5766568,133.09033,86.08123,2.3973272
-4.6868486,-18.467407,-0.79034144,-0.12980886,-0.27275133,0.3182608,132.67291,86.708176,1.7780231
-3.9038699,-18.769922,0.9936036,0.30207285,-0.07849618,0.1777618,132.42337,87.153915,1.223144
-3.600832,-18.092491,2.315542,0.5644395,0.0711658,0.11301007,132.30261,87.32488,0.8450804
-3.557199,-16.904709,3.372426,0.75900006,0.15302174,0.064751714,132.2298,87.34233,0.51880085
-3.6555936,-15.003985,3.1004782,0.9407325,0.108123146,0.053450707,132.14809,86.99736,0.31789908
-3.819828,-12.770397,2.2136123,1.078788,-0.03023783,0.10781772,132.06602,86.60741,0.12489179
-3.9377983,-9.556614,0.85256654,1.1151345,-0.20341812,0.19394971,131.91025,86.0622,-0.06826604
-4.030132,-5.7903705,-0.77542275,1.056186,-0.39920044,0.30848694,131.70612,85.51709,-0.27239925
-4.191449,-3.7509158,-2.0143218,0.8396343,-0.569021,0.49602258,131.47462,85.10655,-0.556022
-4.387538,-2.5552506,-3.0665073,0.5039638,-0.7263188,0.68386364,131.18855,84.73858,-0.86130553
-4.53574,-1.6779728,-3.9140675,0.13622294,-0.99204516,0.8524625,130.87932,84.58086,-1.243426
-4.660555,-0.9568191,-4.662958,-0.1957823,-1.4052955,1.0073168,130.48088,84.46788,-1.6691774
-4.658679,-0.52802485,-5.5693245,-0.63194007,-1.9040669,1.105666,130.0105,84.544395,-2.1419578
-4.5699706,-0.30625406,-6.5697575,-1.1325442,-2.3906212,1.1187997,129.42822,84.655205,-2.6322544
-4.451545,-0.49342865,-7.4604526,-1.6297885,-2.5980098,1.0684034,128.8087,84.85744,-3.1469576
-4.317363,-0.8959749,-8.294298,-1.8579466,-2.833193,1.0311406,128.0476,84.979355,-3.671432
-4.094599,-1.6309003,-8.455299,-2.21683,-2.8127291,0.9251554,127.35063,85.17897,-4.1480074
-3.82261,-2.5494595,-8.262044,-2.3805418,-2.6047294,0.86376345,126.64715,85.128426,-4.641512
-3.5514896,-3.465085,-8.0694065,-2.3817637,-2.3634377,0.8713993,126.01024,84.895775,-5.0948725
-3.279935,-4.3821774,-7.876459,-2.3005185,-2.1948388,0.9056077,125.4201,95.62571,-5.555168
-2.9945433,-5.39954,-7.6700497,-2.1368067,-2.0744984,0.9126327,124.89235,96.369675,-6.024706
-2.6967468,-6.491461,-7.452611,-1.9520199,-1.9165897,0.9049969,124.43264,97.26523,-6.5109944
-2.2580793,-7.603254,-7.358984,-1.7321084,-1.7583756,0.87781334,124.02302,98.09097,-6.877903
-1.7139543,-8.748779,-7.349438,-1.486846,-1.5360206,0.88270026,123.68396,98.947716,-7.2533984
-1.1662223,-9.939998,-7.051092,-1.2415836,-1.2473868,0.9468411,123.41878,99.71374,-7.5549626
-0.5988861,-11.202321,-6.5263057,-0.9783007,-0.88789266,1.0751228,123.24479,100.46357,-7.868573
-0.13599181,-12.343773,-5.6494956,-0.77946407,-0.58093286,1.2336423,123.16459,101.08407,-8.055272
0.24187548,-13.396062,-4.44893,-0.6435465,-0.44990227,1.3494014,123.142395,101.685455,-8.259962
0.60201,-14.131769,-3.4596443,-0.6267477,-0.47525316,1.4446963,123.16588,102.07843,-8.329108
0.9468438,-14.581969,-2.6598215,-0.70280045,-0.5354234,1.5332718,123.2218,102.4821,-8.429342
1.2744664,-14.692084,-2.113245,-0.84635377,-0.5103779,1.5552629,123.26516,102.55987,-8.366861
1.5930674,-14.489339,-1.7898167,-1.0250319,-0.3622431,1.4767667,123.325874,102.66819,-8.312641
1.890912,-14.02047,-1.3951205,-1.2589933,-0.13500121,1.3121386,123.39436,102.520744,-8.0608
2.1791728,-13.292729,-0.9225619,-1.4828753,-0.013133603,1.1102476,123.47062,102.42364,-7.809149
2.3788903,-12.539036,-0.26164433,-1.6719382,0.13683382,1.0091494,123.599396,102.3448,-7.514372
2.4853122,-11.757067,0.5989847,-1.7397442,0.040011674,0.7800749,123.68022,102.26515,-7.1650124
2.3878717,-11.093797,1.1722478,-1.8460348,-0.3484986,0.52412236,123.705215,102.209335,-6.802243
1.997796,-10.588142,1.3456148,-1.8371773,-0.9416488,0.26206118,123.638115,102.1361,-6.414114
1.5391194,-10.247011,1.2231193,-1.6771306,-1.5088371,0.002443461,123.39248,102.11448,-6.1347265
0.9566637,-10.126669,0.6647319,-1.4199562,-1.9236146,-0.22327125,123.01831,102.0445,-5.824606
0.37653986,-10.0356455,0.102449,-1.1368202,-2.123673,-0.37048978,122.51819,101.93084,-5.559859
-0.23642033,-9.98378,-0.50108105,-0.86437434,-2.130698,-0.48716503,121.95579,101.73728,-5.261908
-0.76374936,-9.810783,-0.9596184,-0.61208695,-2.0137172,-0.5458081,121.395996,101.495224,-4.950864
-1.174291,-9.375805,-1.174664,-0.43554693,-1.8689423,-0.5158757,120.85375,101.214584,-4.648816
-1.522167,-8.935689,-1.3510892,-0.33964106,-1.7938058,-0.4288274,120.340775,101.00716,-4.4370966
-1.7826438,-8.442155,-1.4699031,-0.3036,-1.7782288,-0.2932153,119.86456,100.78756,-4.2545695
-2.0121963,-8.009043,-1.5987628,-0.31673363,-1.7849482,-0.16615535,119.36243,100.71261,-4.2160115
-2.1690207,-7.7215314,-1.7974072,-0.37812558,-1.7779233,-0.035124753,118.88109,100.65581,-4.217601
-2.2897418,-7.580364,-1.9750347,-0.47036624,-1.7250835,0.064751714,118.39539,100.698746,-4.3117175
-2.3470654,-7.704565,-2.1183436,-0.5644395,-1.6056592,0.13439035,117.93994,100.766594,-4.429805
-2.254578,-7.8160768,-2.2201722,-0.6554584,-1.4330899,0.19425514,117.514435,100.92148,-4.5962114
-1.8637426,-7.906636,-2.2440035,-0.7318166,-1.2333369,0.2837469,117.1393,101.10512,-4.782024
-1.4911671,-8.040984,-2.2338173,-0.7901542,-1.0479393,0.40194935,116.81861,101.33953,-4.992872
-1.1348722,-8.281724,-2.147151,-0.8136725,-0.9584476,0.45631635,116.532196,101.58309,-5.203431
-0.8306391,-8.509605,-2.044884,-0.8249735,-0.8213083,0.52748215,116.34137,101.82985,-5.37315
-0.6387723,-8.7106085,-1.9078363,-0.8338311,-0.73426,0.56107974,116.166214,102.07741,-5.542117
-0.4735738,-8.882966,-1.7802951,-0.838718,-0.6908886,0.5555819,116.0469,102.25964,-5.637035
-0.40823424,-8.948306,-1.69162,-0.829555,-0.6951646,0.5366451,115.94249,102.43739,-5.7329397
-0.3756858,-8.994194,-1.6104764,-0.8213083,-0.7470882,0.51251596,115.85409,102.5432,-5.77321
-0.4940821,-8.949796,-1.5660777,-0.81581056,-0.82802784,0.46792278,115.75552,102.64003,-5.8047056
-0.6160858,-8.899507,-1.5399891,-0.8249735,-0.9288206,0.42913285,115.588066,102.77843,-5.8526525
-0.75587076,-8.827204,-1.5737303,-0.8222246,-1.0366384,0.39492437,115.39713,102.902664,-5.8950267
-0.90154237,-8.756944,-1.6059316,-0.8332202,-1.1392636,0.37232238,115.15867,103.037254,-5.9514756
-1.0722736,-8.690548,-1.6343869,-0.8512407,-1.2195925,0.3726278,114.90011,103.166115,-6.0103226
-1.2423489,-8.630353,-1.6706598,-0.8897252,-1.273654,0.38789943,114.607056,103.32497,-6.095871
-1.414374,-8.592126,-1.7375584,-0.9221011,-1.2709051,0.41080686,114.31352,103.4809,-6.1846075
-1.5818621,-8.555403,-1.7881788,-0.9627236,-1.2443326,0.44837508,114.00836,103.6697,-6.3170114
-1.7414598,-8.522545,-1.7740966,-0.999681,-1.1976013,0.4978552,113.71696,103.86257,-6.4554
-1.8920851,-8.495344,-1.7463856,-1.0372492,-1.1301007,0.5384777,113.43669,104.09099,-6.628677
-1.9934082,-8.500169,-1.6402376,-1.061073,-1.0574077,0.59681535,113.17968,104.32614,-6.813694
-2.0825098,-8.509995,-1.536243,-1.0659598,-1.0103711,0.6600399,112.90031,104.611465,-7.0441704
-2.1113026,-8.548386,-1.435468,-1.0619892,-0.9868528,0.71959925,112.642624,104.89922,-7.2818255
-2.1289532,-8.58446,-1.3351598,-1.0546589,-0.9807441,0.768163,112.38571,105.17919,-7.546708
-2.0762963,-8.613182,-1.2154853,-1.0213667,-0.9944886,0.8210029,112.13763,105.45275,-7.822909
-2.0153785,-8.639344,-1.1018604,-0.9966267,-1.0360274,0.8509353,111.877975,105.70909,-8.107479
-1.8826089,-8.6488285,-1.0212504,-0.95081174,-1.1099422,0.8912524,111.612625,105.95419,-8.405556
-1.7442136,-8.673827,-0.95096326,-0.89858276,-1.1792754,0.9111055,111.33401,106.16189,-8.692295
-1.5209416,-8.878098,-0.98659176,-0.8622363,-1.2452488,0.94042706,111.041565,106.36366,-8.989899
-1.2871501,-9.091991,-1.023899,-0.82802784,-1.2971723,0.960891,110.69259,106.58115,-9.279409
-1.0743977,-9.286637,-1.0578488,-0.7959574,-1.3371841,0.97433007,110.33387,106.78559,-9.570459
-0.84762317,-9.50676,-1.1025524,-0.7470882,-1.3649784,0.9801333,109.96861,106.97215,-9.859411
-0.64732754,-9.867292,-1.2538869,-0.7141015,-1.3677273,0.95233893,109.60136,107.14394,-10.135471
-0.43217415,-10.254568,-1.4164474,-0.6719518,-1.3469579,0.9104946,109.23515,107.29873,-10.351796
-0.29910144,-10.560026,-1.6195449,-0.6206391,-1.2977833,0.8524625,108.87694,107.42872,-10.548646
-0.1549923,-10.891478,-1.8405122,-0.57971114,-1.2131784,0.7840455,108.534485,107.535675,-10.72221
-0.002630818,-11.133499,-2.0518048,-0.49846604,-1.0855075,0.7162395,108.22386,107.63313,-10.8592005
0.15075262,-11.368367,-2.262707,-0.41386122,-0.95417154,0.64996064,107.93606,107.70345,-10.96859
0.3347584,-11.5424,-2.2669976,-0.30818152,-0.8359691,0.59406644,107.70323,107.745674,-11.026692
0.5187838,-11.708899,-2.253853,-0.17470746,-0.743423,0.5540548,107.49808,107.75097,-11.063095
0.6211895,-11.705815,-1.8799077,-0.022296581,-0.6762278,0.48808134,107.327286,107.748344,-11.065301
0.6945042,-11.647163,-1.3960304,0.087659165,-0.6411031,0.410196,107.17005,107.71462,-11.049732
0.6627239,-11.7124195,-1.049667,0.11362094,-0.6230826,0.3109304,107.01542,107.648735,-10.995462
0.60825634,-11.803199,-0.7500953,0.04642576,-0.6215554,0.19792034,106.858986,107.563354,-10.916488
0.4394659,-12.1261,-0.5456264,-0.09132435,-0.5919284,0.14385876,106.65813,107.43719,-10.843154
0.23272815,-12.52638,-0.37847674,-0.15332718,-0.5476407,0.040317107,106.450554,107.281815,-10.725629
0.025507279,-12.784641,-0.32896158,-0.25167647,-0.5006041,-0.040927973,106.20494,107.137085,-10.627211
-0.1781612,-12.932544,-0.3677556,-0.27550024,-0.4700608,-0.089491755,105.96295,106.97893,-10.509593
-0.3815446,-13.080238,-0.40649527,-0.23396139,-0.42943826,-0.11148291,105.689285,106.805,-10.408009
-0.58566105,-13.228466,-0.4453746,-0.13561209,-0.39095375,-0.13927728,105.421486,106.61708,-10.292472
-0.6697352,-13.12517,-0.5162783,-0.005192355,-0.32436943,-0.16371189,105.168495,106.422485,-10.17931
-0.68399686,-12.873215,-0.606602,0.13439035,-0.26847526,-0.18784106,104.92278,106.20255,-10.059628
-0.6302609,-12.808058,-0.60904795,0.27977628,-0.21624629,-0.22143865,104.66852,105.986046,-9.979069
-0.53728586,-12.859195,-0.55791175,0.43096542,-0.18509217,-0.26511553,104.42355,105.73628,-9.888779
-0.39607427,-13.106101,-0.46388456,0.57757306,-0.1554652,-0.30482176,104.20237,105.48265,-9.798543
-0.22036637,-13.494508,-0.33903947,0.70402217,-0.12492194,-0.33383787,103.989296,105.20036,-9.699344
-0.004714379,-13.916614,-0.21055923,0.8063421,-0.07086037,-0.37232238,103.78177,104.881226,-9.578603
0.24858788,-14.369636,-0.07903691,0.91446525,0.030848695,-0.4092797,103.5958,104.53629,-9.448441
0.48947272,-14.750138,0.057716224,1.0436633,0.160963,-0.4529566,103.413826,104.13127,-9.282754
0.7221811,-15.073081,0.20019074,1.1716396,0.30695978,-0.50426924,103.26384,103.70569,-9.10239
0.850394,-15.283676,0.51157504,1.3185526,0.42943826,-0.56382865,103.13172,103.20654,-8.873796
0.8840193,-15.394159,0.98713255,1.4801265,0.47616947,-0.6230826,103.01797,102.68167,-8.633386
0.6554996,-15.259523,1.5845709,1.6190983,0.3903429,-0.6924158,102.88942,102.09103,-8.350163
0.18776211,-14.900453,2.2885394,1.7482964,0.15027285,-0.8045095,102.7267,101.466576,-8.049757
-0.21612464,-14.442841,2.7228916,1.8958203,-0.015577064,-0.870483,102.50041,100.78368,-7.756515
-0.57217366,-13.857233,2.8915465,1.9767599,-0.30543262,-0.9999864,102.16602,100.07621,-7.433925
-0.8316968,-13.258567,2.878012,2.1777346,-0.5103779,-1.1249083,101.69824,99.33889,-7.182257
-0.9666442,-12.622386,2.6129367,2.3805418,-0.5888741,-1.2342533,101.1861,98.60156,-6.906558
-1.1149529,-12.060865,2.309205,2.6047294,-0.5888741,-1.3170254,100.58509,97.91063,-6.6789384
-1.2885196,-11.578735,1.9379653,2.7980683,-0.52534413,-1.38025,99.98492,97.23534,-6.427357
-1.5008084,-11.274459,1.6041757,2.9840767,-0.40378192,-1.4385877,99.427055,96.630196,-6.176242
-1.7937382,-11.206108,1.2917173,3.1786373,-0.2284636,-1.5173893,98.90812,96.081375,-5.9019737
-2.0938532,-11.188324,1.0238377,3.3438764,-0.043982297,-1.5839735,98.45013,95.669815,-5.6419096
-2.4330351,-11.244855,0.79771644,3.4538321,0.17256944,-1.6362026,98.056335,84.62158,-5.366629
-2.7708898,-11.342621,0.62898964,3.4767396,0.38973203,-1.6490307,97.72427,84.722,-5.1370273
-3.1739378,-11.551257,0.55312175,3.4293976,0.49571714,-1.6346754,97.42652,84.68165,-4.9052553
-3.5609336,-11.772852,0.37852168,3.3554828,0.49632803,-1.6120734,97.217354,84.50192,-4.6988983
-3.9396172,-12.054437,-0.10211497,3.263853,0.45937067,-1.5888605,97.0304,84.227264,-4.502256
-4.2769227,-12.332917,-0.6475273,3.1422908,0.4578435,-1.5567901,96.954315,83.87348,-4.3086205
-4.527947,-12.629582,-1.432548,3.0017917,0.56046885,-1.5399913,96.89987,83.48304,-4.125423
-4.77141,-12.929977,-2.1805356,2.7925704,0.6264423,-1.5567901,96.93845,83.12023,-3.9608161
-5.008112,-13.306768,-2.8181818,2.5341744,0.6301075,-1.6077974,96.98951,82.785065,-3.798236
-5.196361,-13.610397,-3.398742,2.2317963,0.66859204,-1.7406605,97.1748,82.58649,-3.6257687
-5.081346,-13.461304,-3.7182276,1.8683313,0.679893,-1.8054122,97.34876,82.45943,-3.462532
-4.9716363,-13.319088,-4.0229764,1.520749,0.74189585,-1.8106046,97.63097,82.46169,-3.2975073
-4.598553,-12.871826,-4.2921143,1.3420709,0.9456194,-1.8023579,97.94878,82.51552,-3.1266186
-4.1857066,-12.379225,-4.540761,1.006095,1.0754282,-1.7498235,98.25128,82.69101,-2.9690099
-3.5586622,-11.7333,-4.259,0.8237518,1.0842859,-1.6444492,98.59651,82.89693,-2.8141725
-2.91176,-11.081744,-3.87272,0.8136725,1.0845913,-1.5112807,98.962234,83.13191,-2.6872575
-2.2165155,-10.849607,-3.4288893,0.8775079,1.0940597,-1.4056009,99.33139,83.41431,-2.5370471
-1.5397379,-10.732922,-2.9901507,0.97494096,1.1737776,-1.3570372,99.7099,83.67825,-2.411497
-0.60065323,-11.084521,-1.9299114,1.1078042,1.2928963,-1.3744467,100.0369,83.88887,-2.22892
0.34828946,-11.539314,-0.7710643,1.2220359,1.3716979,-1.462106,100.372246,84.07734,-2.0444055
0.60380733,-11.710651,-0.41980287,1.3170254,1.3420709,-1.5366315,100.56959,84.24543,-1.8015014
0.4744538,-11.72241,-0.5185819,1.4187346,1.3316863,-1.602605,100.80105,84.3765,-1.5463358
0.34486556,-11.734191,-0.6175402,1.4709635,1.4721853,-1.6432275,101.07371,84.30501,-1.1359518
0.21345179,-11.746138,-0.7178925,1.4694363,1.649947,-1.6630806,101.35409,84.19078,-0.7279743
0.01006599,-11.334452,-1.0590522,1.385137,1.8515326,-1.6584991,101.68887,84.04889,-0.3205885
-0.24001719,-10.652852,-1.5543151,1.3399329,2.0506747,-1.6071864,102.07002,83.873566,0.05926897
-0.42400542,-10.086296,-1.7492173,1.3457361,2.1774292,-1.5195273,102.480736,83.72498,0.39063177
-0.5726844,-9.5827055,-1.787586,1.4034629,2.2852468,-1.4175128,102.93656,83.56695,0.68561196
-0.76878893,-9.015576,-1.8658062,1.493871,2.2757785,-1.3240504,103.44159,83.42627,0.9412798
-0.9839561,-8.429589,-1.9619447,1.5451837,2.2220223,-1.2379184,103.95474,83.28525,1.1603968
-1.2121118,-7.855055,-2.030024,1.5855007,2.198504,-1.1398746,104.51228,83.092445,1.3533946
-1.4548428,-7.275473,-2.079561,1.5986344,2.171015,-1.0943651,105.0437,82.9018,1.5325611
-1.7162398,-6.7801194,-2.0300186,1.5952746,2.1239784,-0.9978484,105.637024,82.66994,1.6725394
-1.9941223,-6.3218575,-1.9227656,1.5512923,2.0366247,-0.9083566,106.20089,82.45816,1.7990391
-2.1941478,-5.960915,-1.7082479,1.4834863,1.9306396,-0.84665924,106.80017,82.22857,1.8970369
-2.3551435,-5.6483936,-1.4383434,1.3976597,1.8099937,-0.8304713,107.36189,82.02902,1.9823898
-2.4433217,-5.358593,-1.1459723,1.2837334,1.6743816,-0.8216137,107.92138,81.82849,2.0311809
-2.4906516,-5.0793467,-0.83832747,1.1322387,1.53205,-0.82253003,108.43953,81.67115,2.0793183
-2.5148916,-4.8232727,-0.5077197,0.96669424,1.396438,-0.8335256,108.92854,81.50399,2.1152778
-2.5241156,-4.5880613,-0.17104472,0.77824235,1.269378,-0.840856,109.37576,81.39222,2.1521487
-2.5546372,-4.3079686,0.16536734,0.6084218,1.1215485,-0.86529064,109.77187,81.26723,2.2003107
-2.6029801,-3.9889047,0.5037685,0.4370741,0.9944886,-0.88422745,110.13487,81.19963,2.249985
-2.689405,-3.7243853,0.8002436,0.25411993,0.88514376,-0.8872818,110.45108,81.121666,2.3073866
-2.806424,-3.4997091,1.0670464,0.09590584,0.8072584,-0.895223,110.738754,81.08539,2.372104
-2.925885,-3.337757,1.2320559,-0.06994407,0.7583892,-0.89888823,110.99627,81.04028,2.433739
-3.0469499,-3.2360628,1.2998523,-0.22540927,0.75502944,-0.90224797,111.243034,81.03659,2.4953344
-3.1464336,-3.2582412,1.2415184,-0.36468655,0.8045095,-0.8848383,111.48762,81.02794,2.5328388
-3.2247913,-3.382692,1.0801932,-0.49235737,0.9095783,-0.8604037,111.74506,81.05934,2.5634007
-3.2380943,-3.6109304,0.89020085,-0.5861252,1.0436633,-0.8258898,112.02771,81.1098,2.5626018
-3.18094,-3.9490957,0.67110777,-0.64599,1.1896601,-0.79259765,112.34031,81.18767,2.5469913
-3.0713298,-4.3019295,0.49146166,-0.6771441,1.2571607,-0.7672467,112.67819,81.31655,2.5065496
-2.9009202,-4.675884,0.35418743,-0.69058317,1.3805555,-0.73364913,113.06857,81.460175,2.4436502
-2.703942,-4.979985,0.27147868,-0.70646566,1.4749341,-0.70249504,113.47413,81.65398,2.3832586
-2.470007,-5.199598,0.2571561,-0.6939429,1.5167783,-0.6612616,113.89439,81.84663,2.3069234
-2.2191985,-5.328436,0.2527285,-0.6957755,1.5079209,-0.6267477,114.32258,82.06818,2.257048
-1.9276402,-5.337692,0.26198432,-0.70280045,1.4538593,-0.57451874,114.74348,82.291245,2.1914127
-1.6437249,-5.305635,0.27256095,-0.70188415,1.382388,-0.5170974,115.142876,82.50192,2.167951
-1.3464946,-5.1789465,0.28717884,-0.7141015,1.2950343,-0.45265114,115.516335,82.72091,2.1317377
-1.0675346,-5.062188,0.30727693,-0.7113526,1.2095132,-0.38026363,115.84431,82.915634,2.1493497
-0.7971725,-4.9540434,0.34168667,-0.7058548,1.1322387,-0.31337386,116.14478,83.114944,2.1543975
-0.5956828,-4.8503065,0.39355037,-0.7290677,1.0464121,-0.24587326,116.40231,83.27897,2.2219732
-0.50909996,-4.7409387,0.48924717,-0.7626653,0.97127575,-0.19242255,116.637535,83.4451,2.2771988
-0.44405058,-4.6314645,0.5975682,-0.79443026,0.8885035,-0.13836098,116.8175,83.567894,2.4033446
-0.46317023,-4.507187,0.77442497,-0.8530733,0.8063421,-0.10842858,116.976105,83.70346,2.5218115
-0.49280614,-4.399124,0.94963264,-0.9221011,0.72601336,-0.07880162,117.10201,83.796524,2.6680145
-0.57968706,-4.3605103,1.1378747,-1.0088439,0.61300325,-0.08460484,117.19764,83.90136,2.815779
-0.6638922,-4.3413863,1.3427017,-1.1078042,0.5112942,-0.083383106,117.26111,83.984985,2.9575229
-0.73457813,-4.412072,1.620733,-1.212262,0.4196644,-0.06536258,117.29822,84.085594,3.0949228
-0.77674305,-4.532283,1.8949527,-1.3274102,0.321926,-0.043676864,117.30354,84.187645,3.2040327
-0.66644615,-4.8967423,2.120342,-1.4575244,0.2501493,-0.042760566,117.29328,84.30937,3.3124855
-0.5376807,-5.2838163,2.3874397,-1.59558,0.2302962,-0.048563786,117.27027,84.40417,3.401015
-0.2742666,-5.880225,2.9540286,-1.6566665,0.15760323,-0.04153884,117.21435,84.50597,3.4854465
0.04342285,-6.5869617,3.571811,-1.7489072,0.07941248,-0.0030543262,117.13183,84.561295,3.615155
0.5671454,-7.713197,4.3875203,-1.7962493,0.00580322,-0.006414085,117.03622,84.606834,3.7491088
1.1133134,-8.927401,5.1935897,-1.8048013,-0.16462818,0.02076942,116.849365,84.48644,3.9792118
1.8255942,-10.747163,5.979397,-1.7278323,-0.32986724,0.004276057,116.65485,84.3591,4.2040434
2.5420182,-12.549787,6.739119,-1.5848899,-0.50518554,-0.048258353,116.39028,84.11644,4.451072
3.4891171,-14.351227,7.1003833,-1.3991868,-0.60231316,-0.12797627,116.11284,83.86547,4.690325
4.416705,-16.061464,7.41631,-1.1407908,-0.52534413,-0.21166481,115.822556,83.469376,4.9918766
5.3194127,-16.954466,7.183353,-0.7812967,-0.20861048,-0.34238997,115.58973,83.03199,5.298133
6.185517,-17.80208,6.941264,-0.35308012,0.29779682,-0.6032294,115.46686,82.46371,5.717116
6.723579,-18.22882,6.5887403,0.11942416,0.7687739,-0.7812967,115.435684,81.85782,6.110096
7.1728134,-18.558544,6.229139,0.54336464,1.1368202,-0.79168135,115.56564,81.21976,6.558093
6.202843,-17.453854,6.0405335,0.8454375,1.4266758,-0.70096785,115.81023,80.543465,6.9838834
5.1013007,-16.11616,5.8100905,0.96761054,1.6985108,-0.57635134,116.19079,79.87954,7.418086
3.1998637,-11.967948,5.0528445,0.9611965,1.9874501,-0.44868052,116.648415,79.240166,7.7848496
1.1572328,-7.511706,4.239368,0.88422745,2.259896,-0.31581733,117.129425,78.696625,7.9958363
0.34769103,-5.5505223,3.677859,0.7495316,2.459038,-0.17867808,117.653175,78.215675,8.144023
-0.19706133,-4.1294293,3.1757398,0.57360244,2.5738807,-0.017715093,118.20865,77.80963,8.226506
-0.62057006,-3.455009,2.8691938,0.3839288,2.5873199,0.14477506,118.704124,77.57455,8.093128
-0.9896028,-2.9829903,2.624602,0.1777618,2.4938574,0.23457226,119.177574,77.396225,7.9342723
-1.4419001,-3.0496202,2.556577,0.06688975,2.2128594,0.41508293,119.57671,77.32299,7.683032
-1.9317852,-3.4063325,2.585114,-0.15485434,1.7806722,0.5766568,119.88632,77.32712,7.429231
-2.611292,-4.2185955,2.543347,-0.398895,1.1869112,0.7480045,120.15201,77.40253,7.0891123
-3.3998811,-5.289165,2.4620981,-0.68661255,0.44165558,0.91415983,120.23712,77.55581,6.7383103
-4.406102,-6.7651787,1.9895613,-1.0403035,-0.36468655,1.0839803,120.13925,77.81797,6.307865
-5.5274677,-8.459055,1.2987622,-1.4202617,-1.1670581,1.2657127,119.82077,78.17014,5.8669486
-6.5146775,-10.450953,0.2848724,-1.7965547,-1.8335121,1.4150693,119.307846,78.6852,5.3126817
-7.476292,-12.766482,-1.0068486,-2.0983222,-2.362216,1.5198327,118.602936,79.276634,4.750703
-8.162353,-14.573632,-2.236535,-2.3060162,-2.7382035,1.5919148,117.78065,80.11617,4.03434
-8.657465,-16.039555,-3.4451938,-2.3701572,-2.9455922,1.5864171,116.86186,80.96733,3.321539
-8.532694,-17.062769,-3.995571,-2.2351558,-2.9074132,1.4926492,115.972664,82.04041,2.5134704
-7.9815326,-17.786469,-4.0962176,-1.9480493,-2.5906794,1.3420709,115.11451,83.02169,1.7222711
-6.996024,-18.292143,-3.275981,-1.5546521,-2.1114557,1.1438452,114.36769,84.0401,0.9359567
-5.6966023,-18.652569,-1.8058325,-1.1343768,-1.6685784,0.90285885,113.71403,84.85994,0.20729156
-4.703853,-18.318956,-0.49937657,-0.70463306,-1.3591752,0.6301075,113.19015,85.48619,-0.3733561
-3.92927,-17.435076,0.707643,-0.35216382,-1.0943651,0.34238997,112.789795,85.919235,-0.87747097
-3.3748655,-16.139788,1.5550053,-0.12705997,-0.8081747,0.11636983,112.47394,86.06799,-1.1572355
-3.0027354,-14.465201,2.1036587,-0.0061086523,-0.48930305,-0.050701816,112.25094,86.14065,-1.3685142
-2.6779091,-12.615051,2.4111693,0.032986723,-0.3735441,-0.12980886,112.02768,86.05754,-1.4451189
-2.4035358,-10.656593,2.4963195,0.036651913,-0.28802297,-0.1469131,111.89098,85.96603,-1.4941709
-2.2489724,-8.952692,2.164699,-0.013744468,-0.38606682,-0.10934488,111.71936,85.81495,-1.5024928
-2.2069745,-7.436101,1.4087365,-0.1328632,-0.559858,-0.02076942,111.5501,85.68179,-1.5202985
-2.2583833,-6.0709834,0.49350834,-0.31764993,-0.7669413,0.093767814,111.3355,85.55692,-1.5364611
-2.4306457,-4.879502,-0.6405522,-0.52015173,-0.9502009,0.24129178,111.07594,85.457085,-1.5842984
-2.5712402,-3.844147,-1.6679138,-0.7703011,-1.176221,0.41691554,110.761925,85.488914,-1.6954646
-2.6694865,-3.0207481,-2.5474534,-1.02717,-1.4446963,0.58459806,110.38293,85.55142,-1.8418335
-2.7460983,-2.3757503,-3.3956227,-1.2351695,-1.7293595,0.7669413,109.9601,85.7456,-2.0911527
-2.7902327,-1.9981551,-4.2194667,-1.3884968,-1.958434,0.9465357,109.47672,85.91948,-2.3876765
-2.835823,-1.8199301,-4.898737,-1.5271631,-2.1612413,1.0916162,108.9451,86.1247,-2.746814
-2.887452,-1.9184937,-5.42441,-1.6612481,-2.4349089,1.1636983,108.33101,86.20967,-3.1404982
-2.8991954,-2.0615604,-5.908039,-1.8176296,-2.665205,1.1991285,107.701195,86.18082,-3.5747056
-2.8327687,-2.3035433,-6.3445573,-1.9599612,-2.7907379,1.2159272,107.03023,85.93033,-4.0340576
-2.7262766,-2.613874,-6.7055893,-2.044566,-2.819143,1.2284501,106.34923,94.52788,-4.511845
-2.5138292,-3.1156118,-6.9135165,-2.072971,-2.7302623,1.2486086,105.676,95.179665,-5.0086684
-2.2752354,-3.640139,-7.141657,-2.01555,-2.5357015,1.2666291,105.05642,95.97182,-5.4976673
-1.794051,-4.471751,-7.570539,-1.8741345,-2.2244658,1.2889256,104.5079,96.8626,-6.000854
-1.393204,-5.362117,-7.734971,-1.6655241,-1.8368717,1.3130548,104.06656,97.777756,-6.4605017
-1.1794999,-6.407409,-7.2657514,-1.4327844,-1.6594155,1.3078625,103.66596,98.70564,-6.920635
-0.88230526,-7.4962907,-6.926303,-1.3347405,-1.398576,1.3078625,103.447334,99.610664,-7.275911
-0.31232116,-8.718999,-7.0182357,-1.2244794,-1.1887437,1.320996,103.27564,100.49048,-7.6286244
0.23013648,-10.027778,-7.0888143,-1.1487321,-0.8900307,1.4425583,103.21836,101.241135,-7.919871
0.6132811,-11.812425,-7.0384007,-0.9233228,-0.50946164,1.5558738,103.25422,101.936386,-8.196252
0.9697225,-13.425807,-6.838473,-0.66828656,-0.08460484,1.5622878,103.45483,102.429,-8.264605
1.2552022,-14.562968,-6.1723537,-0.591623,0.32162055,1.5118915,103.76498,102.91916,-8.33169
1.5542442,-15.475374,-5.415206,-0.65484756,0.66248333,1.4376713,104.22535,103.15448,-8.18319
1.9084804,-15.642919,-4.3237753,-0.86070913,0.90285885,1.287704,104.75838,103.398766,-8.005602
2.223195,-15.59588,-3.2537687,-1.1982121,0.98929626,1.1151345,105.305885,103.51704,-7.7457614
2.4062064,-14.779024,-2.2271202,-1.5531249,0.9224065,0.93828905,105.85878,103.69191,-7.4693613
2.5815217,-13.922165,-1.1897309,-1.858863,0.73761976,0.73426,106.312195,103.80961,-7.1660028
2.6392932,-12.863022,-0.28464493,-2.098933,0.43799037,0.5195409,106.699425,103.99716,-6.8468347
2.6898458,-11.826146,0.5885652,-2.2412646,0.035430185,0.30176744,106.91804,104.16416,-6.553486
2.675634,-10.82183,1.2991664,-2.3014348,-0.4841107,0.113926366,107.011024,104.36413,-6.2514524
2.628688,-9.845981,1.9712089,-2.2363777,-1.0225884,-0.056199603,106.90181,104.53617,-6.0032973
2.1881378,-9.358059,2.0754251,-2.0274618,-1.4526376,-0.23915374,106.671234,104.66945,-5.736046
1.7236178,-8.898135,2.1575842,-1.7486018,-1.7345519,-0.43127087,106.2734,104.72769,-5.508804
1.0883182,-8.915077,1.9415822,-1.4416419,-1.8555032,-0.58276546,105.79848,104.7094,-5.266668
0.44433376,-8.93225,1.7226275,-1.1780536,-1.8185458,-0.677755,105.27441,104.63218,-5.0712523
-0.7356647,-8.931323,1.1942307,-0.9251554,-1.7583756,-0.70921457,104.72418,104.46743,-4.864269
-1.9885044,-8.926832,0.61945117,-0.70066243,-1.5677856,-0.7104363,104.22283,104.2356,-4.634561
-2.5328045,-8.592976,0.41067082,-0.6206391,-1.3778065,-0.65087694,103.76534,104.007095,-4.508435
-2.7954469,-8.147422,0.34501025,-0.5207626,-1.2782356,-0.5503896,103.34064,103.720924,-4.3928246
-2.9483485,-7.8138285,0.09284581,-0.46609017,-1.273654,-0.3820962,102.92664,103.57529,-4.488141
-3.0528722,-7.533516,-0.23022637,-0.49205196,-1.3530666,-0.16218472,102.52816,103.44033,-4.6210313
-3.1153529,-7.443729,-0.7156044,-0.5546656,-1.4138476,0.046731193,102.10061,103.38665,-4.8317046
-3.1609144,-7.433604,-1.277531,-0.6637051,-1.3805555,0.2275473,101.6916,103.372154,-5.08901
-3.0858777,-7.4277816,-1.6560541,-0.77763146,-1.244638,0.35033122,101.305,103.4708,-5.397824
-2.9813604,-7.423031,-1.9886088,-0.8530733,-1.0546589,0.44012842,100.955215,103.603874,-5.735656
-2.6296246,-7.352441,-2.0736628,-0.8940013,-0.852157,0.50823987,100.69102,103.84346,-6.0770864
-2.209994,-7.2638526,-2.092313,-0.9239337,-0.6948592,0.5708536,100.4764,104.10689,-6.4264627
-1.7614747,-7.3107705,-1.9488415,-0.92179567,-0.5714644,0.6469063,100.32908,104.44011,-6.77335
-1.2951515,-7.4089437,-1.7426775,-0.91354895,-0.52381694,0.7067711,100.21175,104.77985,-7.120331
-0.9593177,-7.5457053,-1.5846723,-0.8689558,-0.5235115,0.7461719,100.149086,105.09646,-7.4259186
-0.664711,-7.6930084,-1.4421207,-0.8335256,-0.57787853,0.75991637,100.09068,105.40983,-7.73076
-0.44990706,-7.802165,-1.4463857,-0.81153446,-0.6215554,0.7425067,100.033905,105.66625,-7.9868426
-0.264574,-7.8970914,-1.4961092,-0.7965683,-0.66859204,0.7076874,99.9634,105.90732,-8.23535
-0.18852094,-7.983112,-1.5981314,-0.8035932,-0.66706485,0.6835582,99.87402,106.122665,-8.451747
-0.17003696,-8.061668,-1.7228984,-0.8142834,-0.6600399,0.65576386,99.77288,106.32239,-8.652357
-0.24375832,-8.153116,-1.8353149,-0.84971356,-0.66156703,0.6206391,99.669846,106.52589,-8.822819
-0.37690026,-8.252972,-1.9399264,-0.88331115,-0.66248333,0.60994893,99.57144,106.72412,-8.986005
-0.6156295,-8.394507,-1.9679714,-0.9407325,-0.6612616,0.59223384,99.46838,106.95584,-9.138409
-0.9336813,-8.568442,-1.9431237,-1.006095,-0.6994407,0.59864795,99.358406,107.19191,-9.2924595
-1.2319584,-8.752038,-1.9252648,-1.0809261,-0.7690793,0.60994893,99.23553,107.458694,-9.450997
-1.522784,-8.942743,-1.910962,-1.16492,-0.8738427,0.63163465,99.09772,107.73687,-9.614656
-1.758126,-9.129745,-1.8815857,-1.2437216,-0.96852684,0.655153,98.918945,108.04211,-9.824825
-1.9638834,-9.316362,-1.8433052,-1.3038919,-1.0305296,0.6908886,98.727905,108.35685,-10.042872
-2.1137142,-9.524117,-1.7464532,-1.3356569,-1.0705414,0.7302894,98.49511,108.69381,-10.309349
-2.2319992,-9.746492,-1.6139742,-1.3564262,-1.0720685,0.75441855,98.26347,109.03239,-10.5743065
-2.2960074,-9.983139,-1.4104742,-1.3646729,-1.0375546,0.77549344,98.00974,109.378654,-10.870489
-2.3244526,-10.2344055,-1.1544665,-1.3640621,-0.9761627,0.7819075,97.77005,109.71556,-11.156954
-2.326249,-10.492465,-0.84189844,-1.3326025,-0.9080512,0.7840455,97.51032,110.03023,-11.459675
-2.3071046,-10.765266,-0.47337627,-1.2809844,-0.8707884,0.78954333,97.26544,110.32915,-11.751848
-2.2508156,-11.051733,-0.14355409,-1.1930199,-0.86070913,0.7984009,96.99801,110.5591,-12.038675
-2.1609888,-11.3590355,0.16374846,-1.0616838,-0.915687,0.8206975,96.72843,110.76138,-12.322655
-2.0063078,-11.73405,0.26334623,-0.8888089,-1.0076222,0.82711154,96.377884,110.89642,-12.6211405
-1.7839285,-12.183642,0.15699099,-0.6536258,-1.0836749,0.8081747,96.01957,110.98167,-12.910214
-1.4260178,-12.646939,-0.1445786,-0.36193767,-1.112691,0.79198676,95.593796,110.977585,-13.203163
-0.95152664,-13.112035,-0.61906964,-0.05131268,-1.0589349,0.7672467,95.170425,110.913445,-13.475048
-0.3524825,-13.377825,-1.120968,0.25350907,-1.0189233,0.72692966,94.72704,110.784775,-13.708774
0.3783193,-13.434771,-1.6524603,0.38453966,-0.8857546,0.6994407,94.32635,110.63125,-13.916256
1.0930493,-13.329134,-2.0470212,0.5821546,-0.68844515,0.62949663,94.01067,110.40184,-14.017199
1.8284746,-13.023503,-2.300122,0.6462954,-0.47800204,0.52503866,93.732925,110.16918,-14.08467
2.3929439,-12.7576065,-2.3763685,0.57635134,-0.2761111,0.4016439,93.574585,109.9542,-14.055644
2.7467241,-12.537689,-2.2233825,0.38637227,-0.086132,0.24007004,93.461754,109.72649,-13.9724455
2.915727,-12.407772,-1.9640954,0.1414153,-0.0033597588,0.03848451,93.417366,109.49936,-13.775087
2.8320055,-12.398469,-1.5408365,-0.087659165,0.037873644,-0.13775012,93.40323,109.28306,-13.532912
2.5533264,-12.420577,-1.0934372,-0.25320363,0.048258353,-0.26542094,93.37875,109.0555,-13.227485
1.8650111,-12.507218,-0.5687773,-0.33567044,0.019242255,-0.30482176,93.346,108.845276,-12.903053
1.1905819,-12.592112,-0.054701913,-0.2968805,-0.029321533,-0.29535335,93.24065,108.59724,-12.587878
0.49137554,-12.680123,0.4782596,-0.19272798,-0.023823744,-0.2602286,93.14025,108.35535,-12.273447
-0.027037242,-12.850796,0.7880921,-0.040927973,0.061391957,-0.21563543,93.04452,108.11008,-11.974931
-0.2413518,-13.223516,0.6716168,0.17440203,0.21197024,-0.16982053,92.97024,107.8406,-11.687558
-0.35942063,-13.615943,0.54813874,0.43188173,0.4184427,-0.16371189,92.736176,107.53144,-11.601781
-0.17172185,-14.109887,0.39007658,0.6936375,0.6224717,-0.17165314,92.547615,107.190346,-11.516549
0.033290397,-14.565235,0.272703,0.95142263,0.77457714,-0.21777347,92.39973,106.81861,-11.433573
0.3037763,-14.959101,0.25372154,1.2034045,0.84879726,-0.2724459,92.28741,106.4047,-11.339768
0.5744623,-15.305545,0.22604187,1.455081,0.8897252,-0.3436117,92.215515,105.936554,-11.204041
0.8220058,-15.489434,0.17653316,1.6862935,0.90133166,-0.43004912,92.15295,105.42659,-11.049901
1.0677563,-15.671991,0.12738307,1.8912388,0.90133166,-0.48472157,92.10299,104.846176,-10.843906
1.3162462,-15.856584,0.07768508,1.9853121,0.895223,-0.60048056,92.04754,104.23534,-10.602631
1.5326926,-15.991522,0.04551249,2.1374176,0.8915578,-0.7492262,91.98951,103.584785,-10.347534
1.6231557,-15.939148,0.078841,2.281887,0.87598073,-0.9007208,91.92162,102.91996,-10.067054
1.6776986,-15.8166065,0.1244807,2.4190264,0.8585711,-1.0503827,91.87202,102.169044,-9.683081
1.5881561,-15.400234,0.22297737,2.5476136,0.8213083,-1.1688906,91.80844,101.39756,-9.277526
1.487959,-14.973742,0.3176767,2.713158,0.78954333,-1.2318097,91.74563,100.59984,-8.851887
1.223035,-14.411359,0.3455634,2.9553661,0.7611381,-1.2498302,91.67163,99.791756,-8.4187355
0.91546136,-13.835269,0.36262077,3.2467487,0.8127562,-1.2421945,91.60923,99.001015,-8.003048
0.36567912,-13.668669,0.22101021,3.5848627,0.90041536,-1.2815952,91.54835,98.21918,-7.5805817
-0.37781167,-13.463229,-0.032278914,3.8774672,0.9211848,-1.3949108,91.49065,97.51884,-7.1935554
-1.2649256,-13.441325,-1.0289129,4.015828,1.0091494,-1.4999796,91.47764,96.90665,-6.805866
-2.3725877,-13.413976,-2.2733233,3.9834523,1.1591167,-1.5671748,91.50547,96.50357,-6.5006113
-3.0965593,-13.376204,-3.1478662,3.8224893,1.2977833,-1.5696182,91.55397,83.759026,-6.1948643
-3.699847,-13.33538,-3.9053779,3.637397,1.3839152,-1.5176947,91.62814,83.87206,-5.897049
-4.474016,-13.43271,-4.565534,3.4245105,1.4037683,-1.4624114,91.791855,83.77206,-5.8049154
-5.3206296,-13.599095,-5.162568,3.2033772,1.4080443,-1.4178182,91.97282,83.637535,-5.7272673
-6.051423,-13.872115,-5.495594,3.019507,1.3655893,-1.3949108,92.307655,83.465385,-5.73384
-6.7467647,-14.193411,-5.725776,2.8655689,1.3228287,-1.4175128,92.6383,83.31427,-5.737843
-7.2638307,-14.327889,-5.6990104,2.7119362,1.3054191,-1.4993688,93.072,83.159546,-5.817761
-7.72301,-14.385891,-5.5588393,2.4767532,1.2718215,-1.5488489,93.478966,83.04626,-5.8911242
-7.8914146,-14.073272,-4.9743795,2.3710735,1.1786644,-1.6432275,93.99051,82.94422,-5.9411693
-7.934132,-13.584394,-4.172242,2.2009475,1.1563679,-1.7400496,94.49575,82.90694,-5.969215
-7.9004583,-12.964376,-3.5084124,1.9795089,1.0855075,-1.8206838,95.02535,82.880516,-5.970237
-7.8244324,-12.25163,-2.8954504,1.7672331,0.8915578,-1.8570304,95.49403,82.894264,-5.949098
-7.425125,-11.652008,-3.077554,1.6520851,0.71959925,-1.8655825,95.93505,82.89028,-5.889393
-6.8191657,-11.114464,-3.7568145,1.6444492,0.77671516,-1.8219056,96.3705,82.898186,-5.835132
-5.8196716,-10.757106,-3.6596496,1.745242,1.1417072,-1.7464638,96.847664,82.858795,-5.766297
-4.586868,-10.491207,-3.137521,1.9642372,1.5754215,-1.6120734,97.34852,82.771545,-5.733844
-3.2624795,-10.283643,-2.23403,2.1316142,1.8454239,-1.4428637,97.923515,82.726204,-5.686341
-1.8326126,-10.098829,-1.0862455,2.271808,1.9040669,-1.2721269,98.5495,82.61524,-5.686408
-0.78181654,-10.067559,-0.44436327,2.3716843,1.7852536,-1.1145236,99.0886,82.50003,-5.632227
0.08884355,-10.115136,-0.05423142,2.4242187,1.6948457,-1.0183123,99.6409,82.34388,-5.614248
0.56471425,-10.096809,0.18072994,2.4459045,1.6872098,-0.98746365,100.03803,82.16527,-5.493303
0.82511497,-10.039995,0.3322358,2.4281893,1.767844,-0.9816604,100.423584,81.9609,-5.398112
1.0850041,-9.920175,0.45448175,2.3606887,1.7583756,-1.0442741,100.81021,81.75405,-5.1523976
1.3402444,-9.7612505,0.5556147,2.2650883,1.6612481,-1.074512,101.18669,81.5284,-4.926094
