acc_x,acc_y,acc_z,gyro_x,gyro_y,gyro_z,azimuth,pitch,roll
1.9636452,-0.9126022,0.11714902,-0.3463606,0.035124753,0.39278635,297.52634,-75.65613,-0.76486903
1.6519156,-0.73114765,0.16367581,-0.34483343,0.0070249503,0.45265114,297.4287,-75.547615,-0.4603904
1.2888242,-0.5669873,0.15585423,-0.355829,0.0067195175,0.50579643,297.32837,-75.40014,-0.14772862
0.8501737,-0.42898485,0.06713839,-0.3539964,0.05100725,0.56107974,297.21823,-75.248566,0.18391512
0.4322451,-0.32207927,-0.0195615,-0.37018433,0.12370021,0.59315014,297.10986,-75.08927,0.4635256
0.031327862,-0.25048688,-0.10547234,-0.38423425,0.19303341,0.60994893,296.9864,-74.924255,0.75301415
-0.3148049,-0.19581248,-0.1957354,-0.39064834,0.2669481,0.61850107,296.86743,-74.79392,0.95939773
-0.591097,-0.16246688,-0.29100853,-0.4166101,0.3213151,0.61086524,296.73413,-74.650764,1.1627027
-0.8487711,-0.16093552,-0.4177395,-0.44440445,0.36468655,0.58184916,296.60635,-74.54639,1.2716534
-1.0969157,-0.2030733,-0.5956545,-0.4428773,0.4129449,0.5360342,296.46375,-74.44293,1.3685857
-1.345971,-0.23614745,-0.78275675,-0.42455134,0.4642576,0.46670106,296.3196,-74.38397,1.3760293
-1.6138364,-0.25462094,-0.99982005,-0.37873647,0.5195409,0.38087448,296.16635,-74.33527,1.3616494
-1.8209869,-0.23767717,-1.2246162,-0.3323107,0.5366451,0.3222314,296.04193,-74.34647,1.2794503
-1.8654801,-0.11408512,-1.491575,-0.29657507,0.5491679,0.20861048,295.91553,-74.37134,1.1541939
-1.8718903,0.07934712,-1.554354,-0.22235495,0.571159,0.12675454,295.822,-74.48658,0.95924073
-1.7834522,0.47240523,-1.1121635,-0.15088372,0.5662721,0.067500606,295.74097,-74.61191,0.74008524
-1.6758655,0.9826937,-0.32209918,-0.10629055,0.5332854,0.03848451,295.69806,-74.8281,0.49115968
-1.5068316,1.8471813,1.4117057,-0.14355333,0.50946164,0.02565634,295.65878,-75.03939,0.22973914
-1.2127216,2.873342,2.9331906,-0.37782016,0.59498274,0.03848451,295.55792,-75.11957,-0.0156787
-0.5638236,4.4287887,4.0735335,-0.6621779,0.73914695,0.0421497,295.45657,-75.16991,-0.26114124
0.1629179,6.438466,4.685145,-0.8918633,0.5152648,0.096516706,295.2754,-74.77103,-0.3807073
1.1503246,9.866178,3.7823732,-1.1160508,-0.0290161,0.310625,295.12833,-74.3031,-0.43004295
1.7558539,12.916105,2.5886555,-1.0833695,-0.057421334,0.7089091,294.75775,-73.67931,-0.25428876
0.95498705,14.625557,0.28909063,-0.45814893,0.33383787,0.93828905,294.4,-73.190475,-0.062238403
0.13283016,16.1913,-0.97231483,0.28863382,0.43066,0.97524637,294.2929,-73.209946,0.32056293
-0.8609398,17.09563,3.2462387,0.56046885,0.22999077,0.9663888,294.1483,-73.25288,0.71564996
-1.6252635,17.878447,6.5277944,0.26328292,-0.01038471,0.7440339,294.35266,-73.96111,0.82331526
-1.610724,18.319477,6.6586494,-0.40378192,-0.18753563,0.3933972,294.59113,-74.572075,0.8983858
-1.4638377,18.705933,6.360072,-0.8793405,-0.27458394,0.18448131,294.5438,-74.39789,0.8887541
-0.7519851,18.919952,4.25243,-0.72418076,-0.082161374,0.18906279,294.4779,-74.23194,0.84566605
0.0024574483,19.120134,2.675956,-0.2180789,-0.09560041,0.21624629,294.51392,-74.05856,0.7970491
1.042479,19.229862,4.6033354,0.22785273,-0.24098633,0.22785273,294.53293,-73.927155,0.75185984
2.0777838,19.33253,6.2860236,0.43951756,-0.51159966,0.26419923,294.75916,-74.20006,0.780882
3.2525568,19.394358,6.229814,0.4868596,-0.6258314,0.39522982,294.96707,-74.52735,0.8380719
3.9359574,19.433607,6.1742864,0.7312057,-0.63163465,0.4202753,295.03824,-74.65871,1.0255837
3.6898513,19.46256,5.8944006,0.8707884,-0.61819565,0.38362336,295.12802,-74.768715,1.226661
3.4292252,19.489866,5.6868267,1.1691961,-0.6075055,0.27214047,295.2052,-74.977554,1.5086677
2.9302557,19.503986,6.2987704,1.3982705,-0.5864306,0.119729586,295.2813,-75.20039,1.7517569
2.373715,19.517887,6.8690715,1.50731,-0.46639562,-0.061086524,295.37115,-75.50328,1.9043118
1.3282499,19.522638,6.6457224,1.5305228,-0.31978795,-0.2602286,295.45953,-75.84201,1.9968513
0.2869963,19.52745,6.400953,1.5033394,-0.2134974,-0.47769663,295.51785,-76.13362,1.9732322
-0.5016587,19.53209,5.92776,1.4801265,-0.022296581,-0.677755,295.52783,-76.43376,1.8820726
-1.3371896,19.513832,5.3955503,1.4144585,0.18478674,-0.86376345,295.56384,-76.76644,1.6339462
-1.9590633,19.25014,4.6660023,1.3164146,0.3191771,-1.0216721,295.5823,-77.07734,1.3389907
-2.6249027,18.967804,3.8848763,1.2421945,0.36254853,-1.1633929,295.63574,-77.43715,0.9268237
-3.2858424,18.687548,3.1094983,1.2257011,0.3042109,-1.2684617,295.69153,-77.766754,0.49359313
-3.9369824,18.411446,2.3456166,1.2556335,0.19425514,-1.3594806,295.76108,-78.06764,0.040569615
-3.7776794,17.524073,2.1325028,1.3112222,0.1328632,-1.4162911,295.84064,-78.348114,-0.41641638
-3.5447176,16.592224,1.9740887,1.3063353,0.058948494,-1.4504995,295.9608,-78.595665,-0.87053597
-3.057079,15.573682,1.8864967,1.2748758,0.05467244,-1.4526376,296.18927,-78.97278,-1.4481115
-2.54859,14.575364,1.811856,1.1640037,0.09621128,-1.4062119,296.42325,-79.2843,-2.00325
-1.9111314,13.544333,1.649284,1.0262536,0.11453723,-1.3374895,296.6477,-79.54146,-2.5205069
-1.2795074,12.5531,1.4786994,0.9108001,0.13469578,-1.2880094,296.85843,-79.73961,-3.0187876
-0.77256006,11.43026,1.297237,0.86376345,0.18417588,-1.1835514,297.02087,-79.8965,-3.4331803
-0.31556973,10.325866,1.1211053,0.7699956,0.25442538,-1.0833695,297.17026,-79.9912,-3.8260238
-0.12098614,9.255625,0.82221645,0.6872234,0.2950479,-0.9944886,297.27927,-80.08529,-4.1306043
0.01380268,8.247032,0.5154557,0.63255095,0.28863382,-0.94225967,297.38016,-80.15643,-4.410701
0.06501485,7.1899505,0.20787208,0.59742624,0.22999077,-0.9034697,297.45505,-80.22692,-4.6266856
0.09699235,6.1438293,-0.09363014,0.5647449,0.13683382,-0.86651236,297.54083,-80.28361,-4.8209333
-0.10499498,4.8853064,-0.43069464,0.5513059,0.04153884,-0.8426886,297.63766,-80.35008,-5.0010777
-0.38448766,3.576104,-0.77393126,0.5345071,-0.0027488936,-0.8020661,297.74496,-80.41022,-5.159749
-0.80839103,2.3939304,-0.8964049,0.52442783,0.024129177,-0.77732605,297.84467,-80.48009,-5.3256555
-1.2573621,1.2715026,-0.9618799,0.50823987,0.093767814,-0.754724,297.9439,-80.54555,-5.4769917
-1.4630475,0.47733513,-0.7631852,0.4813618,0.19150625,-0.72418076,298.0376,-80.59817,-5.6708007
-1.595124,-0.2113497,-0.48959807,0.46181414,0.25686884,-0.68203104,298.121,-80.64797,-5.8533506
-1.3884956,-0.65167165,-0.00033185678,0.42271876,0.28038713,-0.6072,298.1778,-80.654655,-6.091947
-1.0825412,-0.9947114,0.53740615,0.37232238,0.23182335,-0.5161811,298.23706,-80.656784,-6.3121414
-0.6009833,-1.0099709,1.0984555,0.30298916,0.17379116,-0.3924809,298.25638,-80.60883,-6.541757
-0.03710938,-0.8932217,1.6822016,0.18784106,0.0870483,-0.25992316,298.29587,-80.5541,-6.741362
0.47991064,-0.78617346,2.2174428,0.05467244,0.012217305,-0.1255328,298.2982,-80.47419,-6.869335
1.023069,-0.6737133,2.7797432,-0.09712757,-0.08155051,0.0015271631,298.3274,-80.39145,-6.9592733
1.5560902,-0.35306317,2.966616,-0.26083946,-0.13652839,0.11789699,298.36206,-80.30418,-7.0143
2.079681,0.04651923,3.003359,-0.32589662,-0.26816985,0.17623462,298.44318,-80.21912,-7.0450106
2.668157,0.59414077,2.8340693,-0.45937067,-0.47800204,0.35796702,298.4585,-80.12842,-6.8344536
3.0360181,0.9658336,2.6654665,-0.6169739,-0.54305923,0.4269948,298.4698,-79.99148,-6.637574
3.345018,1.3464422,2.356629,-0.6469063,-0.66950834,0.5516113,298.51965,-79.92241,-6.2801814
3.5767474,1.6822133,2.0019412,-0.68936145,-0.7461719,0.68508536,298.56702,-79.79912,-5.896773
3.5939593,1.8735996,1.7424397,-0.7247916,-0.77488256,0.81306165,298.61612,-79.719315,-5.407347
3.4924335,1.9889699,1.5301584,-0.7284568,-0.7791586,0.91538155,298.67157,-79.61234,-4.8821907
3.2866127,2.02666,1.3480822,-0.7318166,-0.7672467,0.9783007,298.7295,-79.53377,-4.2988715
2.9946077,2.0027251,1.1877189,-0.73548174,-0.7669413,1.0228939,298.785,-79.41941,-3.6888385
2.703245,1.978843,1.0277082,-0.73426,-0.7706065,1.0549643,298.84668,-79.30014,-3.0840952
2.4102473,1.9548268,0.8667996,-0.73456544,-0.7684685,1.070236,298.90256,-79.14091,-2.470613
1.9951874,1.8352339,0.6037099,-0.73945236,-0.75411314,1.0635164,298.9528,-78.94161,-1.8538556
1.4782795,1.6371664,0.25588393,-0.7302894,-0.6933321,1.0430524,298.98654,-78.70851,-1.2387648
0.9377292,1.4106282,-0.17357606,-0.73273283,-0.57604593,0.98990715,299.0359,-78.49885,-0.7411594
0.3860131,1.1654211,-0.6592748,-0.7174612,-0.39370266,0.9104946,299.05017,-78.27564,-0.26489618
-0.04981806,0.9316816,-1.0450792,-0.679893,-0.19914207,0.8246681,299.06277,-78.112,0.091907054
-0.38963133,0.70667005,-1.3481559,-0.6560693,-0.016187929,0.72601336,299.0314,-77.94101,0.4110597
-0.56586385,0.50111204,-1.5284383,-0.59650993,0.15515977,0.63132924,298.99915,-77.891464,0.58842075
-0.5465167,0.317314,-1.5622959,-0.5497787,0.22540927,0.5516113,298.94916,-77.84612,0.7356247
-0.4147654,0.14292558,-1.5050418,-0.5128214,0.34330627,0.5180137,298.88016,-77.87817,0.7942193
-0.15373842,-0.023182478,-1.3436798,-0.48502702,0.4129449,0.46975538,298.81146,-77.92502,0.82358855
0.13322698,-0.17033808,-1.1437289,-0.45081854,0.42852196,0.4343252,298.7355,-77.98017,0.85466075
0.45696303,-0.295967,-0.892471,-0.41447207,0.47158796,0.4184427,298.63477,-78.0469,0.8708279
0.7660925,-0.389048,-0.64976794,-0.41050145,0.4089743,0.41080686,298.54532,-78.05985,0.9439578
1.0663071,-0.44533825,-0.4105345,-0.37110063,0.3359759,0.4092797,298.44775,-78.09504,1.0121654
1.2786605,-0.49833676,-0.18484773,-0.34666604,0.28191432,0.41538838,298.333,-78.05202,1.152954
1.3704187,-0.55145985,0.042132672,-0.34788775,0.22510384,0.44073927,298.23865,-78.01153,1.3038899
1.4139692,-0.58742905,0.26143214,-0.35979962,0.17470746,0.4578435,298.12857,-77.89859,1.525686
1.3755187,-0.59704167,0.4969413,-0.38056904,0.15271631,0.47678033,298.02466,-77.77766,1.7583462
1.3195482,-0.59894145,0.70105976,-0.42943826,0.1459968,0.5018258,297.90634,-77.577774,2.0248246
1.2204431,-0.5847836,0.8615156,-0.47678033,0.14569137,0.5164866,297.79108,-77.36614,2.2962751
1.1010755,-0.5722013,0.9623919,-0.54061574,0.14019357,0.54428095,297.65622,-77.072136,2.5761735
0.90824336,-0.5625597,0.90454227,-0.5891795,0.14263703,0.552833,297.51788,-76.76344,2.8554342
0.6813082,-0.56460977,0.75388366,-0.59589905,0.1563815,0.5656612,297.36313,-76.40727,3.1242473
0.35414812,-0.59991485,0.3372841,-0.58001655,0.20555615,0.5467244,297.197,-76.040504,3.3843915
0.029542921,-0.6349442,-0.0760621,-0.5305365,0.26297748,0.5109888,297.03467,-75.70705,3.598704
-0.3014168,-0.67065924,-0.49750003,-0.47433686,0.36193767,0.48288897,296.84576,-75.37752,3.8034527
-0.6277707,-0.71663696,-0.8903855,-0.4297437,0.47952923,0.44226643,296.63718,-75.05917,3.989188
-0.95785886,-0.80886745,-1.1913482,-0.36896262,0.5525276,0.41141775,296.4131,-74.75945,4.165696
-1.2811505,-0.8692669,-1.398289,-0.31337386,0.6722572,0.39461896,296.24942,-74.74681,4.159106
-1.5985312,-0.81156135,-1.2581468,-0.28802297,0.7816021,0.36254853,296.0721,-74.74731,4.134384
-1.9391204,-0.6215989,-0.8314975,-0.2660318,1.0067059,0.28588495,295.87036,-74.87046,3.9927595
-1.7747914,0.79476076,2.2164147,-0.38515055,1.1252137,0.25625798,295.66772,-74.96189,3.853968
-1.568884,2.5694852,6.035504,-0.4605924,1.321607,0.22235495,295.3803,-75.06944,3.5724165
-0.20163038,6.0684767,4.082661,-0.7501425,1.215011,0.21319197,295.1465,-75.08185,3.3026538
1.1384649,9.755578,1.6298412,-1.1527027,0.591623,0.19486602,295.0067,-75.040276,3.0443308
0.5099601,12.082383,0.62245065,-1.5503759,0.12156218,0.35735616,294.44775,-74.00737,2.8267908
-0.30312836,14.615841,-0.1278428,-1.2162327,0.45020768,0.6731735,294.13,-73.90848,2.8942873
-2.4357042,15.729045,4.3207107,-0.3408628,0.7012733,0.85062987,293.96143,-73.854454,3.0054965
-4.748904,16.936537,9.146047,0.13133603,0.4529566,0.7959574,294.05908,-74.256294,2.9551008
-6.7638993,17.619375,6.4635563,-0.07391469,0.1600467,0.6918049,294.09674,-74.64297,2.9334834
-8.712357,18.24193,3.1654353,-0.84696466,-0.006414085,0.49388456,294.18408,-74.95295,2.88667
-7.3481236,18.570011,4.1948423,-1.310306,-0.27397305,-0.07544186,294.03668,-74.448074,2.4721222
-5.714099,18.869198,5.5849137,-1.0732902,-0.5045747,-0.5320636,293.94308,-73.95613,2.0872107
-3.716396,19.051195,5.490904,-0.6469063,-0.73273283,-0.7128797,294.3487,-74.133804,1.3468188
-1.7132791,19.207836,5.144393,-0.61666846,-0.8240572,-0.7247916,294.7887,-74.21673,0.6041994
0.32406744,19.297253,5.425794,-0.65270954,-0.74464476,-0.7076874,295.08032,-74.09215,0.11362709
2.2645707,19.37153,5.79254,-0.3203988,-0.74281216,-0.6356053,295.41174,-74.07196,-0.3185907
3.482191,19.41553,6.2162466,0.10720685,-0.8228355,-0.5112942,295.7138,-74.115234,-0.46405834
4.520544,19.452286,6.634344,0.27855456,-0.91874135,-0.47250426,296.01404,-74.17527,-0.6042404
4.7562184,19.47577,6.7189937,0.57848936,-0.8872818,-0.43279803,296.21637,-74.32088,-0.49359652
4.7752223,19.494774,6.714243,0.8393288,-0.77518797,-0.47158796,296.4182,-74.498215,-0.40552709
4.532234,19.506084,6.4282193,1.1887437,-0.627664,-0.53786683,296.55334,-74.7134,-0.22351506
4.2309756,19.5155,6.079889,1.5748106,-0.35094208,-0.6151413,296.62268,-75.00756,-0.08758868
3.8910205,19.521248,5.7854886,1.853976,-0.13622294,-0.66981375,296.67032,-75.36379,0.020111492
3.5401363,19.52599,5.505729,2.0491474,-0.011301007,-0.7247916,296.67166,-75.795166,0.083871335
3.0752776,19.530817,5.480417,2.2146919,0.06352998,-0.75808376,296.6614,-76.32065,0.083357364
2.5915136,19.535515,5.532081,2.3738225,0.108123146,-0.799928,296.631,-76.88446,0.055239167
1.9076573,19.448019,5.2454185,2.4596488,0.15607607,-0.8555168,296.60767,-77.48951,-0.029660093
1.1654199,19.331156,4.850611,2.4642303,0.20066923,-0.9095783,296.57898,-78.09764,-0.12892331
0.41707417,19.213331,4.452555,2.4174993,0.23609942,-0.96761054,296.56195,-78.692055,-0.29401022
-0.3306756,19.0956,4.054816,2.2806654,0.24740042,-1.0424415,296.55005,-79.240685,-0.47779948
-1.0705292,18.979113,3.6612768,2.1108449,0.35979962,-1.1001683,296.50858,-79.74575,-0.67736393
-1.8234935,18.860561,3.260764,1.8851302,0.47067168,-1.1078042,296.47195,-80.17668,-0.8801523
-2.1363883,18.126339,3.2500293,1.6936239,0.528093,-1.0897835,296.42682,-80.55094,-1.0900563
-2.2848883,17.144323,3.3889487,1.4856243,0.5317582,-1.0613784,296.37198,-80.84114,-1.29681
-2.3438585,15.699485,3.3750746,1.2669345,0.5030475,-1.0238101,296.43057,-81.14974,-1.7012984
-2.3670259,14.082417,3.3009396,1.0454959,0.48349985,-1.0164797,296.48874,-81.36949,-2.0946534
-2.3594253,12.203887,3.0752962,0.840856,0.43890667,-1.0204504,296.53046,-81.49265,-2.4823039
-2.3355048,10.185,2.7691143,0.76174897,0.3930918,-1.0381655,296.58054,-81.56661,-2.859635
-2.3209734,8.289372,2.3125904,0.5644395,0.35094208,-1.0824533,296.62244,-81.52044,-3.2464027
-2.3102407,6.223332,1.7061942,0.3912592,0.33628133,-1.0977248,296.67056,-81.44495,-3.6196759
-2.3770392,4.8335657,1.2590387,0.12308934,0.33322698,-1.0919216,296.70453,-81.28925,-3.999006
-2.4881423,3.2877846,0.742168,0.057421334,0.36896262,-1.063211,296.73236,-81.13151,-4.3692346
-2.6387236,2.1144717,0.3942626,-0.042760566,0.41813725,-0.9999864,296.7551,-80.916885,-4.743331
-2.8132958,1.1425291,0.13948159,-0.093462385,0.4474588,-0.90377516,296.77206,-80.701164,-5.094892
-2.821621,0.5329078,0.10221006,-0.14202617,0.42913285,-0.7806858,296.78015,-80.48816,-5.4523
-2.7222178,0.16843037,0.20634647,-0.16249016,0.3390302,-0.63438356,296.79706,-80.28462,-5.770664
-2.3794272,-0.05567326,0.4152789,-0.15882497,0.1151481,-0.4718934,296.89215,-80.109604,-6.0395327
-1.8657595,-0.18291202,0.69803166,-0.1554652,-0.118202426,-0.28313604,297.00894,-79.962555,-6.249634
-1.2691244,-0.21046586,0.9710092,-0.19425514,-0.33078352,-0.119729586,297.1486,-79.82671,-6.407914
-0.5992168,-0.15783025,1.2389723,-0.2733622,-0.5225952,0.013744468,297.34024,-79.71463,-6.510272
0.15351261,0.12626782,1.4380095,-0.36041048,-0.66675943,0.13500121,297.51932,-79.62806,-6.5081344
0.976753,0.6021293,1.5807679,-0.464563,-0.7761043,0.2452624,297.73242,-79.54366,-6.464613
1.7156744,1.0756075,1.6002691,-0.5681047,-0.84391034,0.36285394,297.91183,-79.44626,-6.341443
2.3998222,1.5602124,1.5099996,-0.6976081,-0.8741482,0.4804455,298.1024,-79.33273,-6.1835766
2.9780974,1.9377624,1.332664,-0.8072584,-0.8790351,0.5748242,298.2612,-79.229675,-5.9080563
3.4590425,2.2139487,1.0660014,-0.87017757,-0.8576548,0.6737844,298.41232,-79.1106,-5.5955443
3.7929914,2.3695946,0.9175335,-0.91996306,-0.8188649,0.7244862,298.5331,-79.00528,-5.183006
3.9734385,2.3980863,0.8937904,-0.9492846,-0.79443026,0.81061816,298.64297,-78.88246,-4.7297997
4.0203166,2.315869,0.89623076,-0.9798279,-0.7632761,0.8906415,298.7306,-78.78046,-4.2047133
3.910358,2.1007326,0.9296964,-1.0015136,-0.71776664,0.94225967,298.80322,-78.64848,-3.66223
3.673309,1.8281562,0.86083496,-1.0387764,-0.66767573,0.9804387,298.85684,-78.4855,-3.0760205
3.2510827,1.459315,0.6521484,-1.058324,-0.61117065,0.9932669,298.89368,-78.28906,-2.4825907
2.7906303,1.1020148,0.3782405,-1.0601566,-0.53786683,0.98349303,298.91052,-78.04156,-1.9021782
2.194442,0.69970876,-0.038606703,-1.0412198,-0.4288274,0.9505063,298.90094,-77.763565,-1.3277606
1.6356431,0.33076,-0.46038392,-0.99265605,-0.31581733,0.8958339,298.8938,-77.48761,-0.827414
1.0938559,-0.013157135,-0.92208093,-0.9059132,-0.20158553,0.829555,298.85736,-77.20778,-0.34415647
0.6241554,-0.30879116,-1.317854,-0.8078693,-0.070249505,0.7641924,298.8299,-76.991165,0.026478933
0.24697198,-0.53981596,-1.6243155,-0.6942484,0.047647487,0.68325275,298.7791,-76.79539,0.36959603
-0.07099443,-0.7309897,-1.8494977,-0.5864306,0.15057829,0.6072,298.74265,-76.70224,0.59895355
-0.24922457,-0.82505566,-1.8544486,-0.49754974,0.25778514,0.5342017,298.6775,-76.63589,0.79939026
-0.33738878,-0.86724055,-1.7723143,-0.4392121,0.34483343,0.4783075,298.62,-76.65249,0.91199344
-0.2079492,-0.78334457,-1.4654945,-0.38453966,0.3753767,0.4129449,298.55435,-76.697205,0.9980349
-0.08171574,-0.7015266,-1.1662744,-0.35613444,0.40378192,0.35827246,298.47235,-76.75614,1.036379
0.044873964,-0.6194777,-0.86621,-0.33108896,0.41691554,0.310625,298.39035,-76.83385,1.0567551
0.23843856,-0.46174547,-0.59329295,-0.31764993,0.42180246,0.29352075,298.30533,-76.91939,1.0687168
0.6532022,-0.051695086,-0.42361695,-0.30543262,0.41080686,0.267559,298.2252,-77.01595,1.0644131
1.00744,0.30149916,-0.29461858,-0.2941316,0.3680463,0.25534168,298.1093,-76.98692,1.1184325
1.1149018,0.4229777,-0.3319966,-0.25259277,0.34238997,0.24465153,297.99335,-76.97122,1.1653413
1.2052643,0.5260177,-0.36533198,-0.23365596,0.30665436,0.24709499,297.87286,-76.92187,1.2941267
1.1938102,0.5202906,-0.37678617,-0.19486602,0.26450464,0.23243423,297.76318,-76.889915,1.4182953
1.1780022,0.5008244,-0.3708299,-0.160963,0.26053402,0.2275473,297.65234,-76.87231,1.5656947
1.1120929,0.3878369,-0.28608927,-0.15699236,0.25595254,0.22999077,297.55414,-76.8561,1.7149389
1.041737,0.275202,-0.19897795,-0.15027285,0.25350907,0.22418754,297.4594,-76.85111,1.8605423
0.8951204,0.12369823,-0.052361388,-0.16218472,0.258396,0.22540927,297.36353,-76.84019,2.009683
0.74626404,-0.027753253,0.095926926,-0.18570304,0.2593123,0.23304509,297.26492,-76.80138,2.151038
0.58427846,-0.17585433,0.25328434,-0.2134974,0.267559,0.24617869,297.16257,-76.756226,2.2944965
0.4189122,-0.32453632,0.41426998,-0.24465153,0.28405234,0.25961772,297.0486,-76.664925,2.415153
0.2613353,-0.43576708,0.57184684,-0.2883284,0.2996294,0.2751948,296.93146,-76.560135,2.5402708
0.09393959,-0.5494422,0.73852974,-0.31123585,0.31245756,0.28893927,296.7986,-76.40967,2.6354544
-0.049072083,-0.59413326,0.8726032,-0.3399465,0.32162055,0.30482176,296.66068,-76.243004,2.7349
-0.20654473,-0.6431669,1.0192697,-0.3475823,0.32986724,0.32589662,296.50214,-76.0366,2.7994542
-0.31614044,-0.67385375,1.1025624,-0.36743546,0.34208453,0.344528,296.3379,-75.81671,2.8664393
-0.43013778,-0.705773,1.1892004,-0.3921755,0.3399465,0.3622431,296.15588,-75.564766,2.895873
-0.5117041,-0.69533914,1.2148936,-0.40653083,0.32436943,0.38637227,295.97083,-75.30775,2.93199
-0.5873156,-0.681162,1.2337965,-0.42455134,0.31978795,0.40530908,295.78064,-75.04109,2.970545
-0.5893335,-0.653382,1.1379801,-0.42577308,0.30390546,0.41599923,295.58502,-74.75587,2.980688
-0.58461267,-0.625057,1.0341216,-0.44165558,0.29016098,0.4288274,295.38626,-74.459656,2.996893
-0.5535982,-0.59627503,0.86741394,-0.47739118,0.26511553,0.43249258,295.18958,-74.16091,2.9947658
-0.52068037,-0.56805974,0.6981222,-0.46761733,0.25900686,0.44929138,294.98697,-73.86891,3.0000913
-0.49225116,-0.3866074,0.43098933,-0.4792238,0.25045475,0.4541783,294.801,-73.59216,3.0049963
-0.46502796,-0.19150771,0.15875717,-0.4792238,0.23854288,0.45112398,294.6147,-73.32085,3.0135965
-0.5036692,0.562486,0.14932735,-0.5119051,0.25289822,0.4560109,294.44275,-73.080536,3.0344856
-0.5566914,1.4253016,0.20234954,-0.5635232,0.32070425,0.4382958,294.25983,-72.83605,3.0447664
-0.74891376,1.97182,0.22242692,-0.70188415,0.5006041,0.48075095,294.04187,-72.674545,3.0340712
-0.96267736,2.4493768,0.23607141,-0.9279043,0.8026769,0.50640726,293.77567,-72.4752,2.9998934
-0.7831281,3.5395436,3.236884,-1.0277808,1.0118983,0.52687126,293.44354,-72.38979,2.888086
-0.48286822,4.798698,7.1160474,-1.181108,0.8897252,0.5928447,293.12555,-72.21477,2.8129086
0.5661049,7.961372,5.6242433,-1.5766432,0.5491679,0.67011917,292.84265,-71.99118,2.7041657
1.7872931,11.553661,2.7969785,-2.1352794,0.27672195,0.8023715,292.5741,-71.667534,2.648302
0.9501674,13.716978,2.1784244,-1.949271,0.37048978,1.0372492,291.81793,-70.531555,2.7605515
-0.4052837,15.483738,2.1363587,-1.321607,0.45998153,1.1429288,291.12042,-69.4239,2.901222
-2.7700696,16.61388,5.416666,-0.8924741,0.5644395,1.1154399,290.91107,-69.32257,3.1603873
-5.4042253,17.51743,9.681034,-0.9108001,0.39828414,0.9401216,290.75793,-69.253975,3.4095042
-6.666976,18.058277,7.4118376,-1.432479,-0.3475823,0.65087694,290.87396,-69.393036,3.3980038
-7.5167713,18.48999,3.1719503,-1.6264287,-0.6948592,0.2125811,290.9569,-69.58816,3.2911928
-6.789968,18.790373,2.6895885,-1.4553864,-1.1181889,0.01038471,290.91132,-69.03492,2.9890478
-5.226961,19.027346,4.16184,-0.89919364,-1.3539828,-0.27885997,290.9681,-68.58247,2.6072795
-3.6994207,19.167782,2.7297907,-0.70524395,-1.303281,-0.44929138,291.58722,-68.94079,2.0830057
-2.161973,19.2776,0.29549843,-0.6768387,-0.6994407,-0.5500842,292.12106,-69.35968,1.5130234
0.5546332,19.36193,1.0771292,-0.26939157,-0.15790866,-0.46822822,292.47668,-69.65402,1.1639956
2.8839512,19.410711,2.8373294,0.36987892,-0.09101892,-0.39461896,292.79843,-69.99782,0.8002696
4.244331,19.450106,3.6724236,0.49418998,-0.23243423,-0.25320363,293.2258,-70.64752,0.61243886
4.8099113,19.478386,3.8091054,0.80664754,-0.38545597,-0.21227567,293.61743,-71.47677,0.4187592
4.3137393,19.4975,3.9319332,1.2608259,-0.35369098,-0.23273966,293.7817,-71.99779,0.5321631
3.2006223,19.511242,4.046451,1.681712,-0.16432275,-0.24770586,293.9226,-72.570335,0.6483456
1.9182686,19.520197,4.4959397,1.9679024,-0.022602014,-0.26145032,294.0542,-73.17488,0.8102906
0.4863483,19.525135,5.2316504,2.171015,-0.11026118,-0.33505958,294.18866,-73.8484,0.9458141
-0.53794134,19.529915,5.646471,2.3200662,-0.29016098,-0.3930918,294.3005,-74.565475,0.95944554
-1.304834,19.53468,5.8512936,2.3872614,-0.50335294,-0.4868596,294.4514,-75.290665,0.9470112
-1.6335537,19.531876,5.8661633,2.4126122,-0.6575964,-0.6123924,294.6256,-75.95837,0.79272336
-1.643004,19.523607,5.743311,2.3930645,-0.6976081,-0.7837401,294.8395,-76.612625,0.6079118
-1.6526511,19.515165,5.6178985,2.3212879,-0.61636305,-0.926988,295.07602,-77.227715,0.33488777
-1.6619706,19.507011,5.4967446,2.1844542,-0.47433686,-1.0125091,295.31696,-77.79749,0.034991056
-1.6714151,19.498747,5.373966,1.9856175,-0.34422258,-1.0601566,295.55038,-78.30332,-0.29561535
-1.6809126,19.490437,5.2504983,1.7330247,-0.3100141,-1.0522153,295.77588,-78.731926,-0.628986
-1.6903383,19.48219,5.127966,1.5891659,-0.25595254,-1.022283,295.964,-79.11337,-0.9680802
-1.6998224,19.47389,5.0046706,1.2840388,-0.26206118,-0.9807441,296.16095,-79.35857,-1.2909944
-1.6874715,18.86879,5.0218997,0.9627236,-0.2828306,-0.9297369,296.34665,-79.54646,-1.5906292
-1.651706,17.619383,5.188805,0.6230826,-0.30726522,-0.8949176,296.53503,-79.63193,-1.8743553
-1.6163031,16.382643,5.354018,0.31887165,-0.31764993,-0.8735373,296.74777,-79.6747,-2.1507802
-1.5807794,15.141681,5.519796,0.044898596,-0.31948254,-0.8695667,296.96234,-79.62602,-2.4134881
-1.392793,13.674153,5.3884163,-0.1572978,-0.30757064,-0.87781334,297.17285,-79.511406,-2.6657662
-1.0162395,11.934381,4.887934,-0.31642818,-0.29871312,-0.8533788,297.37967,-79.33733,-2.899312
-0.5400076,10.248679,4.281899,-0.45234573,-0.29993483,-0.83016586,297.54034,-79.04804,-3.116102
0.093127966,8.555521,3.504869,-0.54153204,-0.312763,-0.79717916,297.69586,-78.73732,-3.3153775
1.0208398,7.216267,2.8736186,-0.5815437,-0.3567453,-0.7290677,297.8501,-78.431755,-3.466723
2.4381075,6.309598,2.4155118,-0.54519725,-0.75136423,-0.59040123,298.09506,-78.139084,-3.5617452
2.939155,4.6287394,1.6974754,-0.36651915,-0.49449542,-0.5516113,298.15198,-77.93266,-3.6484103
1.9343971,1.5252571,0.49082646,-0.3744604,-0.16126843,-0.5907067,298.2869,-77.69631,-3.697161
1.3685066,-0.7113423,-0.3313087,-0.37904188,-0.035430185,-0.5873469,298.34552,-77.544624,-3.6362567
1.7553415,-1.1755443,-0.35065043,-0.31856623,0.006414085,-0.5476407,298.33514,-77.40979,-3.5855837
2.075223,-1.5322909,-0.37865293,-0.23671028,0.016798794,-0.48563787,298.35962,-77.31233,-3.6737893
2.2507553,-1.655638,-0.42609408,-0.19486602,-0.046731193,-0.36560285,298.38742,-77.22949,-3.7303658
2.26329,-1.7895447,-0.37187675,-0.19517145,-0.074830994,-0.22327125,298.3813,-77.163345,-3.7250917
1.8577583,-1.9585162,-0.053244736,-0.19914207,0.033292156,-0.15668693,298.35217,-77.11233,-3.7084155
1.5598596,-1.9886951,0.19385578,-0.25228736,0.3155119,-0.06291912,298.26697,-77.067924,-3.6310449
1.5192426,-1.65022,0.2750898,-0.37904188,0.5155703,0.005192355,298.17206,-77.00563,-3.5399106
1.509139,-1.2980719,0.36358434,-0.48838675,0.6649268,0.07360926,298.00388,-76.88991,-3.4779007
1.6971691,-0.82799643,0.50665075,-0.5821546,0.782213,0.15454891,297.7837,-76.74784,-3.40169
1.91143,-0.29234436,0.6696753,-0.63407815,0.86132,0.2687807,297.52606,-76.59127,-3.304913
2.1695135,0.29763758,0.96003133,-0.6899723,0.8695667,0.3023783,297.2555,-76.40484,-3.209372
2.4881203,1.0222118,1.3248879,-0.7663304,0.84513205,0.3707952,296.96228,-76.20483,-3.073662
2.7077427,1.5972396,1.3845644,-0.84116143,0.7440339,0.45204028,296.67493,-75.98719,-2.8838136
2.9157748,2.1534986,1.4116989,-0.9086621,0.55741453,0.54183745,296.4128,-75.748634,-2.6630762
2.8904488,2.5295553,1.1728007,-0.9401216,0.38362336,0.63132924,296.14636,-75.477684,-2.360517
2.8076546,2.8423333,0.87842125,-0.95203346,0.23151793,0.70249504,295.91986,-75.18576,-2.0251167
2.6258678,2.9538543,0.40565294,-0.9324858,0.09285152,0.73731434,295.7292,-74.90803,-1.6270928
2.4201071,2.9959419,-0.10407279,-0.8958339,-0.010995574,0.754724,295.56586,-74.62051,-1.2053732
2.164307,2.791323,-0.66003644,-0.82527894,-0.07727446,0.7498371,295.44904,-74.404045,-0.7912666
1.9037417,2.5118074,-1.2048547,-0.74372846,-0.09285152,0.7263188,295.34634,-74.19095,-0.3743465
1.623968,2.008948,-1.544793,-0.63438356,-0.069027774,0.6814202,295.29092,-74.09164,-0.0037395281
1.3490975,1.454626,-1.8059199,-0.5476407,-0.03756821,0.6160576,295.24176,-74.00312,0.3544617
1.1008722,0.854718,-1.8526171,-0.4633413,0.019242255,0.537256,295.2266,-74.027565,0.64560825
0.8717037,0.25315076,-1.8048737,-0.41141775,0.036957346,0.4999932,295.2169,-74.06552,0.93083346
0.65809566,-0.30118847,-1.6819468,-0.37934732,0.090713486,0.43493605,295.21085,-74.146935,1.1356121
0.4594638,-0.8139359,-1.5341276,-0.34972036,0.1423316,0.36163223,295.20544,-74.24408,1.327378
0.29561502,-1.1804792,-1.3356194,-0.30695978,0.17104226,0.2837469,295.19305,-74.317795,1.4662979
0.15329078,-1.4651277,-1.1173891,-0.25350907,0.1966986,0.21777347,295.17276,-74.406364,1.5854791
0.049479518,-1.6497469,-0.8565587,-0.22021692,0.19975294,0.16982053,295.14035,-74.44956,1.6582804
-0.034226723,-1.7826921,-0.57589656,-0.1872302,0.1957823,0.11301007,295.10892,-74.511894,1.7095768
-0.0640721,-1.8096764,-0.33271247,-0.16187929,0.17470746,0.07727446,295.06613,-74.52544,1.733652
-0.07344652,-1.7956148,-0.09835195,-0.14019357,0.16829337,0.049785517,295.02423,-74.54988,1.7436595
-0.05013262,-1.6996477,0.11619798,-0.12858713,0.15974127,0.02321288,294.97247,-74.515205,1.7346617
-0.009173284,-1.5585655,0.3255457,-0.11056661,0.13775012,0.0106901415,294.92712,-74.48888,1.7233474
0.04112843,-1.4050636,0.5102977,-0.11178834,0.13225232,0.0018325958,294.86453,-74.40817,1.7054101
0.098817565,-1.2424852,0.6728762,-0.10903945,0.124005646,0.002443461,294.80884,-74.332855,1.6883426
0.14409837,-1.1387475,0.7247442,-0.116980694,0.116675265,0.013439035,294.7393,-74.210526,1.6809131
0.18495718,-1.0570298,0.73382396,-0.1160644,0.12095132,0.011301007,294.66943,-74.09036,1.6697052
0.26715294,-0.9916983,0.7254068,-0.11881329,0.1255328,0.02687807,294.58868,-73.93781,1.6767176
0.3755914,-0.9374791,0.70569074,-0.105068825,0.13988814,0.036651913,294.50415,-73.788704,1.6804792
0.49598774,-0.9037836,0.6835171,-0.093462385,0.16982053,0.059253927,294.4121,-73.63725,1.6995611
0.6242505,-0.8800313,0.65976477,-0.08277224,0.21044308,0.086437434,294.31143,-73.48733,1.7206943
0.73645395,-0.8564718,0.64821935,-0.064446285,0.26083946,0.10567969,294.19995,-73.344406,1.7675163
0.8429061,-0.83227813,0.6433806,-0.046731193,0.2883284,0.113926366,294.08173,-73.20203,1.8176849
0.94365114,-0.8265856,0.6654879,-0.044898596,0.33567044,0.12461651,293.94238,-73.05977,1.8987081
1.0410141,-0.83122194,0.70257854,-0.034208454,0.3830125,0.13622294,293.7942,-72.92262,1.9806149
1.1543537,-0.8387341,0.82652223,-0.03023783,0.4071417,0.1386664,293.6373,-72.7805,2.0863664
1.2799563,-0.8483958,1.0149263,-0.03634648,0.40103304,0.14569137,293.4738,-72.635506,2.1960351
1.3699709,-0.86064893,1.1832007,-0.051923547,0.3817908,0.14569137,293.30167,-72.47104,2.328752
1.444043,-0.8765216,1.3577995,-0.043066,0.3539964,0.13225232,293.1334,-72.30905,2.462045
1.4010115,-0.70633364,1.5105745,-0.018325957,0.29932398,0.12980886,292.95667,-72.08603,2.6352205
1.2791657,-0.37491295,1.7055278,-0.021380283,0.23090707,0.13408493,292.79056,-71.854095,2.8112087
1.0839392,0.07634491,1.7435656,-0.08582657,0.1872302,0.14110987,292.61523,-71.558975,3.007759
0.81982523,0.6462749,1.6555275,-0.21624629,0.24495697,0.1301143,292.43033,-71.24082,3.1982095
0.5858844,1.3886217,1.8475174,-0.2910773,0.37293324,0.11453723,292.22574,-70.903564,3.3428931
0.39072934,2.3025184,2.3425448,-0.34055737,0.47433686,0.16829337,292.00497,-70.53176,3.4996202
0.26979405,3.9315772,3.7364852,-0.5555819,0.4654793,0.28313604,291.76843,-70.209946,3.5202997
0.23229162,6.3832984,6.160079,-0.9825767,0.47128254,0.4474588,291.489,-69.81098,3.5600178
0.03686152,9.079336,6.525697,-1.3246613,0.54733527,0.57787853,291.09555,-69.37782,3.4302979
-0.3688458,12.075705,4.1207814,-1.131017,0.70616025,0.6973027,290.66528,-68.97808,3.357626
-1.2822301,14.337889,3.2381928,-0.7150178,0.9202685,0.8481864,290.01398,-68.16613,3.311991
-2.8229926,15.820691,4.1075883,-0.70738196,0.88239485,0.82986045,289.39523,-67.3447,3.2842262
-4.3508115,16.912022,4.4262114,-0.9166033,0.64568454,0.65270954,289.21387,-67.51084,3.1057885
-6.0363445,17.636421,4.090052,-0.99173975,-0.08460484,0.57604593,289.17642,-67.67352,3.0335004
-6.472893,18.269041,3.6252809,-0.98654735,-0.66156703,0.40378192,289.20966,-67.79216,2.6765394
-4.9676127,18.78578,2.9377944,-0.636827,-0.8875872,0.22235495,289.35205,-67.96018,2.3851166
-3.3502913,19.193596,2.7649515,-0.060170226,-1.0033462,0.113926366,289.73828,-68.336945,1.9229261
-1.1869793,19.28555,4.2749143,0.24709499,-0.99265605,-0.024129177,290.16287,-68.699394,1.4661574
0.9926659,19.366112,5.4905853,0.31795537,-0.7901542,-0.04886922,290.61102,-69.25991,1.2203515
3.4308112,19.416382,5.842482,0.3304781,-0.57818395,0.014966198,291.04495,-69.84082,0.9818397
5.111584,19.4578,6.2989774,0.43676865,-0.5665775,0.16157386,291.28595,-70.15811,1.0264462
5.1977673,19.48174,7.012379,0.6188065,-0.6200282,0.28893927,291.4748,-70.477844,1.0685067
4.839748,19.501093,7.231413,0.8353582,-0.68844515,0.25228736,291.63434,-70.739655,1.3669393
3.374988,19.510603,6.2612476,1.0473285,-0.67347896,0.024129177,291.7813,-71.03553,1.6275607
1.8995211,19.518808,5.252011,1.1453724,-0.40469822,-0.23273966,291.82217,-71.25771,1.8503705
0.38132316,19.523554,4.127595,1.1661417,-0.010079277,-0.45875978,291.83835,-71.51314,1.9935229
-0.9610601,19.528252,3.156894,1.2247849,0.33658674,-0.6704246,291.87457,-71.940704,1.865569
-1.7800168,19.532827,2.6444743,1.3277156,0.52595496,-0.8268061,291.8629,-72.37423,1.6748743
-2.4590778,19.513786,2.264391,1.4630222,0.5296202,-0.97219205,291.92166,-72.973755,1.2736874
-2.3864138,19.372032,2.58721,1.6340646,0.43249258,-1.0647382,291.9684,-73.58475,0.85346025
-2.312879,19.228579,2.9138966,1.7910569,0.25228736,-1.1111639,292.09915,-74.26809,0.34956267
-2.2411728,19.088694,3.232461,1.8347337,0.19639318,-1.1420126,292.23096,-74.93047,-0.15872528
-2.1687844,18.947475,3.5540552,1.749518,0.1600467,-1.104139,292.40408,-75.56255,-0.63645184
-2.096309,18.80609,3.8760362,1.6982054,0.07727446,-1.0812315,292.6103,-76.17907,-1.1038182
-2.0236595,18.664364,4.1987906,1.5409076,0.0067195175,-0.9969321,292.80698,-76.71076,-1.5319755
-1.9510825,18.52278,4.5212226,1.3414601,-0.015577064,-0.89858276,293.01172,-77.184616,-1.9343712
-1.868416,18.272493,4.7908187,1.0845913,-0.028710667,-0.79809546,293.22833,-77.57265,-2.297104
-1.694489,17.08321,4.6309943,0.81336707,-0.05497787,-0.700357,293.44867,-77.88142,-2.620699
-1.5384359,15.850851,4.4547696,0.5235115,-0.093767814,-0.6114761,293.5899,-77.97778,-2.867128
-1.6387964,13.83836,4.0110707,0.29626966,-0.13836098,-0.51068336,293.7343,-78.01771,-3.0738626
-1.7070545,12.469608,3.7092986,0.0693332,-0.19364429,-0.49632803,293.88055,-77.96965,-3.2564216
-1.9404066,10.351178,3.1120985,0.02443461,-0.24129178,-0.51007247,294.03094,-77.914986,-3.4118478
-2.1793919,8.193584,2.4836607,-0.06047566,-0.24007004,-0.5525276,294.18085,-77.78841,-3.5662603
-2.2537541,6.570738,1.87564,-0.13805555,-0.17989981,-0.6230826,294.3323,-77.64747,-3.7469168
-2.3297837,4.9115047,1.2539866,-0.19883664,-0.108123146,-0.677755,294.47372,-77.50316,-3.9672008
-2.304143,3.423155,0.7686701,-0.21197024,-0.03634648,-0.72112644,294.59952,-77.34586,-4.2028403
-2.2487974,1.931765,0.2997746,-0.22021692,0.016493361,-0.7425067,294.7105,-77.171455,-4.445271
-2.0044005,1.0039619,0.10968811,-0.21502456,0.074830994,-0.7507534,294.80942,-77.01759,-4.726149
-1.721901,0.011864947,-0.08044353,-0.226631,0.13194689,-0.7357872,294.90128,-76.867805,-5.016845
-1.3826575,-0.38674626,-0.016835364,-0.24281894,0.16615535,-0.68233645,294.98175,-76.719696,-5.2982545
-1.0158979,-0.8176889,0.051932074,-0.25350907,0.17745635,-0.60139686,295.04105,-76.58566,-5.541429
-0.50226843,-0.93155915,0.43157107,-0.2706133,0.16035213,-0.49541172,295.0946,-76.45613,-5.758833
0.024138935,-1.0176985,0.8383404,-0.27977628,0.10262536,-0.4382958,295.15497,-76.33124,-5.9616647
0.57872397,-0.9056189,1.2773095,-0.2941316,0.018936822,-0.3145956,295.17484,-76.19125,-6.1198654
1.1300184,-0.77730036,1.714543,-0.32284227,-0.06291912,-0.17165314,295.20593,-76.05381,-6.2541404
1.6168408,-0.5598646,2.2353384,-0.38515055,-0.17562376,-0.029321533,295.22443,-75.88959,-6.288234
2.085493,-0.33959803,2.750856,-0.46883908,-0.33322698,0.112399206,295.26956,-75.72905,-6.274166
2.5222359,-0.08758446,2.9334095,-0.58184916,-0.48380527,0.2574797,295.29898,-75.53539,-6.1379204
2.9443023,0.16181837,3.0724995,-0.68661255,-0.61361414,0.38789943,295.3574,-75.33114,-5.955046
3.261318,0.33668727,2.814063,-0.81000733,-0.7122689,0.50946164,295.4022,-75.059425,-5.652578
3.5639005,0.50216204,2.525664,-0.90285885,-0.7965683,0.61819565,295.4681,-74.76471,-5.3061137
3.6480622,0.5127814,1.8489925,-0.9682214,-0.84879726,0.7165449,295.52457,-74.439476,-4.8625536
3.7090456,0.5080904,1.1500291,-0.9859365,-0.8744536,0.7867944,295.58688,-74.08574,-4.388677
3.5473645,0.38124338,0.30200544,-0.9407325,-0.8381071,0.8518516,295.64496,-73.769455,-3.848476
3.360808,0.2413258,-0.5514919,-0.8695667,-0.7583892,0.8741482,295.6921,-73.43224,-3.2982016
3.0323682,0.059799887,-1.2889037,-0.7644979,-0.6600399,0.88117313,295.75513,-73.20723,-2.7359
2.6835532,-0.12655334,-1.9960904,-0.6658431,-0.54061574,0.86559606,295.78857,-72.98011,-2.1774726
2.2511485,-0.30543777,-2.3470993,-0.5476407,-0.4202753,0.8219192,295.84933,-72.907265,-1.6671052
1.8016498,-0.48431987,-2.6406493,-0.45998153,-0.2929099,0.7797695,295.877,-72.840904,-1.1665676
1.3551322,-0.5839813,-2.6529794,-0.36560285,-0.16340645,0.70554936,295.9252,-72.91561,-0.7547595
0.8888373,-0.66251516,-2.5744455,-0.2779437,-0.04520403,0.6258314,295.94733,-73.00781,-0.36203822
0.5268488,-0.6275143,-2.3322687,-0.20952678,0.00061086525,0.5516113,295.9874,-73.16888,-0.0675762
0.19784673,-0.56076026,-2.04618,-0.18295415,0.1328632,0.5103779,295.97708,-73.342995,0.19948289
0.007193917,-0.4542338,-1.5938276,-0.14446963,0.23732115,0.44684792,295.97424,-73.52913,0.3663755
-0.14576353,-0.33473578,-1.087156,-0.12217305,0.29871312,0.38362336,295.9515,-73.721016,0.51580065
-0.14212596,-0.19782136,-0.5363329,-0.09315695,0.3567453,0.3286455,295.89545,-73.88096,0.58849084
-0.089215666,-0.05352056,0.036060303,-0.08399397,0.37751472,0.2968805,295.83676,-74.0448,0.64831316
0.05113407,0.06601206,0.53788525,-0.07971791,0.37843102,0.26542094,295.74188,-74.12262,0.66718787
0.22231302,0.18013136,1.0276471,-0.093767814,0.3417791,0.23762658,295.6542,-74.199585,0.6792116
0.45258063,0.21947213,1.3476148,-0.099571034,0.28985557,0.22693644,295.44324,-74.19813,0.6029682
0.6123056,0.22707808,1.5111427,-0.10445796,0.21685717,0.21380283,295.25647,-74.19076,0.52789736
0.82831496,0.18520859,1.4710264,-0.09285152,0.13927728,0.20097467,295.09833,-74.06214,0.5527707
1.0440844,0.12423024,1.3349979,-0.06658431,0.086437434,0.19394971,294.9533,-73.9354,0.57965726
1.2194362,1.0257872e-05,1.136463,-0.040011674,0.04520403,0.18325958,294.8216,-73.753174,0.66507715
1.3784542,-0.1543308,0.90728986,-0.004276057,0.016187929,0.17654006,294.69974,-73.57922,0.7527682
1.4392302,-0.33802003,0.6962751,0.0070249503,0.007941248,0.17928895,294.59753,-73.42159,0.89729303
1.4435148,-0.53939456,0.49490058,0.016493361,0.008857546,0.16890424,294.50122,-73.271034,1.0384897
1.3924665,-0.75090045,0.29197574,0.027183503,0.027488936,0.15485434,294.41876,-73.15743,1.2162236
1.2592151,-0.97476274,0.08943369,0.0036651916,0.0693332,0.13591751,294.33017,-73.03368,1.3892634
1.1036212,-1.1431806,-0.07344089,0.004276057,0.11942416,0.1160644,294.25085,-72.953285,1.5607445
0.9326249,-1.2761778,-0.21118794,-0.010995574,0.16493362,0.110872045,294.1612,-72.85875,1.7299021
0.7527273,-1.3283765,-0.31574416,-0.01863139,0.19120082,0.10751228,294.07782,-72.798805,1.8682394
0.5686733,-1.3236573,-0.39597285,-0.0143553335,0.25686884,0.10293079,293.97137,-72.736015,1.9994347
0.34015855,-1.2149572,-0.41795117,-0.013744468,0.29138273,0.12064589,293.8783,-72.69907,2.1011946
0.07500878,-1.0242355,-0.3946924,-0.02076942,0.3136793,0.12797627,293.77167,-72.66048,2.195685
-0.08656716,-0.8707376,-0.34948805,-0.019547688,0.3484986,0.1414153,293.66296,-72.65267,2.252507
-0.14601634,-0.7518392,-0.28089285,-0.025350908,0.3735441,0.16249016,293.54962,-72.63979,2.313139
-0.16837662,-0.6139802,-0.16180475,-0.030543262,0.3820962,0.18936823,293.44055,-72.64977,2.3143814
-0.13334939,-0.44384786,0.038350917,-0.023518313,0.3894266,0.20433442,293.32434,-72.6613,2.3160305
-0.11718052,-0.119422905,0.23852323,-0.039095376,0.36010507,0.21838433,293.212,-72.658485,2.3119173
-0.122019775,0.38385972,0.44177198,-0.025961773,0.34422258,0.23182335,293.09296,-72.66525,2.3097057
-0.14061268,1.0145743,0.67248946,-0.02443461,0.31795537,0.25595254,292.96616,-72.6226,2.3206925
-0.17379399,1.7824849,0.9331998,-0.058948494,0.269697,0.26847526,292.8496,-72.57286,2.3351607
-0.32114872,2.4948099,1.0046089,-0.099571034,0.22204952,0.2846632,292.6627,-72.53217,2.2123184
-0.6053059,3.1562903,0.85554284,-0.17012598,0.19853121,0.3408628,292.4859,-72.46825,2.1214578
-0.88172466,3.9770083,1.2140938,-0.301462,0.28160888,0.3915646,292.2877,-72.378815,2.0187418
-1.1590787,5.086425,2.3861384,-0.42821655,0.4529566,0.42271876,292.0752,-72.267975,1.9349421
-1.2679756,6.640959,3.9433308,-0.5164866,0.5128214,0.46822822,291.9284,-72.24367,1.8115654
-0.82273346,9.768008,6.8736453,-0.71868294,0.3555236,0.57451874,291.79468,-72.14498,1.7330765
-0.5358108,12.398681,7.6034527,-1.2064588,0.08735373,0.7162395,291.58746,-71.720764,1.6899483
-0.5068784,14.370909,4.464282,-1.6444492,0.025350908,0.8924741,291.35367,-71.25991,1.6914572
-0.77480483,15.963195,3.3956814,-1.4300356,0.089186326,0.97341377,290.90314,-70.43844,1.8208916
-1.6100329,16.936832,6.120911,-1.1658363,0.20525073,1.1151345,290.4331,-69.566475,2.0117397
-2.3836966,17.73731,6.9524064,-0.79320854,0.12522738,1.2012665,290.4957,-69.699104,2.118355
-3.0860748,18.231396,3.8231897,-0.8509353,-0.058948494,1.2067643,290.54294,-69.75337,2.2432692
-3.428897,18.630962,1.3135151,-1.0888673,-0.20433442,1.0467176,290.36487,-69.41239,2.2908819
-3.0200121,18.865269,-0.10150201,-1.0345002,-0.2669481,0.7263188,290.23096,-69.15279,2.315407
-2.4625428,19.074503,-0.8141887,-0.5882632,-0.30268374,0.44532076,290.52957,-69.5491,2.1901128
-1.2859523,19.204126,1.1251912,-0.032375857,-0.26206118,0.2782491,290.8271,-69.96135,2.028402
0.12003324,19.322836,3.2543204,0.25686884,-0.13500121,0.17073683,291.26013,-70.626724,1.849824
1.0913926,19.367144,4.5290165,0.30024028,0.050396383,0.13530666,291.64795,-71.3244,1.651184
2.3661091,19.423962,6.072966,0.32528573,0.23060162,0.13836098,291.79602,-71.754135,1.5711095
3.3419185,19.45171,5.7261147,0.36285394,0.29168814,0.14569137,291.91843,-72.17053,1.4831587
4.2673006,19.480282,5.346595,0.40103304,0.2751948,0.09040806,291.84256,-72.297874,1.5327284
3.6974385,19.494528,4.8669605,0.57971114,0.24281894,-0.030848695,291.75955,-72.46925,1.5593214
3.062521,19.50863,4.4081616,0.8533788,0.3051272,-0.18325958,291.68365,-72.70333,1.6544642
1.7617655,19.517601,4.3184543,1.0809261,0.40683624,-0.3115413,291.61102,-72.96737,1.717223
0.31137213,19.527338,4.2365737,1.241889,0.44135013,-0.42332962,291.5885,-73.3485,1.679639
-1.0518117,19.531664,4.4875727,1.3518448,0.3652974,-0.52290064,291.57568,-73.76728,1.6117717
-2.4984496,19.536257,4.7539377,1.4315627,0.21135938,-0.63224554,291.62622,-74.23822,1.3885902
-2.6956735,19.390734,4.7019176,1.488984,0.122478485,-0.7629707,291.69098,-74.71822,1.1406162
-2.7629778,19.232426,4.6184983,1.5286902,-0.040927973,-0.8402451,291.8241,-75.19868,0.9019159
-2.830336,19.073992,4.5350122,1.6181821,-0.10140363,-0.98349303,291.9866,-75.68755,0.49538946
-2.896738,18.917807,4.452711,1.6447546,-0.11026118,-1.1184943,292.18698,-76.147835,0.08986994
-2.9657125,18.755571,4.3672214,1.611768,-0.024129177,-1.2232577,292.38068,-76.59645,-0.3356203
-3.0315757,18.600655,4.2855883,1.4498887,-0.0143553335,-1.2757921,292.60516,-76.98982,-0.7658611
-3.0996614,18.440508,4.2012005,1.2425,-0.02687807,-1.2864822,292.81775,-77.33338,-1.2050228
-3.1665077,18.283278,4.1183486,0.9896017,-0.07269296,-1.2528846,293.03882,-77.59291,-1.6320126
-3.2345395,18.12326,4.0340276,0.7315111,-0.15515977,-1.207986,293.2744,-77.7704,-2.043119
-3.300874,17.967234,3.95181,0.4792238,-0.24129178,-1.1468995,293.52075,-77.863106,-2.4252346
-2.8026137,16.760254,3.731683,0.24862215,-0.3136793,-1.0839803,293.7643,-77.886536,-2.779209
-2.1794384,15.324644,3.4824128,0.041233405,-0.34330627,-1.047023,294.0159,-77.84029,-3.1100554
-1.6502589,13.718636,3.1245465,-0.14080444,-0.38148534,-1.0112875,294.29996,-77.75135,-3.4496558
-1.1490655,12.040532,2.7262766,-0.28008172,-0.42913285,-0.9795224,294.589,-77.61683,-3.7672918
-0.63265586,10.1441145,2.2575088,-0.37812558,-0.4841107,-0.960891,294.86667,-77.44708,-4.021748
-0.11729653,8.145144,1.7525607,-0.4364632,-0.50671273,-0.95203346,295.14224,-77.255684,-4.2613306
0.27419302,6.366112,1.2299522,-0.46211955,-0.5143485,-0.94134337,295.39398,-77.07073,-4.4506283
0.6273022,4.660967,0.7049346,-0.44623706,-0.47128254,-0.91782504,295.63107,-76.88877,-4.629256
0.8310495,3.280982,0.34903035,-0.36896262,-0.37720928,-0.91996306,295.83813,-76.72953,-4.788171
0.97444296,2.0382388,0.062243495,-0.29168814,-0.3933972,-0.91446525,296.0571,-76.58297,-4.928809
1.5585178,0.9375369,-0.43507135,-0.124311075,-0.4905248,-0.89949906,296.2564,-76.49316,-5.066877
2.32446,-0.1168159,-1.0213482,0.004581489,-0.39278635,-0.7696902,296.39578,-76.4298,-5.1777334
2.3022957,-1.1408635,-1.0985597,0.12370021,-0.1685988,-0.69913524,296.5174,-76.384834,-5.330145
1.9088191,-2.1692686,-0.93759197,0.16768251,-0.047036625,-0.68539083,296.6352,-76.3628,-5.4589596
1.9806443,-2.6664362,-0.68432486,0.22204952,-0.05681047,-0.61117065,296.71155,-76.43664,-5.5023804
2.46491,-2.692195,-0.34946042,0.28130344,-0.074830994,-0.48563787,296.75122,-76.53378,-5.5302124
3.0702932,-2.4478896,0.16625997,0.30482176,-0.082161374,-0.35124752,296.7838,-76.58797,-5.5824924
3.7378612,-2.0697567,0.77313995,0.28130344,-0.029321533,-0.1685988,296.79373,-76.667564,-5.586203
3.9875789,-1.9011405,1.3803798,0.2171626,0.080634214,0.0012217305,296.75482,-76.739624,-5.499523
3.9761362,-1.8553694,2.1012712,0.07574729,0.15302174,0.09162979,296.70517,-76.798386,-5.3805566
3.9148426,-1.6548438,2.5277634,-0.07391469,0.2284636,0.17837265,296.56857,-76.81792,-5.1200843
3.8183353,-1.3411955,3.0392516,-0.21838433,0.27916542,0.27488935,296.41238,-76.805405,-4.8281503
3.9510744,-0.49090698,3.333638,-0.38148534,0.3042109,0.37201694,296.21048,-76.6695,-4.5007114
4.2196813,0.68247986,3.5032845,-0.52106804,0.32925636,0.47678033,295.9872,-76.49446,-4.1421328
4.3634505,1.4106123,3.479526,-0.66156703,0.30573806,0.6087272,295.74265,-76.202415,-3.746744
4.420452,1.8238747,3.3275213,-0.77640975,0.18997909,0.7486154,295.50748,-75.86308,-3.3120136
4.1701574,2.074849,2.9286742,-0.84574294,-0.016493361,0.86620694,295.28918,-75.50309,-2.7890923
3.709655,2.214395,2.3611867,-0.86070913,-0.20616703,0.9611965,295.08743,-75.10275,-2.2250373
3.12565,2.243319,1.7043185,-0.84482664,-0.35216382,1.0204504,294.9317,-74.70699,-1.6201676
2.4389377,2.1765554,0.9746866,-0.8060367,-0.3979787,1.0616838,294.7914,-74.28575,-0.9872826
1.7176901,2.0027819,0.27471715,-0.7470882,-0.4792238,1.0708468,294.73978,-73.95561,-0.41061738
0.9675567,1.734877,-0.39748025,-0.7079928,-0.5186246,1.0482447,294.68512,-73.61013,0.16862738
0.22478442,1.4372362,-0.93809354,-0.64476824,-0.5467244,1.0207558,294.701,-73.408676,0.6387742
-0.51974976,1.1135256,-1.3820393,-0.5739079,-0.528093,0.97524637,294.71625,-73.21026,1.0957725
-1.2162263,0.8198005,-1.7229509,-0.50488013,-0.45265114,0.91599244,294.7761,-73.14568,1.4100335
-1.8651636,0.5563222,-1.9571538,-0.44012842,-0.31612277,0.8335256,294.81964,-73.09921,1.6962692
-2.3164415,0.315019,-2.0540981,-0.38637227,-0.13958271,0.7302894,294.8729,-73.162674,1.8139317
-2.5903146,0.09220687,-2.0262465,-0.35155296,0.06047566,0.61941737,294.89105,-73.244446,1.8905585
-2.676754,-0.0776118,-1.924476,-0.32650748,0.24098633,0.50793445,294.90262,-73.39007,1.8136923
-2.5421395,-0.18338026,-1.7369773,-0.3115413,0.37873647,0.3979787,294.88187,-73.54894,1.6914501
-2.3391652,-0.2949604,-1.5327246,-0.30726522,0.48441613,0.31306845,294.8276,-73.705894,1.4865934
-2.0576718,-0.41371542,-1.3084096,-0.32375857,0.57360244,0.25900686,294.74835,-73.86364,1.2487444
-1.7618037,-0.5128822,-1.0856035,-0.3378085,0.5531385,0.20280726,294.66354,-73.97516,1.0165563
-1.3968664,-0.56942177,-0.8440252,-0.3032946,0.5375614,0.16035213,294.55786,-74.09563,0.76486224
-1.0904936,-0.631324,-0.62739486,-0.28771752,0.51159966,0.1386664,294.44263,-74.138336,0.569502
-0.86472124,-0.70357114,-0.44226155,-0.28863382,0.4370741,0.11148291,294.34998,-74.186104,0.36479774
-0.6586139,-0.770451,-0.26827872,-0.2855795,0.3585779,0.106901415,294.2464,-74.18033,0.23553799
-0.4917947,-0.8276462,-0.11099204,-0.2742785,0.27855456,0.10323623,294.16638,-74.176765,0.103856504
-0.3388842,-0.8856393,0.026992083,-0.27000242,0.1872302,0.10293079,294.09308,-74.119835,0.03087416
-0.22327177,-0.9509855,0.10741813,-0.25473082,0.14202617,0.11362094,294.02863,-74.06924,-0.03834639
-0.12020009,-1.0062481,0.16133997,-0.2489276,0.052534413,0.118202426,293.98798,-73.97427,-0.06133852
-0.043943048,-1.0396106,0.1565739,-0.21991149,-0.030543262,0.12889257,293.95642,-73.889915,-0.077172615
0.021690035,-1.0589879,0.15995848,-0.204029,-0.10048734,0.14721853,293.93652,-73.77883,-0.05912213
0.06425163,-1.0448006,0.18360381,-0.18173242,-0.15241088,0.16768251,293.93304,-73.67709,-0.032580003
0.11034212,-1.027008,0.1913969,-0.17012598,-0.1777618,0.18875736,293.93765,-73.57372,0.019274794
0.16678695,-0.9987857,0.15376702,-0.1704314,-0.19792034,0.19700404,293.95395,-73.472305,0.07702065
0.18995751,-0.9654316,0.0737045,-0.19792034,-0.19333886,0.21044308,293.96558,-73.35971,0.15212728
0.097396895,-0.91452324,-0.153069,-0.20830505,-0.16249016,0.20677789,293.9756,-73.25072,0.2244252
-0.013958894,-0.8578125,-0.40739086,-0.17562376,-0.067500606,0.18448131,293.96948,-73.15567,0.30295786
-0.26174322,-0.7554668,-0.8760265,-0.13164146,0.059253927,0.15302174,293.94675,-73.0598,0.37302485
-0.43508375,-0.6621216,-1.1720088,-0.042760566,0.18417588,0.0888809,293.9238,-73.053024,0.39594752
-0.57852364,-0.37524185,-1.1098515,0.062308256,0.34025195,0.027794369,293.85986,-73.06373,0.39789927
-0.71396637,-0.021814264,-0.95109665,0.1459968,0.5112942,-0.0290161,293.80078,-73.2177,0.31361818
-0.7526366,0.6597484,-0.20186116,0.17715092,0.6618725,-0.08246681,293.70963,-73.388245,0.2018154
-0.75248533,1.4169725,0.7321054,0.15118915,0.80756384,-0.1020145,293.57922,-73.575935,0.031492297
-0.53881824,2.5992637,2.693094,0.013133603,0.9728029,-0.0983493,293.40564,-73.73986,-0.1606309
-0.2041969,3.9666567,4.5961456,-0.21991149,0.9841039,-0.11301007,293.19403,-73.70845,-0.39046612
0.9732309,6.6848583,6.242705,-0.5910121,0.6227771,-0.10751228,293.04486,-73.595146,-0.5852088
2.1281652,9.455804,7.543637,-0.98563105,0.14446963,0.05131268,292.7723,-72.968475,-0.64885795
2.537992,11.792688,3.9423935,-0.8897252,0.015577064,0.2098322,292.4884,-72.410034,-0.69028586
2.95869,14.191564,0.24562062,-0.593761,0.04734206,0.50610185,292.12006,-71.63316,-0.34778684
0.971488,15.658467,2.915429,0.052534413,0.16798794,0.57757306,291.7542,-71.03628,-0.046836317
-1.2875965,17.030521,6.1001377,0.3924809,0.14782938,0.5348125,291.39227,-70.475044,0.28668645
-2.5636864,17.622202,5.9853344,0.110872045,-0.09437868,0.505491,291.52246,-70.9522,0.61684805
-3.917423,18.285215,5.7036304,-0.61911196,-0.23884831,0.38881573,291.47116,-70.889465,0.5655676
-3.5484304,18.576069,3.6459534,-0.9896017,-0.28710666,0.07086037,291.48257,-70.84298,0.47674927
-3.051652,18.912266,1.4342444,-0.65026605,-0.10934488,-0.06688975,291.53613,-70.89159,0.21561247
-1.5497464,19.055927,3.5499718,-0.28496864,-0.04428773,-0.118202426,291.64926,-70.840836,-0.059074316
0.043085814,19.208284,5.7937875,-0.31703907,-0.24587326,-0.1282817,291.9739,-71.134315,-0.30597684
1.1961051,19.29227,7.092333,-0.4269948,-0.40866885,-0.022907447,292.25543,-71.47106,-0.5233893
2.3050458,19.36985,8.301672,-0.3594942,-0.4859433,0.084910266,292.55978,-71.81747,-0.7145212
2.6158895,19.416698,8.526247,-0.21868975,-0.58184916,0.14905111,292.68726,-71.80346,-0.65667903
2.756301,19.456816,8.541291,-0.08460484,-0.63529986,0.1572978,292.81488,-71.80603,-0.5849748
2.0329738,19.47649,7.733906,0.099571034,-0.5522222,0.095294975,292.8228,-71.69974,-0.39084345
1.2428808,19.494146,6.8643622,0.35277468,-0.36285394,-0.058337633,292.82217,-71.65658,-0.23748294
0.28364906,19.506077,6.2632833,0.6264423,-0.15271631,-0.26419923,292.8106,-71.66773,-0.12794152
-0.7064665,19.515978,5.758324,0.84635377,-0.008246681,-0.4877759,292.78223,-71.73726,-0.08384573
-1.2830046,19.521582,5.674998,0.98868537,0.07696902,-0.7162395,292.80814,-71.96721,-0.20356055
-1.7702795,19.526268,5.6703124,1.0855075,0.095294975,-0.94989544,292.83542,-72.236305,-0.38875002
-1.9405764,19.530869,5.402652,1.1236867,0.06414085,-1.0537425,292.9103,-72.57446,-0.6860781
-2.0396287,19.53537,5.0829825,1.1887437,0.055588737,-1.2299771,293.0025,-72.92648,-1.0589001
-1.8788956,19.448614,4.6456947,1.2324207,0.09621128,-1.3603969,293.10416,-73.26239,-1.4878234
-1.6138042,19.325535,4.165217,1.2388347,0.1133155,-1.4223998,293.22528,-73.58178,-1.9289571
-1.3450258,19.200745,3.6780558,1.2287555,0.09590584,-1.4337007,293.37146,-73.91595,-2.3901339
-1.0777435,19.07665,3.1936066,1.2125676,0.0729984,-1.3741413,293.51492,-74.226166,-2.8349235
-1.0438386,18.252573,3.1616333,1.1988231,0.06261369,-1.2815952,293.6494,-74.5141,-3.2630625
-1.112703,17.121231,3.3288753,1.1801916,0.064446285,-1.1557571,293.78107,-74.78062,-3.6516643
-1.0803137,15.762858,3.4989634,1.1545353,0.07422013,-1.0283916,293.9306,-75.112274,-3.970677
-1.0126247,14.302712,3.6730204,1.138042,0.05955936,-0.9138544,294.07837,-75.43079,-4.248546
-0.7654261,12.524988,3.684764,1.1123856,0.060170226,-0.8191703,294.19888,-75.690506,-4.498888
-0.5692896,11.317995,3.658361,1.0586295,0.040317107,-0.74281216,294.32428,-75.93366,-4.714425
-0.053201634,9.931946,3.5027628,0.99296147,0.014966198,-0.68966687,294.43546,-76.109695,-4.908689
0.5704569,8.603697,3.2980504,0.91232723,-0.022602014,-0.66767573,294.5541,-76.26348,-5.0841575
1.3638755,7.7456455,2.8589425,0.84116143,-0.16065755,-0.6591236,294.69073,-76.37378,-5.222959
2.2322752,7.0854845,2.318408,0.7651087,-0.63407815,-0.6722572,294.9322,-76.456635,-5.3351445
2.5358632,5.94943,1.9626849,0.77854776,-0.93218035,-0.62949663,295.127,-76.547745,-5.393959
2.3514078,4.3815594,1.7628583,0.78984874,-0.80848014,-0.5821546,295.3323,-76.61565,-5.4499717
2.058258,2.8536901,1.3384355,0.6560693,-0.47219884,-0.5549711,295.4965,-76.72687,-5.4222465
1.7079026,1.3401539,0.79655224,0.42088616,-0.27916542,-0.52503866,295.66174,-76.819626,-5.3763
1.3235555,0.09491812,0.5612047,0.30787608,0.14844026,-0.50640726,295.664,-76.89252,-5.386182
0.91301864,-0.98870826,0.5230152,0.14721853,0.48747048,-0.50671273,295.63608,-76.89264,-5.3953066
0.73306537,-1.6497532,1.0256014,0.07422013,0.6478226,-0.5384777,295.5534,-76.89678,-5.476736
0.70968115,-2.023901,1.8954952,0.039095376,0.711658,-0.54183745,295.40125,-76.87221,-5.5615363
0.82353234,-2.0712554,2.8643246,-0.020463986,0.7021896,-0.5009095,295.23096,-76.787315,-5.7015486
1.0516684,-1.8478723,3.919454,-0.12675454,0.60903263,-0.43463063,295.06573,-76.68267,-5.8332334
1.3728609,-1.4517477,4.6787586,-0.29138273,0.43004912,-0.34605515,294.89587,-76.44401,-5.9323883
1.7822607,-0.8947736,5.1833673,-0.464563,0.20555615,-0.22632557,294.76074,-76.18424,-5.9952374
2.095075,-0.39714074,5.251238,-0.64476824,-0.03604105,-0.08277224,294.6363,-75.78117,-5.9645357
2.3160996,0.04490897,4.900481,-0.8136725,-0.269697,0.061391957,294.5651,-75.34065,-5.88488
2.391569,0.38161376,4.1060925,-0.89980453,-0.4569272,0.21166481,294.5056,-74.85323,-5.6827188
2.3314512,0.61746013,2.9083626,-0.95081174,-0.5839872,0.35796702,294.48166,-74.32807,-5.4275913
2.1318762,0.7177308,1.3637444,-0.9315695,-0.6979135,0.47800204,294.5012,-73.86231,-5.094454
1.7704345,0.65423435,-0.5606886,-0.82527894,-0.75869465,0.5879578,294.52545,-73.39941,-4.715946
1.2784415,0.42438707,-2.2349482,-0.6444628,-0.72692966,0.655153,294.5921,-73.13439,-4.3370743
0.65196913,0.025722824,-3.6682413,-0.4071417,-0.591623,0.69027776,294.63712,-72.906815,-3.9383154
0.13327768,-0.30590773,-4.560227,-0.14966199,-0.36132678,0.6762278,294.73224,-72.99832,-3.6176908
-0.28010374,-0.5723091,-4.872559,0.07727446,-0.10170906,0.6239988,294.78333,-73.14617,-3.3095436
-0.549089,-0.70818484,-4.9090233,0.23090707,0.013439035,0.58062744,294.8819,-73.547646,-3.1268995
-0.5836283,-0.62923795,-4.484684,0.29749137,0.20555615,0.5662721,294.8921,-73.99377,-2.9780707
-0.5306772,-0.4465106,-3.9231968,0.36560285,0.33414328,0.54061574,294.91495,-74.5213,-2.9237137
-0.34907708,-0.10242609,-3.125112,0.398895,0.40194935,0.52503866,294.90384,-75.06456,-2.8820934
-0.19245239,0.24444182,-2.3198435,0.42852196,0.38912117,0.51923543,294.8667,-75.56373,-2.8495767
-0.07119138,0.6035609,-1.4850081,0.44104472,0.33017266,0.5119051,294.82684,-76.072136,-2.8248556
-0.0061675594,0.8952402,-0.8127418,0.42149702,0.2519819,0.50793445,294.76126,-76.46187,-2.7553284
-0.056775868,1.0639346,-0.4392043,0.39370266,0.16707164,0.5128214,294.71603,-76.85648,-2.6819155
-0.10558738,1.2266396,-0.07892888,0.3585779,0.081855945,0.49846604,294.65314,-77.10276,-2.5839214
-0.15575889,1.393878,0.29138473,0.30573806,0.047647487,0.48991394,294.6011,-77.33669,-2.4820676
-0.22524138,1.4853781,0.5356282,0.23732115,0.028405234,0.46792278,294.5723,-77.55461,-2.3849797
-0.34983215,1.382774,0.4623395,0.1908954,0.02107485,0.43860126,294.55243,-77.76291,-2.29241
-0.49784857,1.2608782,0.375271,0.13622294,0.049480084,0.40133846,294.46024,-77.77241,-2.3513765
-0.5880351,1.075471,0.23138969,0.08155051,0.08582657,0.36285394,294.3746,-77.76758,-2.4102788
-0.6994615,0.8090167,0.023070833,0.03940081,0.1255328,0.32345316,294.2864,-77.74959,-2.4735699
-0.69663805,0.54350597,-0.14399903,0.010079277,0.15821409,0.28344148,294.2182,-77.740234,-2.5365188
-0.6339742,0.2749466,-0.29170668,-0.018936822,0.19425514,0.25045475,294.14203,-77.717804,-2.6066828
-0.5100367,0.021840954,-0.38465247,-0.034208454,0.21899518,0.22540927,294.0775,-77.71481,-2.714135
-0.32875875,-0.21482746,-0.42493644,-0.046731193,0.23793201,0.20952678,294.00925,-77.703606,-2.8240585
-0.109906495,-0.36363754,-0.28614786,-0.040011674,0.2687807,0.20433442,293.95203,-77.73081,-2.8786652
0.13309701,-0.45710042,-0.033798065,-0.06811147,0.2855795,0.2049453,293.89545,-77.744026,-2.9359093
0.38706243,-0.47527975,0.08797155,-0.07696902,0.28802297,0.20586158,293.8294,-77.783806,-2.932661
0.64644945,-0.43537405,0.107924394,-0.09560041,0.30879238,0.21533,293.75317,-77.81405,-2.9294531
0.9957924,-0.26397663,0.26341495,-0.1142318,0.3203988,0.23884831,293.64725,-77.79071,-2.8678324
1.3978916,-0.019019622,0.49450648,-0.13072516,0.30970868,0.26633725,293.54095,-77.762764,-2.8021278
1.6252155,0.17631301,0.62926453,-0.14874569,0.3042109,0.29352075,293.41708,-77.730316,-2.6835923
1.7222452,0.336412,0.6923338,-0.1563815,0.3371976,0.33628133,293.28275,-77.696815,-2.5536935
1.7931911,0.47846076,0.72390753,-0.18020524,0.355829,0.3735441,293.12048,-77.61336,-2.329466
1.8458425,0.60769606,0.7334805,-0.19333886,0.35796702,0.40408736,292.95105,-77.526344,-2.0946245
1.8807505,0.7085831,0.745378,-0.19914207,0.35094208,0.44898596,292.76923,-77.42323,-1.8237495
1.9033892,0.7900825,0.7589612,-0.21777347,0.33658674,0.49632803,292.58633,-77.30568,-1.5422071
1.9011949,0.8426265,0.7850331,-0.23151793,0.32406402,0.5369505,292.40094,-77.18435,-1.2383294
1.8713497,0.8625233,0.8248268,-0.24648413,0.31215215,0.59895337,292.2144,-77.04931,-0.9137627
1.7928907,0.8766902,0.9337728,-0.2565634,0.29810223,0.65484756,292.0284,-76.9029,-0.57256377
1.6737493,0.8862215,1.1005707,-0.2773328,0.2846632,0.71685034,291.84033,-76.738686,-0.21160826
1.4708464,1.0112108,1.2246981,-0.3109304,0.27366763,0.76083267,291.65018,-76.54795,0.15442562
1.1923412,1.2386566,1.3128914,-0.34269542,0.29749137,0.79290307,291.44955,-76.33985,0.53230643
0.87125856,1.6528952,1.3667203,-0.3747658,0.3475823,0.8167268,291.2291,-76.07027,0.8928203
0.5024365,2.278922,1.381279,-0.4392121,0.3827071,0.8240572,291.00302,-75.77189,1.254946
0.0052658347,2.756454,1.361013,-0.54367006,0.44135013,0.82558435,290.7579,-75.44621,1.5220221
-0.6251184,3.08332,1.304979,-0.752586,0.514654,0.78954333,290.498,-75.07006,1.7725374
-0.9661573,3.9596965,2.772767,-0.8151997,0.75991637,0.7620544,290.1694,-74.77061,1.7819316
-0.9422702,5.512355,6.1265097,-0.8332202,0.8744536,0.73975784,289.85724,-74.43235,1.7965162
-0.8194869,7.7970457,7.6806355,-0.9407325,0.6945538,0.77488256,289.6125,-74.1311,1.7406596
-0.5684942,11.050479,6.956072,-1.3316863,0.44104472,0.83108217,289.35785,-73.747284,1.6930373
-0.6379407,13.599635,5.5157843,-1.8344283,0.3313944,0.90010995,288.73773,-72.54916,1.739664
-1.1972528,15.258285,2.8928037,-1.8695531,0.44348818,1.0360274,288.1042,-71.42937,1.8289431
-2.4006178,16.537956,1.8605621,-1.3811663,0.6759224,1.2021828,287.6817,-70.833534,1.9185743
-4.6179576,17.268574,3.236842,-0.979217,0.7144069,1.2754866,287.2783,-70.23919,2.0294003
-6.4661226,17.951504,4.2037,-0.81397796,0.37751472,1.185384,287.3327,-70.45178,2.008497
-5.9523315,18.364458,2.4654531,-0.73853606,-0.13713925,0.7498371,287.4438,-70.71723,1.9425651
-5.4243608,18.747757,1.0539929,-0.5882632,-0.6450737,0.28160888,287.58676,-70.85294,1.6065888
-4.6623273,18.98015,1.945734,-0.2950479,-0.82924956,0.14874569,287.78223,-71.02787,1.2990971
-4.0075445,19.14474,2.6122484,-0.0076358155,-0.73792523,0.026267206,288.24808,-71.55349,0.9480785
-2.570824,19.243986,3.3306088,0.16462818,-0.59131753,-0.093767814,288.74048,-72.08195,0.60387164
-1.109237,19.343868,4.087044,0.39767328,-0.44868052,-0.08277224,289.10535,-72.53478,0.3618009
-0.23696917,19.397175,4.687939,0.69027776,-0.3032946,-0.055283304,289.4266,-73.02103,0.09838379
0.49992564,19.44531,5.101983,0.8933904,-0.18997909,-0.086437434,289.61813,-73.39149,-0.016238773
0.6130485,19.468878,4.677772,1.1001683,-0.15760323,-0.16310102,289.7865,-73.8236,-0.13573134
0.6172188,19.49082,4.3917737,1.3909402,-0.172264,-0.24770586,289.86752,-74.22609,-0.1767963
0.01616377,19.504078,4.8690825,1.6807957,-0.20647246,-0.2996294,289.94604,-74.67037,-0.23023944
-0.66198254,19.517803,5.367512,1.8051068,-0.34238997,-0.4560109,290.11432,-75.1829,-0.3165296
-1.691755,19.521889,5.580005,1.9431623,-0.39278635,-0.5207626,290.2619,-75.75988,-0.39607382
-2.809813,19.526327,5.810715,1.8955148,-0.46517387,-0.68233645,290.4436,-76.23928,-0.583771
-3.9334993,19.53102,5.327652,1.7351627,-0.50915617,-0.91751957,290.64062,-76.70395,-0.80506337
-5.055491,19.535751,4.693277,1.5855007,-0.47219884,-1.174083,290.84668,-77.1348,-1.0733399
-4.9817395,19.39171,4.5065546,1.4511104,-0.37110063,-1.400714,291.0802,-77.472176,-1.4945873
-4.6179276,19.212969,4.4306283,1.3542882,-0.32284227,-1.5674802,291.3312,-77.745926,-1.9561892
-4.251267,19.032827,4.354108,1.2305881,-0.3475823,-1.67316,291.6539,-78.00412,-2.555893
-3.891034,18.855843,4.278929,1.071763,-0.38148534,-1.7153096,291.9705,-78.17653,-3.167744
-3.5229855,18.675018,4.202119,0.87109387,-0.4034765,-1.6783522,292.28128,-78.267685,-3.7624352
-3.160123,18.496742,4.126391,0.6753115,-0.45020768,-1.5735888,292.60535,-78.28513,-4.3281837
-2.389254,17.29943,4.041811,0.4886922,-0.49480084,-1.4202617,292.9237,-78.23654,-4.8497624
-1.5108095,15.8179455,3.9563408,0.31490102,-0.51893,-1.2638801,293.24115,-78.13437,-5.323624
-0.8539957,13.9521055,3.6346502,0.19303341,-0.5338962,-1.1136073,293.5357,-78.045166,-5.6513042
-0.28006336,12.013907,3.2488925,0.10354166,-0.5702427,-1.001819,293.83322,-77.93396,-5.9338207
0.16452098,10.16025,2.651978,0.03634648,-0.58032197,-0.92149025,294.08286,-77.81846,-6.1130605
0.5582106,8.366278,1.9943373,-0.004886922,-0.56199604,-0.8750645,294.3264,-77.701965,-6.2647653
0.92937446,6.6255155,1.2502035,-0.010079277,-0.50854534,-0.84329945,294.53415,-77.60224,-6.3670073
1.2898289,4.9022474,0.44535315,0.03023783,-0.48838675,-0.82894415,294.73993,-77.51173,-6.456213
1.5857788,3.4451737,-0.10727162,0.08674286,-0.45356745,-0.82924956,294.9306,-77.4638,-6.527774
1.852602,2.1062934,-0.54085916,0.103847094,-0.43279803,-0.82833326,295.1146,-77.42121,-6.5917034
2.1041877,1.0350796,-0.7271997,0.14660765,-0.4266894,-0.81336707,295.27637,-77.416855,-6.689788
2.3488615,0.0995621,-0.78477,0.16340645,-0.41141775,-0.7901542,295.428,-77.4138,-6.782637
2.624179,-0.5333273,-0.58083695,0.14385876,-0.38423425,-0.73823065,295.5722,-77.42291,-6.875794
2.9100504,-1.000251,-0.24731998,0.09590584,-0.3051272,-0.65484756,295.69348,-77.44019,-6.9530716
3.4233959,-0.8941594,0.79957813,0.02443461,-0.172264,-0.54061574,295.7755,-77.455345,-6.9957886
4.05722,-0.49122822,2.2211554,-0.09773844,-0.029321533,-0.40775254,295.82642,-77.46677,-7.0100746
4.411011,-0.022967046,2.8910823,-0.24801129,0.08032878,-0.28405234,295.8156,-77.44494,-6.9628544
4.5287037,0.5054479,2.9247088,-0.3894266,0.17073683,-0.1423316,295.76212,-77.422066,-6.8745656
4.646396,1.033863,2.9583352,-0.49327368,0.19608775,0.008246681,295.59894,-77.2784,-6.6353145
4.7641125,1.5623835,2.9919682,-0.5705481,0.15210545,0.15332718,295.42413,-77.113785,-6.3534565
4.652243,2.034035,2.8216152,-0.61208695,0.106901415,0.29779682,295.2347,-76.93668,-6.0261126
4.445819,2.326469,2.5893881,-0.64812803,0.05009095,0.43860126,295.05344,-76.73983,-5.6510744
3.987049,2.3574936,2.1352665,-0.66889745,-0.053450707,0.55741453,294.8861,-76.563896,-5.188854
3.4486015,2.2206001,1.6196344,-0.65393126,-0.17165314,0.65209866,294.73187,-76.3738,-4.686005
2.8296342,1.948132,1.068769,-0.6169739,-0.28405234,0.71593404,294.61972,-76.20753,-4.1803904
2.1313014,1.5685015,0.47354573,-0.55833083,-0.34666604,0.75716746,294.52115,-76.03181,-3.6479883
1.4604154,1.15112,-0.018478906,-0.4718934,-0.36926803,0.79504114,294.47742,-75.92095,-3.1798182
0.78638595,0.68029064,-0.43479118,-0.39370266,-0.37110063,0.8155051,294.44238,-75.807655,-2.7006078
0.2077997,0.29881242,-0.70964706,-0.36010507,-0.33536503,0.8258898,294.44965,-75.76589,-2.3261268
-0.29945374,-0.015872566,-0.87873155,-0.29901853,-0.28344148,0.83077675,294.45126,-75.745224,-1.9477454
-0.69315314,-0.15409172,-0.97012925,-0.25809056,-0.23548855,0.8344419,294.48114,-75.76513,-1.6709712
-0.997648,-0.13717534,-0.99429554,-0.22876903,-0.1872302,0.82711154,294.49713,-75.795265,-1.3997765
-1.295266,-0.120641,-1.0179161,-0.21197024,-0.12583824,0.8197812,294.51062,-75.84813,-1.2192602
-1.5962926,-0.10391729,-1.041807,-0.21471913,-0.058337633,0.79290307,294.51135,-75.90263,-1.0517272
-1.7876177,-0.04877976,-1.0135087,-0.20891592,0.057421334,0.7623598,294.48297,-75.963905,-0.8965552
-1.8765587,0.044842295,-0.93393,-0.21502456,0.12156218,0.7254025,294.45306,-76.02025,-0.7533727
-1.8909434,0.1340122,-0.792908,-0.204029,0.18845193,0.6844745,294.38596,-76.1071,-0.75354874
-1.813916,0.22066799,-0.5714544,-0.1908954,0.26419923,0.6383542,294.3037,-76.19328,-0.77228385
-1.6903306,0.27628845,-0.36669683,-0.18661933,0.3036,0.5900958,294.19962,-76.27578,-0.8340468
-1.507741,0.2945474,-0.1795425,-0.20066923,0.32559118,0.5384777,294.087,-76.35594,-0.9130879
-1.3244939,0.30152375,0.019839773,-0.21960606,0.3268129,0.48899764,293.90283,-76.41479,-1.0346283
-1.1292517,0.2865051,0.2551316,-0.25167647,0.29840767,0.44440445,293.7357,-76.4618,-1.1597923
-0.9834786,0.2688618,0.4091138,-0.30909783,0.26053402,0.408058,293.5595,-76.45012,-1.259508
-0.8987717,0.24514385,0.4531614,-0.35033122,0.21288654,0.36865717,293.40714,-76.430824,-1.3602829
-0.8123947,0.22095826,0.49807742,-0.39003745,0.17440203,0.3390302,293.2625,-76.33965,-1.4093996
-0.7320174,0.20486255,0.49092513,-0.4196644,0.1328632,0.312763,293.137,-76.23916,-1.4607893
-0.65807396,0.19500342,0.4465591,-0.46211955,0.11026118,0.2874121,293.02075,-76.12382,-1.5146648
-0.60483414,0.20364061,0.3583294,-0.48716503,0.0720821,0.2770274,292.911,-75.990486,-1.5443219
-0.5626122,0.22240594,0.2457375,-0.49296826,0.03634648,0.25900686,292.8095,-75.85096,-1.5783352
-0.5195478,0.25617352,0.11919685,-0.50610185,0.007330383,0.25137106,292.72534,-75.71694,-1.5781851
-0.47547266,0.3002487,-0.01792592,-0.5235115,-0.013744468,0.24923302,292.64923,-75.580956,-1.577823
-0.40113658,0.32774466,-0.14900786,-0.52320606,-0.01160644,0.25320363,292.59897,-75.46381,-1.5656127
-0.3048201,0.34700796,-0.28385097,-0.52473325,-0.024740042,0.26908615,292.55704,-75.342834,-1.5476767
-0.23660126,0.3227925,-0.38968256,-0.52412236,-0.0021380284,0.2843578,292.5058,-75.26458,-1.5305303
-0.18326557,0.26945683,-0.4818078,-0.5332854,0.00030543262,0.3005457,292.46295,-75.18429,-1.5057825
-0.12048431,0.2446189,-0.60616845,-0.52687126,-0.005192355,0.30726522,292.4596,-75.11549,-1.4569904
-0.051849417,0.23751873,-0.7505384,-0.51159966,0.03634648,0.32498032,292.43994,-75.04836,-1.4051448
0.016648062,0.2304328,-0.8946193,-0.5198463,0.059253927,0.33536503,292.44623,-74.98362,-1.3422512
0.08547532,0.22331272,-1.0393939,-0.5186246,0.079107046,0.34330627,292.44052,-74.92721,-1.2784954
0.13937329,0.21483286,-1.1257844,-0.5348125,0.106901415,0.35216382,292.4266,-74.86353,-1.2139109
0.18114513,0.20555022,-1.1675563,-0.535118,0.16462818,0.35246924,292.39877,-74.80552,-1.1537703
0.18274128,0.23260722,-1.1744015,-0.5299256,0.22937989,0.33200526,292.39325,-74.807625,-1.0866269
0.14946795,0.28964722,-1.1506348,-0.5326745,0.30757064,0.32650748,292.36713,-74.80937,-1.0206156
0.08270553,0.42611268,-1.0417929,-0.5439755,0.35643986,0.32498032,292.33588,-74.820206,-0.9559396
-0.013330253,0.63190365,-0.8588675,-0.5849035,0.41141775,0.32925636,292.2815,-74.82357,-0.8973323
-0.16615011,0.86812836,-0.63322777,-0.6224717,0.4541783,0.3173445,292.21854,-74.82509,-0.8517663
-0.38548434,1.1362035,-0.3602785,-0.70096785,0.47311515,0.30940324,292.14658,-74.80508,-0.8062382
-0.6101876,1.8100008,1.0632285,-0.7892379,0.57543504,0.31581733,292.02667,-74.74234,-0.7829929
-0.8405234,2.9110062,3.6982706,-0.84696466,0.77579886,0.33169982,291.8747,-74.66712,-0.7685097
-0.4919802,4.827494,5.433622,-0.8772025,0.8753699,0.32162055,291.69095,-74.54849,-0.793029
0.7000618,7.937378,5.8662176,-0.93523467,0.68569624,0.35124752,291.53183,-74.40526,-0.79168856
1.3892856,10.671227,5.458893,-1.2434162,0.33017266,0.49205196,291.08362,-73.56304,-0.71226704
1.3673764,12.910339,3.8376179,-1.4715744,0.13469578,0.75136423,290.62164,-72.752304,-0.58461463
0.832902,14.921239,2.5930223,-1.2574661,-0.03268129,1.0616838,290.2447,-72.10669,-0.20229526
-1.6694944,16.220854,2.6745667,-0.77549344,-0.03634648,1.2226468,289.86536,-71.50226,0.18884312
-3.9285047,17.289343,3.1690834,-0.35888332,0.065973446,1.205848,289.84448,-71.552635,0.50940216
-5.6166716,17.859488,4.456366,-0.1554652,-0.06047566,1.0980303,289.8768,-71.65663,0.8499593
-6.9078407,18.380096,5.3572426,-0.19242255,-0.29565877,0.77763146,290.05566,-71.93103,0.79130596
-6.542136,18.676365,4.6628666,-0.3707952,-0.56230146,0.29535335,290.29462,-72.19361,0.68499035
-5.965533,18.954414,4.2765064,-0.3998113,-0.73456544,0.07941248,290.49573,-72.291595,0.41234547
-4.000094,19.114044,5.912709,-0.4202753,-0.6921103,-0.009773844,290.73547,-72.32949,0.07580659
-2.050625,19.25605,7.2403398,-0.3109304,-0.7538077,-0.055283304,291.14587,-72.50977,-0.23423856
-0.2001916,19.331003,7.418356,-0.16554448,-0.8668178,-0.047036625,291.55084,-72.674904,-0.52869827
1.393565,19.399048,7.3980536,-0.0729984,-0.838718,0.015577064,291.71204,-72.58014,-0.58699155
1.7843903,19.436716,6.348006,0.03390302,-0.79137594,0.09590584,291.8935,-72.53682,-0.62416184
2.114341,19.471878,5.3915734,0.1863139,-0.79198676,0.12950343,292.03702,-72.49484,-0.46312767
2.0138147,19.491026,5.0612726,0.36468655,-0.78801614,0.1151481,292.16098,-72.494385,-0.30683234
1.8813019,19.508936,4.7795463,0.4560109,-0.7984009,0.04428773,292.37448,-72.64879,-0.14515191
1.4727516,19.518118,4.8759456,0.6258314,-0.85062987,-0.05497787,292.59497,-72.86705,-0.0017621889
1.023829,19.527445,4.970029,0.75961095,-0.8906415,-0.17989981,292.84534,-73.13388,0.09309893
0.42105594,19.531572,4.9659,0.83260936,-0.88025683,-0.32650748,293.09924,-73.42073,0.14812309
-0.21542437,19.53593,4.9615407,0.86467975,-0.84604836,-0.4978552,293.3775,-73.7129,0.12578146
-0.48108304,19.437313,4.8301578,0.8903361,-0.79779,-0.70188415,293.65765,-74.01426,0.049831357
-0.66613454,19.319033,4.6746764,0.9016371,-0.77457714,-0.9059132,293.94345,-74.31058,-0.074544705
-0.8532003,19.199465,4.517503,0.94714653,-0.84421575,-1.0940597,294.27637,-74.61606,-0.30427438
-1.0405644,19.079706,4.360078,0.9801333,-0.98746365,-1.237613,294.63116,-74.90729,-0.5687951
-1.2265112,18.960854,4.2038445,1.0207558,-1.1068878,-1.3448198,295.00543,-75.198,-0.8655033
-1.4118237,18.842405,4.048144,1.0173961,-1.103528,-1.4208726,295.38843,-75.46885,-1.1849701
-1.599076,18.72272,3.890813,0.95142263,-1.03786,-1.4450017,295.79056,-75.71893,-1.5018779
-1.7841276,18.604439,3.7353318,0.87872964,-0.9599747,-1.4364496,296.18585,-75.949905,-1.8249083
-1.9992065,18.466965,3.554621,0.8167268,-0.9077458,-1.4156802,296.5704,-76.14999,-2.144391
-2.1576996,18.36566,3.4214542,0.7959574,-0.8677341,-1.3683381,296.92975,-76.32967,-2.4513087
-1.8735176,17.195982,3.2468357,0.77488256,-0.8362745,-1.3045027,297.2739,-76.48292,-2.7403123
-1.5219768,15.888251,3.073409,0.77763146,-0.8164214,-1.2669345,297.60492,-76.627655,-3.0188103
-1.0765097,14.353857,2.867596,0.7675522,-0.7742717,-1.2394456,297.9712,-76.802536,-3.3589563
-0.62133527,12.804327,2.6593778,0.75441855,-0.7351763,-1.2250903,298.32733,-76.96407,-3.6863403
-0.010244868,11.3153715,2.2748876,0.7464773,-0.6081163,-1.2235631,298.62973,-77.10249,-3.9881177
0.61793035,9.84648,1.8686991,0.7122689,-0.45937067,-1.2250903,298.91162,-77.219696,-4.2846646
1.1758069,8.4418745,1.2568443,0.6627888,-0.2687807,-1.2238685,299.13824,-77.31249,-4.5523396
1.693596,7.1201496,0.64367294,0.6078109,-0.05131268,-1.2366967,299.31506,-77.38434,-4.8289504
2.0371501,5.741475,-0.19686395,0.5513059,0.20066923,-1.2541064,299.4184,-77.45471,-5.0676856
2.3282793,4.3812814,-1.0750241,0.52381694,0.46089783,-1.282817,299.4598,-77.508896,-5.3195186
2.531839,3.1223948,-1.752486,0.52381694,0.6899723,-1.3133603,299.41345,-77.57606,-5.576779
2.7119849,1.9040399,-2.3735151,0.54305923,0.83199847,-1.318858,299.31866,-77.63458,-5.8370323
2.8175342,0.9477163,-2.614531,0.58276546,0.893085,-1.3081679,299.17792,-77.74008,-6.1148033
2.9030313,0.06899644,-2.7570262,0.6230826,0.8680395,-1.2623531,299.01672,-77.84849,-6.379613
2.9021194,-0.5399487,-2.4859467,0.66798115,0.8081747,-1.1939361,298.84424,-78.00029,-6.6380744
2.8784525,-1.0748225,-2.107275,0.70524395,0.7309003,-1.0772609,298.6741,-78.16922,-6.8607583
2.7718155,-1.3725604,-1.3931012,0.7284568,0.61544675,-0.95111716,298.5221,-78.351204,-7.0535583
2.6409144,-1.5994554,-0.5815151,0.7290677,0.5216789,-0.81061816,298.37552,-78.555695,-7.2004304
2.40706,-1.6587535,0.36021128,0.72051555,0.42852196,-0.6649268,298.2434,-78.738815,-7.302359
2.083459,-1.5929364,1.4461937,0.6609562,0.37323865,-0.5131268,298.1186,-78.93814,-7.354838
1.7376984,-1.3201119,2.2954674,0.56046885,0.3313944,-0.37873647,297.99268,-79.05941,-7.3692594
1.3863201,-0.9972236,3.0884428,0.40225476,0.28680122,-0.23945917,297.87653,-79.18832,-7.332288
1.2344004,-0.4669134,3.7883806,0.20830505,0.2751948,-0.11484267,297.7472,-79.20658,-7.2767363
1.1342497,0.12922138,4.4751277,-0.043066,0.23793201,0.009162978,297.63275,-79.20467,-7.175786
1.2996645,0.85982484,4.9001575,-0.17256944,0.19364429,0.06688975,297.5254,-79.0957,-7.0797234
1.5489109,1.6411161,5.250061,-0.4156938,0.112704635,0.19975294,297.43008,-78.93414,-6.922262
1.9899693,2.4043636,5.2156477,-0.6301075,-0.018020526,0.35155296,297.36322,-78.68257,-6.716413
2.4896867,3.1586542,5.0600753,-0.7825184,-0.25686884,0.5213735,297.3371,-78.39259,-6.457624
2.4136171,3.3162434,4.2617497,-0.82711154,-0.5381723,0.6795876,297.3404,-78.07012,-6.083107
2.1263244,3.254511,3.2289205,-0.795652,-0.7684685,0.8127562,297.37512,-77.715195,-5.6588216
1.8347678,3.1918626,2.1807623,-0.6930266,-0.90041536,0.90010995,297.41382,-77.41522,-5.1256595
1.5490884,3.130477,1.153733,-0.55680364,-0.93767816,0.9392053,297.47217,-77.10147,-4.5657315
0.9300847,2.680984,0.12651594,-0.4288274,-0.8918633,0.9502009,297.52682,-76.78026,-3.9918933
0.16878058,2.0671825,-0.9060028,-0.2782491,-0.7883216,0.92149025,297.56232,-76.46713,-3.4257686
-0.5044158,1.455996,-1.6697375,-0.13713925,-0.6188065,0.8594874,297.6669,-76.471825,-3.003966
-1.1451005,0.8392175,-2.3199847,-0.028099801,-0.4175264,0.77396625,297.73386,-76.493546,-2.611204
-1.5395408,0.34387147,-2.6213315,0.06811147,-0.21624629,0.679893,297.83124,-76.67614,-2.393065
-1.8195394,-0.09678222,-2.7590356,0.1301143,-0.03481932,0.56779927,297.88632,-76.87336,-2.2191007
-1.8617578,-0.37287152,-2.7148402,0.15454891,0.100792766,0.46181414,297.9567,-77.164185,-2.1988497
-1.7377262,-0.5350665,-2.5431044,0.15210545,0.22235495,0.37812558,297.988,-77.46311,-2.2172313
-1.2061106,-0.4592395,-2.0412893,0.15577064,0.3313944,0.31948254,298.00635,-77.77203,-2.3197205
-0.4056292,-0.21863237,-1.324095,0.13652839,0.35308012,0.2837469,298.02005,-78.07121,-2.444481
0.124685,-0.034924686,-0.85563076,0.13408493,0.35796702,0.24556783,297.99658,-78.338295,-2.5696476
0.41634667,0.0989528,-0.6070011,0.13652839,0.38423425,0.24220806,297.9621,-78.601135,-2.7001262
0.6541826,0.20981897,-0.37793604,0.14477506,0.4071417,0.23518312,297.86584,-78.753975,-2.6746912
