acc_x,acc_y,acc_z,gyro_x,gyro_y,gyro_z,azimuth,pitch,roll
-1.6467313,9.6190405,-1.728711,-0.01863139,0.014966198,0.007330383,123.57378,-103.78853,-9.832845
-1.6348374,9.62142,-1.7548774,-0.025961773,0.016187929,0.0033597588,123.56036,-103.787384,-9.836008
-1.6229838,9.623791,-1.7809552,-0.025045475,0.017715093,0.005192355,123.549126,-103.78873,-9.838041
-1.6170073,9.615853,-1.8085388,-0.029321533,0.029932396,0.0015271631,123.53423,-103.78958,-9.84209
-1.6146297,9.601587,-1.8370703,-0.015577064,0.029321533,0.0018325958,123.52306,-103.793106,-9.84498
-1.6122719,9.5874405,-1.8653631,-0.014966198,0.025961773,0.007330383,123.50919,-103.80016,-9.853071
-1.6099095,9.573266,-1.8937128,-0.014966198,0.027488936,-0.0012217305,123.493546,-103.81251,-9.864595
-1.6043166,9.568148,-1.9048672,-0.022296581,0.022602014,-0.0027488936,123.48145,-103.82078,-9.872866
-1.596464,9.569718,-1.9032967,-0.01863139,0.014660766,-0.0012217305,123.46966,-103.83221,-9.882509
-1.588624,9.571286,-1.9017286,-0.013744468,0.011301007,0.0012217305,123.45128,-103.850624,-9.893485
-1.58074,9.572863,-1.9001518,-0.011911872,0.011301007,0.0012217305,123.44318,-103.85999,-9.899818
-1.5728621,9.574438,-1.8985763,-0.014966198,0.0076358155,-0.0033597588,123.43508,-103.86935,-9.906147
-1.5649939,9.576012,-1.8970026,-0.019242255,0.0070249503,-0.0033597588,123.43094,-103.87858,-9.913765
-1.5657719,9.579184,-1.8771979,-0.026267206,0.006414085,0.0061086523,123.426796,-103.887825,-9.921392
-1.5754225,9.584008,-1.8385955,-0.024129177,-0.01282817,0.00061086525,123.423485,-103.91107,-9.937084
-1.5688937,9.5954075,-1.7947786,-0.019242255,-0.0012217305,-0.004581489,123.41415,-103.92652,-9.944652
-1.5454483,9.614163,-1.7431989,-0.024129177,-0.0036651916,-0.004581489,123.41421,-103.940094,-9.953633
-1.5301359,9.646223,-1.6970229,-0.023518313,0.0009162979,0.005192355,123.41285,-103.95029,-9.96044
-1.5253571,9.694011,-1.658793,-0.036957346,-0.00061086525,0.009162978,123.41353,-103.95757,-9.96895
-1.5268382,9.730774,-1.6252561,-0.033292156,-0.0033597588,0.007330383,123.421165,-103.956764,-9.970794
-1.5360737,9.753862,-1.5975497,-0.032070424,-0.0067195175,0.008857546,123.4297,-103.95134,-9.970554
-1.5400747,9.766552,-1.5873382,-0.031154128,-0.01038471,0.0076358155,123.444725,-103.93984,-9.968594
-1.5351703,9.761647,-1.6069554,-0.021685716,0.0009162979,0.0106901415,123.45658,-103.92929,-9.964371
-1.5359731,9.76245,-1.6258484,-0.029932396,0.009162978,0.013439035,123.483444,-103.91734,-9.963177
-1.5456699,9.772147,-1.6452421,-0.03145956,0.004276057,0.014966198,123.51054,-103.908226,-9.961408
-1.5480499,9.770287,-1.6610285,-0.02565634,-0.0012217305,0.014660766,123.53321,-103.90096,-9.958933
-1.5384797,9.748754,-1.6729913,-0.026267206,-0.0030543262,0.02076942,123.55632,-103.890526,-9.9541855
-1.529219,9.727917,-1.6845671,-0.022296581,0.005192355,0.02321288,123.584656,-103.89102,-9.953876
-1.5196958,9.70649,-1.6964712,-0.033292156,-0.0009162979,0.018325957,123.61703,-103.888405,-9.95453
-1.5158293,9.684995,-1.7167941,-0.025045475,0.010079277,0.022907447,123.642204,-103.88771,-9.950498
-1.5255227,9.660761,-1.7604146,-0.028710667,0.002443461,0.02107485,123.67342,-103.884575,-9.950684
-1.5309383,9.646546,-1.7949151,-0.040011674,0.0018325958,0.01863139,123.70258,-103.88628,-9.94844
-1.5261923,9.656038,-1.8091528,-0.03756821,0.007330383,0.015882496,123.7315,-103.89004,-9.9467535
-1.5192258,9.657187,-1.8277282,-0.03176499,0.012217305,0.018936822,123.75435,-103.89901,-9.947161
-1.505767,9.634756,-1.8591322,-0.039095376,0.009162978,0.015882496,123.776985,-103.9072,-9.949998
-1.4943271,9.615114,-1.8861129,-0.03573562,0.004276057,0.017104227,123.797646,-103.91762,-9.94995
-1.4975079,9.615114,-1.8813418,-0.04184427,0.007330383,0.011911872,123.815994,-103.92619,-9.9522
-1.5006906,9.615114,-1.8765677,-0.03481932,0.00061086525,0.019242255,123.834625,-103.937546,-9.946848
-1.5038266,9.615114,-1.8718637,-0.029321533,-0.004581489,0.016187929,123.85079,-103.950134,-9.94567
-1.5069859,9.615114,-1.8671248,-0.03359759,-0.0033597588,0.02565634,123.86763,-103.95767,-9.938957
-1.510125,9.615114,-1.862416,-0.040011674,-0.008552114,0.017715093,123.88633,-103.96959,-9.9386
-1.5155292,9.6159115,-1.8567036,-0.040011674,0.0030543262,0.019242255,123.898575,-103.97678,-9.932114
-1.5419759,9.624727,-1.8434802,-0.036957346,-0.013439035,0.02321288,123.91972,-103.98408,-9.928817
-1.570408,9.633514,-1.8284168,-0.046120327,-0.015577064,0.01740966,123.9393,-103.992325,-9.928208
-1.5660657,9.616145,-1.8110476,-0.04520403,-0.018936822,0.02443461,123.96429,-103.99933,-9.9236965
-1.5615472,9.598071,-1.7929735,-0.040011674,-0.025045475,0.019547688,123.98966,-104.01066,-9.933253
-1.5491071,9.584048,-1.771009,-0.03634648,-0.016187929,0.021380283,124.01188,-104.0186,-9.93801
-1.5357976,9.570739,-1.7488265,-0.03604105,-0.020158553,0.01985312,124.038574,-104.02807,-9.945639
-1.542878,9.563701,-1.7465085,-0.029626964,-0.008552114,0.020158553,124.06239,-104.03685,-9.947193
-1.5571647,9.558938,-1.7512707,-0.03940081,-0.006414085,0.018325957,124.0893,-104.0427,-9.950197
-1.5592271,9.566615,-1.7435935,-0.029932396,-0.007330383,0.02076942,124.11684,-104.04922,-9.954887
-1.5568725,9.578388,-1.7318205,-0.016187929,0.008246681,0.016493361,124.1381,-104.056015,-9.960709
-1.554454,9.590481,-1.7197278,-0.025350908,0.0015271631,0.015577064,124.16711,-104.06233,-9.967195
-1.5520817,9.602342,-1.7078665,-0.0290161,0.013133603,0.013133603,124.18563,-104.07318,-9.973321
-1.5444981,9.602065,-1.7185607,-0.028099801,0.020158553,0.011301007,124.20687,-104.082695,-9.979745
-1.5349964,9.597315,-1.737564,-0.031154128,0.017715093,0.0070249503,124.226845,-104.09125,-9.987128
-1.5356815,9.60953,-1.766726,-0.018325957,0.024740042,0.00030543262,124.23966,-104.0962,-9.992623
-1.5404388,9.628559,-1.8000264,-0.029626964,0.028710667,0.005497787,124.254166,-104.09394,-9.995943
-1.5451617,9.63262,-1.8231994,-0.026572637,0.024740042,0.0009162979,124.260544,-104.09887,-10.001602
-1.5498993,9.630251,-1.8421499,-0.026267206,0.020158553,-0.002443461,124.26619,-104.09961,-10.005125
-1.5546454,9.627878,-1.8611345,-0.027488936,0.019547688,-0.0027488936,124.26801,-104.10587,-10.016286
-1.5594087,9.625497,-1.8801875,-0.034208454,0.013744468,-0.0009162979,124.27247,-104.11112,-10.027835
-1.5579064,9.630918,-1.8741786,-0.04428773,0.009773844,-0.0027488936,124.27629,-104.116,-10.039602
-1.5531081,9.640514,-1.8549854,-0.027183503,0.006414085,-0.0015271631,124.281715,-104.12379,-10.049826
-1.5419531,9.640681,-1.8419973,-0.03145956,0.009162978,-0.0018325958,124.27576,-104.129326,-10.061989
-1.5276358,9.635909,-1.8324524,-0.035430185,0.005192355,-0.0018325958,124.27447,-104.13234,-10.066679
-1.5195935,9.640505,-1.8073392,-0.038789943,0.005192355,0.0067195175,124.27317,-104.135376,-10.071413
-1.5147984,9.650095,-1.7737738,-0.031154128,0.004276057,0.003970624,124.27102,-104.142265,-10.082074
-1.5162611,9.650295,-1.7590067,-0.034208454,0.0021380284,-0.0012217305,124.27571,-104.143394,-10.090583
-1.5211077,9.64545,-1.7541602,-0.027794369,0.007330383,0.0030543262,124.27879,-104.14644,-10.096547
-1.521281,9.642414,-1.7453996,-0.03573562,0.007330383,0.00580322,124.28784,-104.14192,-10.102768
-1.5191072,9.64024,-1.7345309,-0.027794369,0.0036651916,0.009773844,124.29664,-104.1407,-10.107075
-1.5169573,9.63809,-1.7237808,-0.025350908,0.022907447,0.009468411,124.29542,-104.13655,-10.116268
-1.5148158,9.635948,-1.7130737,-0.038789943,0.0125227375,0.008857546,124.30388,-104.13012,-10.125678
-1.515401,9.635967,-1.7046716,-0.028099801,0.016493361,0.0076358155,124.30268,-104.12925,-10.133355
-1.5253563,9.643434,-1.7046716,-0.03023783,0.022296581,0.007941248,124.303986,-104.1231,-10.140839
-1.5351052,9.650745,-1.7046716,-0.03023783,0.022602014,0.004276057,124.30751,-104.11729,-10.151078
-1.5451458,9.658276,-1.7046716,-0.034513887,0.023823744,0.009162978,124.30957,-104.10855,-10.158113
-1.5497695,9.669691,-1.7113643,-0.028710667,0.026267206,0.010995574,124.31088,-104.103355,-10.166558
-1.5449418,9.689002,-1.7306753,-0.03145956,0.023823744,0.010079277,124.31339,-104.095375,-10.17424
-1.540311,9.69975,-1.7554191,-0.03359759,0.028710667,0.011911872,124.31337,-104.089455,-10.17964
-1.5356356,9.695075,-1.7928209,-0.03359759,0.025045475,0.0143553335,124.316505,-104.0836,-10.185345
-1.5335072,9.691729,-1.822639,-0.036651913,0.032070424,0.016798794,124.31407,-104.07752,-10.1886015
-1.5383775,9.691729,-1.8348144,-0.03573562,0.03481932,0.009773844,124.3136,-104.07382,-10.194027
-1.5431815,9.691729,-1.8468244,-0.042760566,0.022907447,0.016187929,124.31814,-104.07308,-10.199837
-1.5479778,9.691729,-1.8588152,-0.049785517,0.023823744,0.014966198,124.31747,-104.07546,-10.2086935
-1.5563092,9.688079,-1.8601775,-0.04062254,0.015577064,0.01740966,124.32306,-104.078545,-10.221624
-1.5745722,9.674381,-1.832783,-0.044593163,0.013133603,0.01038471,124.32614,-104.07988,-10.236728
-1.5867908,9.663738,-1.8077972,-0.05131268,0.014049901,0.015271631,124.32797,-104.08355,-10.249326
-1.5675623,9.668545,-1.7933758,-0.049480084,0.005192355,0.0143553335,124.33258,-104.09061,-10.26556
-1.5521648,9.671371,-1.7808046,-0.04153884,-0.0033597588,0.01282817,124.338684,-104.09594,-10.282884
-1.5566939,9.663823,-1.7777853,-0.03726278,0.0076358155,0.016493361,124.34179,-104.099846,-10.297824
-1.5611949,9.656322,-1.7747847,-0.047647487,0.0061086523,0.009468411,124.34597,-104.09573,-10.306492
-1.5657591,9.648714,-1.7717417,-0.043676864,0.01282817,0.018325957,124.34558,-104.09121,-10.308471
-1.5706161,9.640619,-1.7685037,-0.05100725,0.004581489,0.015882496,124.34905,-104.08641,-10.316113
-1.5747439,9.633739,-1.7657518,-0.049785517,0.011911872,0.0106901415,124.34644,-104.082886,-10.320762
-1.5792575,9.626217,-1.7627428,-0.03756821,0.010995574,0.016187929,124.349,-104.07845,-10.323628
-1.564812,9.620851,-1.7659727,-0.044593163,0.007330383,0.014966198,124.34969,-104.07316,-10.329387
-1.5459496,9.616135,-1.7706883,-0.046120327,0.011301007,0.0106901415,124.3486,-104.07084,-10.3339405
-1.5456187,9.618867,-1.7754619,-0.04428773,0.023518313,0.01740966,124.34611,-104.06744,-10.337944
-1.5502307,9.623479,-1.7800741,-0.040317107,0.015882496,0.014049901,124.347496,-104.06723,-10.346445
-1.5496677,9.626466,-1.7812861,-0.041233405,0.018325957,0.020463986,124.34314,-104.06171,-10.349037
-1.5473651,9.628769,-1.7812861,-0.04337143,0.02107485,0.02076942,124.340485,-104.05879,-10.354406
-1.5449841,9.63115,-1.7812861,-0.04795292,0.015577064,0.01863139,124.33905,-104.05548,-10.359399
-1.542626,9.633508,-1.7812861,-0.038179077,0.02443461,0.009468411,124.33248,-104.05606,-10.365296
-1.5434526,9.627921,-1.7844594,-0.036651913,0.036957346,0.018020526,124.330864,-104.05277,-10.367272
-1.5457804,9.61861,-1.7891151,-0.048563786,0.023518313,0.013133603,124.33307,-104.05353,-10.376172
-1.5481637,9.609077,-1.7938815,-0.04337143,0.017715093,0.013744468,124.32314,-104.04933,-10.373065
-1.5505084,9.599698,-1.7985711,-0.04428773,0.020158553,0.015271631,124.31469,-104.04274,-10.371333
-1.554342,9.60176,-1.8091378,-0.042455133,0.013439035,0.014966198,124.31059,-104.03811,-10.370647
-1.559179,9.611433,-1.8236483,-0.044593163,0.020463986,0.016798794,124.302185,-104.03196,-10.368175
-1.5595192,9.612113,-1.8231688,-0.04795292,0.018936822,0.0143553335,124.29942,-104.0317,-10.371359
-1.5571116,9.607299,-1.8135384,-0.053450707,0.011911872,0.01160644,124.29638,-104.03035,-10.373957
-1.5547036,9.602483,-1.8039063,-0.03726278,0.013133603,0.011301007,124.28988,-104.03455,-10.3768215
-1.552268,9.597611,-1.7941642,-0.03940081,0.022907447,0.02076942,124.28332,-104.03269,-10.377469
-1.568597,9.587383,-1.7880038,-0.039095376,0.0106901415,0.016493361,124.28209,-104.037315,-10.382922
-1.595452,9.573956,-1.783528,-0.03634648,0.0030543262,0.014660766,124.277405,-104.03949,-10.384301
-1.6076726,9.5746155,-1.7788241,-0.03359759,0.003970624,0.020463986,124.26919,-104.03329,-10.37513
-1.605256,9.589115,-1.773991,-0.036957346,0.01985312,0.024129177,124.258804,-104.02746,-10.36692
-1.6028087,9.603799,-1.7690964,-0.040317107,0.01038471,0.014660766,124.25155,-104.02487,-10.358854
-1.6003585,9.618501,-1.7641959,-0.03573562,0.005192355,0.012217305,124.239296,-104.02118,-10.347284
-1.6047894,9.630154,-1.7566698,-0.032070424,0.008552114,0.013133603,124.23521,-104.02179,-10.337419
-1.6142678,9.639632,-1.7471913,-0.036651913,0.013439035,0.015271631,124.23211,-104.021935,-10.328358
-1.6076729,9.651951,-1.7267677,-0.038179077,0.01985312,0.017715093,124.229935,-104.02003,-10.317247
-1.5884964,9.666332,-1.698003,-0.040011674,0.02321288,0.015882496,124.22717,-104.01772,-10.307014
-1.5814786,9.675186,-1.6737685,-0.040317107,0.024129177,0.023823744,124.22471,-104.01246,-10.29426
-1.5838324,9.6798935,-1.6525847,-0.052839845,0.01985312,0.020463986,124.22222,-104.007385,-10.285642
-1.5861998,9.6846285,-1.631278,-0.04520403,0.028099801,0.022602014,124.22652,-103.99873,-10.26668
-1.5885234,9.689276,-1.6103652,-0.059253927,0.02076942,0.0143553335,124.23582,-103.98661,-10.253022
-1.5735227,9.684774,-1.6016449,-0.048258353,0.02321288,0.013744468,124.240425,-103.979004,-10.236251
-1.5401711,9.670481,-1.6064093,-0.049480084,0.017715093,0.016798794,124.24915,-103.9675,-10.2218895
-1.5136025,9.667553,-1.6225681,-0.05375614,0.022907447,0.01985312,124.25697,-103.95005,-10.199033
-1.4946971,9.677006,-1.6509264,-0.05497787,0.018020526,0.013744468,124.26891,-103.93463,-10.179285
-1.480887,9.683911,-1.6769181,-0.04062254,0.024129177,0.014966198,124.27785,-103.9169,-10.152517
-1.4733789,9.687665,-1.6994427,-0.046731193,0.019547688,0.016493361,124.29094,-103.89661,-10.128817
-1.4656341,9.69058,-1.726887,-0.05589417,0.013744468,0.015882496,124.30692,-103.88291,-10.103375
-1.4691745,9.679959,-1.7552105,-0.052534413,0.018936822,0.017104227,124.32108,-103.87004,-10.077434
-1.4734433,9.667152,-1.7893605,-0.04550946,0.022907447,0.016187929,124.33456,-103.85933,-10.052628
-1.4813952,9.661356,-1.8086485,-0.04642576,0.016798794,0.018936822,124.349556,-103.846954,-10.027415
-1.4909177,9.658976,-1.8205515,-0.048258353,0.021991149,0.020463986,124.359955,-103.83644,-10.002796
-1.5005069,9.656578,-1.832538,-0.04734206,0.018936822,0.015882496,124.36943,-103.834236,-9.986927
-1.5099816,9.654209,-1.8443815,-0.042760566,0.022907447,0.016187929,124.37561,-103.83114,-9.969194
-1.516342,9.643802,-1.8515303,-0.046731193,0.02687807,0.014660766,124.382385,-103.82822,-9.955384
-1.5211003,9.629527,-1.8562886,-0.04642576,0.019547688,0.022602014,124.39165,-103.82504,-9.939577
-1.538641,9.6310625,-1.851529,-0.04795292,0.028710667,0.02443461,124.38842,-103.82569,-9.922183
-1.5616232,9.640256,-1.842336,-0.046120327,0.017715093,0.023518313,124.39331,-103.826035,-9.905242
-1.5735276,9.637982,-1.8270216,-0.03756821,0.014966198,0.019242255,124.39191,-103.82962,-9.8897
-1.5782878,9.628462,-1.8079809,-0.038789943,0.013133603,0.022296581,124.393684,-103.83031,-9.873365
-1.5918869,9.6188345,-1.7872617,-0.050701816,0.021380283,0.021991149,124.39274,-103.83318,-9.862
-1.6111495,9.609202,-1.7655911,-0.04734206,0.012217305,0.017715093,124.397194,-103.83895,-9.85223
-1.6305282,9.599514,-1.7437901,-0.04886922,0.0125227375,0.014966198,124.40034,-103.841736,-9.848578
-1.6499186,9.589819,-1.7219762,-0.05467244,0.014660766,0.018020526,124.40551,-103.843864,-9.844906
-1.6649989,9.591858,-1.700563,-0.043066,0.009162978,0.018936822,124.41242,-103.85001,-9.843001
-1.6778697,9.600438,-1.6791116,-0.052839845,0.0033597588,0.016493361,124.418686,-103.85067,-9.841147
-1.6834109,9.608698,-1.6653109,-0.043982297,0.0009162979,0.018936822,124.43523,-103.86076,-9.849622
-1.6787289,9.615721,-1.6629698,-0.042455133,0.004276057,0.019242255,124.45117,-103.868,-9.858974
-1.6738575,9.623028,-1.6605341,-0.03970624,0.009468411,0.01740966,124.46883,-103.87477,-9.868149
-1.6690326,9.630265,-1.6581217,-0.04886922,-0.0012217305,0.016187929,124.489746,-103.878944,-9.877301
-1.6555102,9.634268,-1.6589584,-0.04062254,0.0012217305,0.0125227375,124.50413,-103.886566,-9.881686
-1.6315801,9.634268,-1.6637444,-0.051923547,0.0030543262,0.0143553335,124.52161,-103.88729,-9.8851795
-1.6077554,9.634268,-1.6685094,-0.04734206,0.0033597588,0.01863139,124.535194,-103.88883,-9.891648
-1.5835285,9.634268,-1.6733547,-0.046120327,-0.008246681,0.015271631,124.551186,-103.888535,-9.899911
-1.559584,9.634268,-1.6781436,-0.034513887,0.00030543262,0.01740966,124.56632,-103.89196,-9.907011
-1.5357354,9.634268,-1.6829134,-0.044593163,-0.00580322,0.018020526,124.58838,-103.89204,-9.91632
-1.5182505,9.632037,-1.6877489,-0.038789943,0.004276057,0.02565634,124.60345,-103.89545,-9.921459
-1.5088794,9.627352,-1.6924343,-0.04886922,-0.0015271631,0.01282817,124.62352,-103.89752,-9.932889
-1.5047562,9.625889,-1.6970907,-0.051618114,-0.004276057,0.020463986,124.639336,-103.88652,-9.9206915
-1.5076218,9.628754,-1.7018667,-0.040927973,-0.0027488936,0.021685716,124.65445,-103.88022,-9.914072
-1.510418,9.631551,-1.7065272,-0.039095376,0.0009162979,0.021685716,124.66606,-103.868126,-9.90403
-1.5132973,9.63443,-1.711326,-0.03604105,0.0070249503,0.019547688,124.67637,-103.85877,-9.894267
-1.5160897,9.637222,-1.7159798,-0.047647487,-0.0036651916,0.015577064,124.69027,-103.8474,-9.885873
-1.5189877,9.64012,-1.7208098,-0.03726278,0.008857546,0.017715093,124.69588,-103.840355,-9.875148
-1.5217651,9.642898,-1.7254391,-0.047647487,0.01282817,0.018936822,124.70141,-103.82498,-9.864334
-1.5246711,9.645803,-1.7302823,-0.035430185,0.0106901415,0.02076942,124.705284,-103.81592,-9.85273
-1.5275697,9.648702,-1.7351131,-0.037873644,0.0125227375,0.021685716,124.70986,-103.8028,-9.836227
-1.5303136,9.651445,-1.7396865,-0.047036625,0.0061086523,0.017715093,124.71727,-103.79165,-9.821571
-1.530131,9.65486,-1.739382,-0.04795292,0.008552114,0.024740042,124.722206,-103.77947,-9.803509
-1.5229583,9.659641,-1.7274276,-0.043982297,0.012217305,0.019547688,124.72782,-103.77002,-9.790658
-1.5159287,9.664328,-1.7157117,-0.044898596,0.0036651916,0.010995574,124.7286,-103.76136,-9.783868
-1.5088042,9.669078,-1.7038375,-0.041233405,0.0015271631,0.018020526,124.72712,-103.75254,-9.773895
-1.5039599,9.673378,-1.6942923,-0.043676864,0.0067195175,0.017715093,124.72926,-103.74863,-9.774341
-1.5055479,9.676554,-1.6911162,-0.040927973,0.0061086523,0.014660766,124.733864,-103.74569,-9.773932
-1.5071214,9.679701,-1.6879691,-0.040011674,0.0067195175,0.01740966,124.74135,-103.73553,-9.765875
-1.5086962,9.682851,-1.6848195,-0.041233405,0.0036651916,0.01282817,124.7495,-103.72777,-9.761064
-1.5103077,9.686073,-1.6815968,-0.05100725,0.005497787,0.01282817,124.75635,-103.71595,-9.746464
-1.5118862,9.689231,-1.6784396,-0.045814894,0.010079277,0.0143553335,124.763084,-103.70769,-9.733092
-1.5156648,9.689199,-1.6725686,-0.051923547,0.0070249503,0.018020526,124.765945,-103.69236,-9.719056
-1.5300202,9.674844,-1.6534282,-0.047036625,0.021685716,0.015271631,124.762215,-103.68173,-9.705792
-1.5403721,9.664492,-1.6383808,-0.049785517,0.01863139,0.01863139,124.76609,-103.665504,-9.691218
-1.5307446,9.67412,-1.6431946,-0.04642576,0.018325957,0.021991149,124.76485,-103.65279,-9.677085
-1.5234318,9.682872,-1.6486499,-0.04184427,0.024740042,0.01985312,124.76332,-103.64037,-9.665612
-1.5281607,9.6876,-1.6581078,-0.05681047,0.026572637,0.020463986,124.763596,-103.623825,-9.653013
-1.5332596,9.69367,-1.6702471,-0.057726767,0.028405234,0.021991149,124.76144,-103.6109,-9.644072
-1.5424212,9.711993,-1.7068928,-0.051618114,0.025961773,0.021991149,124.76011,-103.597,-9.635733
-1.5512301,9.729186,-1.7425536,-0.046120327,0.02321288,0.021685716,124.75664,-103.583496,-9.623283
-1.5491359,9.720809,-1.738365,-0.04795292,0.0290161,0.021991149,124.751625,-103.57002,-9.610752
-1.5466427,9.710835,-1.7333785,-0.047647487,0.025961773,0.023518313,124.746796,-103.56465,-9.605351
-1.5445296,9.702383,-1.7291524,-0.04062254,0.02076942,0.020463986,124.740875,-103.561356,-9.6011715
-1.5422527,9.693275,-1.7245984,-0.05100725,0.019547688,0.021685716,124.735214,-103.553795,-9.596228
-1.541866,9.683709,-1.7178106,-0.038789943,0.021685716,0.025350908,124.730156,-103.55246,-9.59165
-1.541866,9.6742935,-1.7107487,-0.046120327,0.016798794,0.018325957,124.72711,-103.5472,-9.5902405
-1.541866,9.664616,-1.7034905,-0.047036625,0.02321288,0.021380283,124.721756,-103.54203,-9.584082
-1.541866,9.655289,-1.6964958,-0.046731193,0.020463986,0.021991149,124.72005,-103.537704,-9.58133
-1.5527773,9.646147,-1.6841835,-0.055588737,0.02076942,0.023518313,124.71592,-103.53071,-9.5771055
-1.5659664,9.637355,-1.6709944,-0.046731193,0.01863139,0.024740042,124.713394,-103.527435,-9.573144
-1.5721846,9.6374445,-1.658423,-0.05100725,0.027183503,0.0290161,124.715805,-103.520966,-9.565081
-1.5745605,9.642196,-1.6465434,-0.052534413,0.02076942,0.022296581,124.72258,-103.51887,-9.56076
-1.5769961,9.647067,-1.6343656,-0.055588737,0.019547688,0.026572637,124.7265,-103.512794,-9.553509
-1.579374,9.651823,-1.6224762,-0.056199603,0.018020526,0.026572637,124.73177,-103.50919,-9.549757
-1.575325,9.645341,-1.6233283,-0.044593163,0.026267206,0.03176499,124.72584,-103.50088,-9.542356
-1.5681919,9.633452,-1.6304616,-0.055588737,0.020463986,0.026267206,124.72397,-103.49036,-9.538865
-1.5610229,9.621504,-1.6376306,-0.043676864,0.02321288,0.02565634,124.72707,-103.48473,-9.527668
-1.5538453,9.609541,-1.6448082,-0.062308256,0.0143553335,0.022602014,124.73477,-103.47256,-9.519798
-1.5483605,9.611702,-1.6564574,-0.04795292,0.016798794,0.022907447,124.738556,-103.46902,-9.510738
-1.5435576,9.621307,-1.6708664,-0.044898596,0.0290161,0.02443461,124.74196,-103.46,-9.502331
-1.5448543,9.639632,-1.6669762,-0.052534413,0.032375857,0.019547688,124.73967,-103.45037,-9.488791
-1.5497167,9.663945,-1.6523888,-0.050396383,0.021380283,0.025961773,124.73876,-103.44102,-9.472257
-1.5394953,9.660627,-1.6561712,-0.046731193,0.028405234,0.02443461,124.72289,-103.43027,-9.456843
-1.5208548,9.641988,-1.6701516,-0.04337143,0.030848695,0.022907447,124.7121,-103.41904,-9.440929
-1.5102955,9.632848,-1.6759412,-0.04062254,0.02565634,0.025961773,124.703835,-103.40588,-9.424343
-1.505464,9.630432,-1.6759412,-0.04153884,0.015577064,0.020158553,124.69605,-103.39522,-9.411346
-1.500573,9.627987,-1.6759412,-0.038789943,0.025045475,0.021991149,124.68156,-103.38272,-9.389551
-1.4957093,9.625555,-1.6759412,-0.047647487,0.022602014,0.028710667,124.673584,-103.368286,-9.369697
-1.5059046,9.636614,-1.6789219,-0.045814894,0.030848695,0.026572637,124.6598,-103.35843,-9.351522
-1.5244871,9.655196,-1.6835675,-0.05497787,0.017104227,0.022602014,124.65354,-103.344025,-9.333815
-1.5401413,9.66038,-1.6776657,-0.043066,0.017715093,0.025045475,124.6418,-103.333,-9.313328
-1.5538335,9.655816,-1.6639736,-0.044898596,0.02107485,0.027183503,124.63326,-103.31862,-9.295159
-1.558747,9.652285,-1.6579238,-0.04184427,0.015577064,0.027183503,124.62222,-103.307205,-9.274317
-1.5538791,9.649851,-1.6603578,-0.03940081,0.0076358155,0.027794369,124.611404,-103.29525,-9.253424
-1.5490797,9.647451,-1.6627575,-0.034513887,0.0036651916,0.023518313,124.60002,-103.28466,-9.2338705
-1.5442696,9.645046,-1.6651626,-0.047036625,0.006414085,0.021380283,124.58941,-103.2709,-9.214328
-1.5468225,9.638888,-1.6589295,-0.036957346,0.0067195175,0.020158553,124.58065,-103.26369,-9.195983
-1.5565852,9.629126,-1.6442854,-0.032375857,0.0033597588,0.022907447,124.57252,-103.25284,-9.177794
-1.558427,9.629876,-1.6359056,-0.03848451,0.0106901415,0.019547688,124.55917,-103.243324,-9.167633
-1.5537074,9.639316,-1.6327591,-0.0421497,0.004276057,0.020463986,124.55133,-103.23418,-9.156702
-1.5490037,9.648723,-1.6296234,-0.032375857,0.007941248,0.021380283,124.53926,-103.22716,-9.147444
-1.5442868,9.658156,-1.6264788,-0.03145956,0.01863139,0.02687807,124.52753,-103.21682,-9.136904
-1.5395606,9.667609,-1.623328,-0.036957346,0.012217305,0.01863139,124.51927,-103.21004,-9.130965
-1.5348333,9.677063,-1.6201766,-0.043676864,-0.0012217305,0.023518313,124.51115,-103.199814,-9.119984
-1.525701,9.682152,-1.6162843,-0.03359759,0.0036651916,0.022296581,124.50225,-103.19732,-9.117797
-1.5113639,9.682152,-1.6115053,-0.035430185,0.005497787,0.020158553,124.49838,-103.19042,-9.115364
-1.4969548,9.682152,-1.6067022,-0.031154128,0.00580322,0.018325957,124.49703,-103.183105,-9.107264
-1.482609,9.682152,-1.6019204,-0.03970624,0.013439035,0.020158553,124.49324,-103.17271,-9.098542
-1.4726732,9.675687,-1.6036369,-0.042455133,-0.0012217305,0.027183503,124.48641,-103.15899,-9.090539
-1.4679226,9.661434,-1.613138,-0.04062254,0.010995574,0.023518313,124.46963,-103.14671,-9.083665
-1.4595342,9.647704,-1.6280091,-0.034208454,0.003970624,0.027183503,124.46365,-103.12692,-9.073395
-1.4457632,9.633933,-1.6509606,-0.04550946,0.013744468,0.028405234,124.44945,-103.105705,-9.063746
-1.4349946,9.621638,-1.6724701,-0.038179077,0.003970624,0.019547688,124.44176,-103.09282,-9.057453
-1.4300941,9.611837,-1.692072,-0.0421497,0.0015271631,0.014966198,124.4298,-103.0748,-9.049106
-1.4285448,9.605537,-1.706272,-0.037873644,0.007330383,0.018936822,124.41656,-103.06267,-9.040211
-1.4333816,9.605537,-1.7111088,-0.03176499,0.015882496,0.022602014,124.403275,-103.0515,-9.032873
-1.4381359,9.605537,-1.7158632,-0.038179077,0.019547688,0.026267206,124.39677,-103.044525,-9.020718
-1.4429833,9.605537,-1.7207105,-0.034208454,0.015577064,0.021685716,124.38994,-103.04207,-9.010239
-1.4476736,9.608688,-1.7254009,-0.03573562,0.013133603,0.018936822,124.383446,-103.03698,-8.9980955
-1.4525241,9.61839,-1.7302514,-0.029321533,0.014966198,0.016187929,124.37678,-103.03543,-8.987635
-1.4590697,9.627407,-1.7286488,-0.03268129,0.016493361,0.020463986,124.36707,-103.032234,-8.980891
-1.4707025,9.636713,-1.7123629,-0.040011674,0.006414085,0.017104227,124.359825,-103.0317,-8.977744
-1.4822687,9.645967,-1.6961703,-0.02321288,0.02107485,0.022907447,124.34536,-103.03373,-8.970311
-1.493713,9.655122,-1.6801482,-0.026267206,0.016187929,0.017104227,124.338806,-103.03319,-8.968642
-1.5029413,9.663615,-1.665747,-0.027183503,0.011301007,0.018325957,124.33202,-103.03679,-8.970902
-1.4981672,9.668389,-1.660973,-0.027488936,0.011301007,0.022602014,124.32519,-103.04036,-8.973809
-1.4979898,9.673147,-1.65507,-0.027183503,0.010079277,0.021991149,124.32852,-103.04515,-8.980035
-1.5316703,9.677959,-1.6406354,-0.032070424,0.004581489,0.018325957,124.333046,-103.04841,-8.985914
-1.5598985,9.682713,-1.6258152,-0.029626964,0.010995574,0.019242255,124.335526,-103.05095,-8.989083
-1.5502923,9.687516,-1.6066024,-0.020463986,0.018936822,0.021991149,124.33894,-103.054115,-8.992732
-1.5413251,9.692811,-1.5886682,-0.029321533,0.010079277,0.01740966,124.33977,-103.0551,-9.007207
-1.5366037,9.702253,-1.5792254,-0.031154128,0.017715093,0.022907447,124.33424,-103.05683,-9.016516
-1.5335238,9.710059,-1.5726544,-0.040927973,0.01863139,0.02107485,124.335304,-103.05358,-9.027553
-1.5478451,9.700512,-1.596523,-0.029932396,0.022602014,0.020158553,124.33365,-103.05306,-9.035937
-1.5592402,9.691927,-1.6178871,-0.036957346,0.02565634,0.018325957,124.33043,-103.04419,-9.0469055
-1.5392921,9.694143,-1.6112379,-0.04337143,0.029932396,0.014966198,124.32573,-103.03839,-9.057921
-1.517426,9.696572,-1.6039492,-0.044593163,0.023518313,0.015271631,124.31936,-103.037125,-9.071583
-1.4984492,9.698681,-1.5976236,-0.044593163,0.029626964,0.023518313,124.30858,-103.034035,-9.082689
-1.4781665,9.700934,-1.5908626,-0.035430185,0.020463986,0.013133603,124.303276,-103.03638,-9.099506
-1.462085,9.697058,-1.6152364,-0.035124753,0.02687807,0.022296581,124.29325,-103.03152,-9.107086
-1.4477302,9.692273,-1.6439462,-0.04184427,0.023518313,0.025961773,124.28799,-103.03034,-9.119568
-1.4525452,9.683132,-1.6579561,-0.050701816,-0.0018325958,0.02107485,124.30417,-103.028694,-9.129839
-1.4597017,9.673591,-1.6698837,-0.0290161,0.0143553335,0.020158553,124.309616,-103.03034,-9.135841
-1.4670405,9.663805,-1.6821153,-0.032070424,0.0070249503,0.0290161,124.33166,-103.02851,-9.138666
-1.4741088,9.65438,-1.6938958,-0.03390302,0.0036651916,0.028405234,124.34717,-103.03315,-9.14324
-1.4878619,9.640388,-1.6864057,-0.036957346,0.0070249503,0.025961773,124.36212,-103.03532,-9.148568
-1.501824,9.626426,-1.6770976,-0.035430185,0.015577064,0.017104227,124.37592,-103.03924,-9.155499
-1.4909801,9.616305,-1.6717484,-0.023823744,0.01985312,0.024129177,124.38911,-103.04952,-9.167581
-1.4771918,9.607113,-1.6671523,-0.035124753,0.007330383,0.017715093,124.40331,-103.059555,-9.185737
-1.4788661,9.609575,-1.6905918,-0.030848695,0.01282817,0.026572637,124.40674,-103.069084,-9.200676
-1.4834336,9.614142,-1.7179972,-0.027183503,0.014049901,0.025045475,124.41396,-103.07926,-9.220404
-1.49167,9.629644,-1.7020301,-0.0290161,0.0106901415,0.02321288,124.422264,-103.08529,-9.235253
-1.5007504,9.647804,-1.674789,-0.024740042,0.023823744,0.022907447,124.4253,-103.093025,-9.248727
-1.5001053,9.646515,-1.6801776,-0.03359759,0.018325957,0.021991149,124.43895,-103.10595,-9.264212
-1.4950929,9.63649,-1.7002273,-0.03848451,0.015271631,0.02107485,124.44784,-103.12008,-9.27854
-2.0787668,9.555519,-1.4534876,-0.029321533,0.01160644,0.024129177,122.371086,-104.50449,-13.615367
-2.0724509,9.556068,-1.4589797,-0.0290161,0.016187929,0.02321288,122.37161,-104.55063,-13.6515255
-2.0677855,9.556475,-1.4630365,-0.01985312,0.009773844,0.018020526,122.37675,-104.597694,-13.687577
-2.0622888,9.556952,-1.4678162,-0.023823744,0.012217305,0.02321288,122.378426,-104.63993,-13.719761
-2.0567956,9.55743,-1.4725931,-0.021685716,0.008246681,0.024129177,122.38382,-104.68515,-13.754116
-2.051289,9.557909,-1.4773813,-0.024740042,0.01038471,0.03176499,122.3872,-104.72525,-13.784051
-2.0458155,9.558385,-1.482141,-0.0290161,0.020158553,0.027183503,122.38938,-104.76748,-13.816325
-2.0403233,9.558863,-1.4869169,-0.032986723,0.016493361,0.029932396,122.39541,-104.804504,-13.843908
-2.034743,9.559347,-1.4917691,-0.029321533,0.008552114,0.026267206,122.39969,-104.8439,-13.873764
-2.029331,9.559818,-1.4964753,-0.030543262,0.010079277,0.028405234,122.402626,-104.87924,-13.90034
-2.0238574,9.560294,-1.5012349,-0.03023783,0.014966198,0.030543262,122.40691,-104.915184,-13.927359
-2.0183828,9.56077,-1.5059955,-0.039095376,0.016187929,0.029321533,122.41186,-104.94954,-13.954097
-2.0129004,9.561247,-1.5107628,-0.038179077,-0.0009162979,0.021991149,122.42073,-104.985146,-13.981681
-2.0073817,9.561727,-1.5155616,-0.029626964,0.0009162979,0.0143553335,122.4237,-105.02024,-14.008511
-2.0018852,9.562204,-1.5203413,-0.04184427,0.0067195175,0.022602014,122.43079,-105.05015,-14.032541
-1.9959832,9.562717,-1.5254734,-0.043676864,0.00580322,0.019242255,122.43877,-105.08623,-14.061446
-1.9908655,9.563163,-1.5299236,-0.056199603,0.0012217305,0.014660766,122.44633,-105.11727,-14.087624
-1.9854138,9.563637,-1.5346642,-0.047036625,-0.0018325958,0.0061086523,122.4535,-105.15151,-14.1152
-1.9799633,9.564111,-1.5394037,-0.051923547,-0.006414085,0.003970624,122.46248,-105.181725,-14.141714
-1.9744391,9.564591,-1.5442072,-0.049785517,-0.0027488936,0.0067195175,122.469795,-105.213715,-14.16837
-1.9689437,9.565069,-1.548986,-0.042760566,-0.002443461,0.019547688,122.4796,-105.24273,-14.19222
-1.9635009,9.565542,-1.5537189,-0.045814894,0.00580322,0.017104227,122.48556,-105.27345,-14.218592
-1.9579569,9.566025,-1.5585396,-0.03573562,0.014966198,0.016493361,122.49153,-105.30162,-14.240137
-1.9525317,9.566496,-1.5632572,-0.040927973,0.009773844,0.02321288,122.499374,-105.32587,-14.259861
-1.9469856,9.566978,-1.56808,-0.03268129,0.028099801,0.030848695,122.497604,-105.35177,-14.277999
-1.9461755,9.5669985,-1.5782362,-0.035430185,0.03359759,0.031154128,122.50108,-105.37551,-14.296297
-1.9504385,9.5665245,-1.5938675,-0.036957346,0.033292156,0.028710667,122.50102,-105.39838,-14.312426
-1.9547508,9.566046,-1.6096791,-0.029932396,0.03634648,0.025350908,122.48227,-105.42321,-14.332751
-1.9590975,9.565563,-1.6256174,-0.029321533,0.03023783,0.025045475,122.4665,-105.446655,-14.352837
-1.963478,9.565076,-1.6416789,-0.026572637,0.036957346,0.024740042,122.44611,-105.47153,-14.37306
-1.9676781,9.56461,-1.6570792,-0.038179077,0.03940081,0.019242255,122.428795,-105.496,-14.39479
-1.9720213,9.564127,-1.6730047,-0.042760566,0.029321533,0.01740966,122.41344,-105.52017,-14.415378
-1.9763458,9.563646,-1.6888607,-0.040011674,0.03176499,0.018936822,122.39377,-105.54404,-14.435758
-1.9806296,9.56317,-1.7045678,-0.03848451,0.03145956,0.02076942,122.37796,-105.567276,-14.456543
-1.9849728,9.562688,-1.7204934,-0.03573562,0.03726278,0.015577064,122.3596,-105.591965,-14.478257
-1.9893049,9.562206,-1.7363778,-0.034208454,0.03848451,0.006414085,122.34273,-105.61685,-14.500347
-1.9935809,9.561731,-1.7520565,-0.040927973,0.046731193,0.013744468,122.32255,-105.6377,-14.518447
-1.997894,9.561253,-1.7678713,-0.03634648,0.050701816,0.013133603,122.30287,-105.66399,-14.541061
-2.0022297,9.56077,-1.7837684,-0.018020526,0.05681047,0.017104227,122.280624,-105.687416,-14.559592
-2.00656,9.560289,-1.7996465,-0.025961773,0.06078109,0.01160644,122.257675,-105.71083,-14.580559
-2.0108404,9.5598135,-1.815341,-0.042455133,0.050701816,0.008857546,122.23743,-105.73306,-14.599508
-2.0151708,9.559333,-1.8312191,-0.04520403,0.058643065,0.007330383,122.21071,-105.75662,-14.618657
-2.0194812,9.558854,-1.8470243,-0.03390302,0.065973446,0.0033597588,122.1871,-105.7809,-14.639207
-2.0237737,9.558376,-1.8627632,-0.03145956,0.06719518,0.0009162979,122.163086,-105.80355,-14.659317
-2.0280988,9.557897,-1.8786223,-0.032070424,0.070554934,0.0061086523,122.13654,-105.82566,-14.677705
-2.0324717,9.55741,-1.8946555,-0.033292156,0.06383542,0.00061086525,122.11235,-105.85102,-14.699691
-2.0367382,9.556936,-1.9102993,-0.03176499,0.06536258,0.0027488936,122.08527,-105.872795,-14.717314
-2.041052,9.556457,-1.9261173,-0.032375857,0.056199603,0.002443461,122.0632,-105.89589,-14.737322
-2.045399,9.555974,-1.9420555,-0.032986723,0.05222898,0.008246681,122.03955,-105.91654,-14.754403
-2.0497215,9.555493,-1.957905,-0.029932396,0.04184427,0.007330383,122.02038,-105.938965,-14.773566
-2.053995,9.555019,-1.9735743,-0.030543262,0.043676864,0.018020526,121.99943,-105.95593,-14.787173
-2.0583289,9.554538,-1.989465,-0.035430185,0.047036625,0.009468411,121.98053,-105.97772,-14.806422
-2.063248,9.553991,-2.0075016,-0.030848695,0.040927973,0.0125227375,121.96468,-105.99421,-14.819276
-2.0669498,9.553579,-2.0210757,-0.04734206,0.038179077,0.013439035,121.946594,-106.01042,-14.834634
-2.0712543,9.553102,-2.0368588,-0.05009095,0.030543262,0.011911872,121.93186,-106.02808,-14.849847
-2.0756798,9.552609,-2.053085,-0.055588737,0.03145956,0.009773844,121.915474,-106.043304,-14.864486
-2.0799713,9.552133,-2.0688207,-0.053145275,0.029626964,0.009468411,121.90223,-106.0587,-14.879039
-2.0842118,9.5516615,-2.0843697,-0.064446285,0.023518313,0.0009162979,121.88969,-106.07451,-14.8963175
-2.0885413,9.551181,-2.1002445,-0.06963864,0.010995574,0.0061086523,121.88004,-106.08736,-14.90969
-2.0928795,9.550698,-2.116151,-0.064751714,0.015882496,0.005192355,121.86664,-106.103645,-14.926503
-2.097152,9.550224,-2.131817,-0.06414085,0.01863139,0.0018325958,121.85764,-106.117905,-14.942618
-2.1014636,9.549745,-2.1476257,-0.06688975,0.016798794,0.0033597588,121.8487,-106.13098,-14.95724
-2.1058207,9.549261,-2.1636019,-0.06047566,0.026572637,0.004276057,121.83542,-106.14584,-14.972186
-2.1101036,9.548785,-2.1793058,-0.06536258,0.019242255,0.009468411,121.82793,-106.15737,-14.985698
-2.1144123,9.548306,-2.1951048,-0.048258353,0.019242255,0.009162978,121.81527,-106.172844,-14.999663
-2.0985477,9.532711,-2.2205923,-0.04337143,0.019242255,0.016493361,121.805214,-106.18285,-15.009911
-2.060231,9.499868,-2.2589087,-0.047647487,0.0030543262,0.019242255,121.799805,-106.19472,-15.021753
-2.032871,9.469317,-2.2555041,-0.034208454,0.0012217305,0.02565634,121.74421,-106.25399,-15.061824
-1.9997663,9.426754,-2.2271287,-0.035430185,0.00061086525,0.015882496,121.69285,-106.31387,-15.105468
-1.9846786,9.381629,-2.180328,-0.03023783,-0.02107485,0.01863139,121.64252,-106.37424,-15.1491
-1.9894618,9.3337965,-2.113364,-0.031154128,-0.025350908,0.016493361,121.58701,-106.43677,-15.195683
-1.9942368,9.310917,-2.012597,-0.050396383,-0.03359759,0.023518313,121.53787,-106.49296,-15.243756
-1.998945,9.315625,-1.8760616,-0.05497787,-0.058643065,0.023518313,121.494736,-106.55218,-15.2944145
-1.9974109,9.341013,-1.7548807,-0.045814894,-0.07086037,0.030848695,121.454414,-106.61351,-15.3578005
-1.9877311,9.394252,-1.648403,-0.062002823,-0.071776666,0.030848695,121.41776,-106.67278,-15.422921
-1.986316,9.466664,-1.5701652,-0.06291912,-0.089186326,0.023518313,121.40226,-106.734764,-15.505895
-1.9955574,9.568321,-1.5239577,-0.09040806,-0.10140363,0.02321288,121.38535,-106.78993,-15.585815
-1.9958773,9.673479,-1.4883065,-0.099265605,-0.092240654,0.025961773,121.376335,-106.854706,-15.691192
-1.977822,9.798225,-1.4702511,-0.13225232,-0.07819075,0.028099801,121.36882,-106.91463,-15.795774
-1.9610915,9.913817,-1.4535208,-0.14660765,-0.056505036,0.028405234,121.35702,-107.003784,-15.947671
-1.9435334,10.035128,-1.4359627,-0.18020524,-0.03756821,0.029932396,121.34105,-107.08816,-16.09626
-1.9260415,10.155981,-1.4184707,-0.21471913,-0.008552114,0.039095376,121.30032,-107.236565,-16.334105
-1.9083722,10.27806,-1.4008014,-0.23945917,0.016798794,0.040011674,121.25378,-107.38773,-16.569923
-1.8779943,10.363406,-1.3710741,-0.24831672,0.04734206,0.05222898,121.17425,-107.65046,-16.95028
-1.8127482,10.368067,-1.3081582,-0.25350907,0.0711658,0.059864793,121.088066,-107.91922,-17.324759
-1.7414914,10.373157,-1.2394463,-0.25167647,0.093767814,0.06780604,120.95788,-108.42083,-17.984732
-1.682801,10.377349,-1.182852,-0.24098633,0.1020145,0.07269296,120.82721,-108.93582,-18.626001
-1.6168113,10.38407,-1.1131943,-0.23548855,0.11362094,0.07819075,120.643364,-109.66718,-19.48279
-1.5392852,10.403452,-0.99690527,-0.23243423,0.11056661,0.0870483,120.46833,-110.408936,-20.311895
-1.4571146,10.418203,-0.87160546,-0.23426682,0.09682214,0.10415252,120.29431,-111.185356,-21.148945
-1.3371164,10.408973,-0.6777621,-0.22540927,0.09040806,0.118202426,120.12799,-111.965454,-21.959223
-1.2261864,10.3975725,-0.49586365,-0.20769419,0.076052725,0.12186762,119.95988,-67.10261,-22.895323
-1.2309456,10.359499,-0.46730834,-0.21380283,0.06047566,0.13836098,119.80909,-66.18137,-23.792435
-1.2361747,10.319965,-0.4393832,-0.21746802,0.028710667,0.15302174,119.70124,-65.23557,-24.685675
-1.2459627,10.271024,-0.42470106,-0.22388211,0.005192355,0.16829337,119.61051,-64.30259,-25.543629
-1.2575843,10.224628,-0.41973722,-0.23762658,-0.017104227,0.16798794,119.54417,-63.35232,-26.397429
-1.2927567,10.18506,-0.5120646,-0.25442538,-0.025961773,0.17745635,119.4931,-62.421593,-27.21557
-1.3319752,10.139441,-0.6183089,-0.29229903,-0.042760566,0.18051068,119.46836,-61.498634,-28.011248
-1.3494599,10.0869875,-0.73633045,-0.33628133,-0.04520403,0.17989981,119.4513,-60.590824,-28.780142
-1.3680086,10.031341,-0.86153454,-0.38362336,-0.046731193,0.17684549,119.433334,-59.719044,-29.50933
-1.4312496,10.000445,-0.98178625,-0.41783184,-0.043676864,0.17501289,119.420296,-58.86061,-30.21708
-1.4982133,9.971746,-1.1013645,-0.44104472,-0.026572637,0.17623462,119.4076,-58.01508,-30.905085
-1.5610566,9.981777,-1.1725147,-0.4896085,-0.005497787,0.18081611,119.36823,-57.27056,-31.502207
-1.6220281,9.994842,-1.2378412,-0.50946164,0.03023783,0.17501289,119.319275,-56.535965,-32.089336
-1.6553782,10.023028,-1.272306,-0.5338962,0.062308256,0.172264,119.24956,-55.806595,-32.675247
-1.6786847,10.055657,-1.2956125,-0.56016344,0.09773844,0.17195857,119.16534,-55.087475,-33.251263
-1.6911167,10.079221,-1.2912484,-0.5849035,0.124005646,0.17562376,119.05945,-54.373543,-33.826836
-1.6990889,10.099152,-1.2753038,-0.605062,0.14202617,0.17531833,118.94123,-53.67019,-34.393078
-1.6880206,10.118658,-1.2460998,-0.6249151,0.16707164,0.16249016,118.80501,-52.96017,-34.96717
-1.6331277,10.136956,-1.1866326,-0.65668017,0.1853976,0.15027285,118.66028,-52.261692,-35.53012
-1.5704805,10.154168,-1.1368872,-0.66614854,0.19700404,0.15302174,118.50775,-51.563286,-36.093964
-1.4758055,10.167692,-1.1233623,-0.70554936,0.19120082,0.15241088,118.350716,-50.869873,-36.65056
-1.3794312,10.18125,-1.1105413,-0.732122,0.1863139,0.15515977,118.18358,-50.24339,-37.145557
-1.2587767,10.195728,-1.1057152,-0.752586,0.16371189,0.16829337,118.017365,-49.62862,-37.62732
-1.1402601,10.210369,-1.0990937,-0.77091193,0.1423316,0.16646078,117.8381,-49.088356,-38.040024
-1.0253272,10.229525,-1.0703604,-0.77854776,0.11759156,0.19425514,117.65661,-48.567974,-38.433105
-0.9154813,10.24966,-1.0403337,-0.8029824,0.081855945,0.22204952,117.47571,-48.10445,-38.770023
-0.8578947,10.286306,-0.9879822,-0.8136725,0.032070424,0.25686884,117.297516,-47.658222,-39.090206
-0.81981504,10.320933,-0.93236464,-0.8173377,-0.028099801,0.2770274,117.12776,-47.27539,-39.3475
-0.9071795,10.4222765,-0.6947334,-0.8081747,-0.0729984,0.3115413,116.957306,-46.911194,-39.586403
-1.0019945,10.532262,-0.43683657,-0.81061816,-0.106901415,0.33933565,116.7975,-46.581882,-39.78559
-1.1057193,10.657287,-0.16620469,-0.8350528,-0.12034045,0.37904188,116.63355,-46.26762,-39.96918
-1.2207557,10.801082,0.1213866,-0.8491027,-0.13775012,0.40775254,116.47364,-45.962574,-40.14408
-1.3211064,10.917067,0.44900438,-0.86742866,-0.13927728,0.43157628,116.36778,-45.47044,-40.456585
-1.4006655,10.996626,0.80936,-0.8927795,-0.14569137,0.4596761,116.25721,-44.995106,-40.75247
-1.4518218,11.061138,1.1448846,-0.9224065,-0.14172074,0.49602258,116.18393,-44.359406,-41.165203
-1.4646331,11.103843,1.4352759,-0.98440933,-0.15882497,0.516792,116.10964,-43.738514,-41.560375
-1.4738307,11.161766,1.7272108,-1.0106765,-0.172264,0.5516113,116.08982,-42.953968,-42.071533
-1.4687867,11.282822,2.0348933,-1.0772609,-0.20066923,0.5864306,116.06886,-42.19067,-42.55499
-1.452132,11.410964,2.2557974,-1.1533136,-0.24007004,0.623388,116.08972,-41.451782,-42.989933
-1.4031612,11.572568,2.2753856,-1.2263119,-0.28038713,0.6753115,116.1018,-40.74312,-43.39272
-1.2618548,11.809961,2.1957166,-1.3075571,-0.30573806,0.7431176,116.13004,-40.063797,-43.732964
-1.0647702,12.041157,2.0251627,-1.3955216,-0.2947425,0.7678576,116.1447,-39.398655,-44.058865
-0.82208484,12.308386,1.8562807,-1.4056009,-0.21044308,0.86651236,116.09254,-38.812706,-44.3226
-0.54349655,12.5367365,1.8471466,-1.4040737,-0.07880162,0.97005403,115.99703,-38.2446,-44.579967
-0.26133853,12.771497,1.8703052,-1.3790283,0.04153884,1.094976,115.78067,-37.81684,-44.746468
0.048261527,13.066808,2.2465885,-1.3588698,0.13805555,1.2095132,115.4892,-37.42743,-44.90417
0.35590878,13.377412,2.6427836,-1.3649784,0.18570304,1.3432927,115.07179,-37.306644,-44.82813
0.6127507,13.835058,3.2311852,-1.4068227,0.17989981,1.4844025,114.599205,-37.217926,-44.73583
0.86736864,14.306819,3.8258948,-1.4953982,0.14172074,1.6511687,114.11054,-37.259388,-44.486427
0.96497726,14.804158,4.253514,-1.6313156,0.06780604,1.8020525,113.59704,-37.317627,-44.21167
1.0594263,15.315921,4.6899805,-1.8112154,0.03848451,1.9269744,113.10734,-37.408646,-43.839096
1.0011338,15.513218,4.802081,-2.012801,0.005192355,2.0317378,112.60194,-37.50322,-43.439114
0.93085665,15.7156,4.930149,-2.2342396,-0.038179077,2.0851886,112.11543,-37.58613,-42.991333
0.72263396,15.45725,5.1383715,-2.4645357,-0.14110987,2.076331,111.63237,-37.639977,-42.538048
0.4946746,15.17441,5.366331,-2.656042,-0.4428773,1.9932534,111.21369,-37.61087,-42.105427
0.274653,14.870573,5.249745,-2.8142562,-0.68966687,1.9281962,110.78423,-37.5488,-41.681057
0.052348237,14.548014,4.962056,-2.885422,-1.1884383,1.853976,110.52334,-37.441875,-41.20534
-0.18366092,14.156753,4.4576874,-2.9791899,-1.4706581,1.8212948,110.29682,-37.086964,-40.93906
-0.42885494,13.698346,3.722105,-3.0839531,-1.6563611,1.8063285,110.17339,-36.709988,-40.62955
-0.48202258,13.426635,3.051639,-3.1370986,-1.7632625,1.7690657,110.05305,-36.287437,-40.36011
-0.4446045,13.244221,2.4155312,-3.137404,-1.675298,1.7223345,109.9036,-35.85746,-40.110516
-0.26333565,13.279456,1.8782029,-3.114802,-1.3255776,1.6765196,109.61805,-35.404087,-39.985092
0.0036472294,13.441553,1.3919127,-3.1251867,-0.8029824,1.68385,109.2302,-34.957096,-39.9209
0.24858895,13.465678,0.833375,-3.1688635,-0.24495697,1.7308867,108.64667,-34.63055,-39.859993
0.71509564,13.343162,-0.38236967,-3.1419854,0.4642576,1.8127426,107.03022,-34.254635,-39.752213
0.946097,13.282495,-0.9843732,-3.0228667,0.8762862,1.8414533,105.943855,-34.216293,-39.732975
0.96843123,13.012532,-1.5059072,-2.9232957,1.4309518,1.8374827,104.72129,-34.350533,-39.614395
0.816565,12.580663,-1.9377768,-2.9361238,1.8692477,1.7993035,103.4102,-34.489178,-39.559677
0.63450676,12.262293,-2.2588248,-2.9568932,2.1768184,1.8093829,101.898575,-34.774536,-39.50194
0.4320191,12.0453415,-2.480597,-2.9190195,2.44285,1.8173242,100.27715,-35.068504,-39.52326
0.23361056,11.724124,-2.671049,-2.8417451,2.665205,1.8417587,98.539925,-35.384243,-39.60208
0.037462525,11.322259,-2.8384924,-2.77455,2.8194485,1.847562,96.73457,-35.71479,-39.708157
-0.07439572,10.861076,-2.6038136,-2.723848,2.8933632,1.8286251,94.85399,-36.060036,-39.85413
-0.12201125,10.346829,-2.0514736,-2.6853635,2.910162,1.8106046,92.9261,-36.43014,-39.998253
-0.05962288,9.896669,-1.1689473,-2.6795604,2.809064,1.7568485,91.00896,-36.77721,-40.15929
0.098536745,9.489288,0.019646196,-2.7162123,2.624888,1.6887369,89.10182,-37.13008,-40.296055
0.32569858,9.173871,1.3130809,-2.7959301,2.3719897,1.604743,87.32773,-37.362206,-40.451225
0.60851187,8.942907,2.6752982,-2.9110782,2.1248949,1.5283848,85.604546,-37.581757,-40.57539
0.7712053,8.71843,3.548128,-3.0353894,1.9694295,1.4480561,84.026,-37.56151,-40.81072
0.81859195,8.500451,3.9509144,-3.121216,2.0222695,1.352761,82.4601,-37.523758,-41.052147
0.7274261,8.243352,3.9374368,-3.1038063,2.2284365,1.2458596,80.885574,-37.155178,-41.60363
0.49913082,7.9544883,3.5041418,-3.0036244,2.4877486,1.1462886,79.275116,-36.80231,-42.17129
0.30421823,7.3630633,3.0998456,-2.8814514,2.685058,1.0763446,77.607124,-36.355072,-42.85417
0.14689991,6.3810153,2.723235,-2.7366762,2.7510316,1.0216721,75.89564,-35.954575,-43.541645
0.07978711,5.5957146,2.5779626,-2.620001,2.673757,0.9483683,74.10444,-35.56045,-44.29609
0.13448432,5.0396266,2.7466125,-2.5170703,2.5100453,0.8744536,72.307625,-35.219025,-45.01585
0.18460111,4.5267115,2.9449224,-2.4443772,2.3417518,0.7987063,70.5263,-34.794823,-45.836678
0.22688913,4.0850368,3.2268426,-2.3839016,2.1587977,0.7101309,68.8049,-34.406044,-46.60298
0.2533473,3.7279758,3.4757042,-2.3188446,1.9660698,0.63621616,67.23072,-33.988926,-47.33849
0.22942656,3.6083722,3.6479335,-2.2482896,1.7953329,0.56291234,65.71992,-33.597195,-48.029816
0.18801491,3.535391,3.8262167,-2.2000313,1.6511687,0.5137377,64.3637,-33.16867,-48.686493
0.07115761,3.642087,4.04977,-2.104736,1.559539,0.4709771,63.05869,-32.77234,-49.307552
-0.022988152,3.7815166,4.231041,-2.033876,1.5216653,0.4361578,61.822094,-32.368164,-49.90781
-0.06890634,4.006516,4.3228774,-1.9559906,1.4850134,0.4098906,60.62161,-31.99861,-50.472492
-0.11166378,4.202216,4.4074893,-1.9254472,1.4544702,0.40866885,59.456833,-31.65567,-50.99476
-0.14483637,4.292256,4.4690957,-1.8438967,1.4337007,0.40378192,58.304382,-31.348547,-51.492
-0.19597155,4.3678665,4.5312047,-1.7574593,1.3875804,0.3857614,57.131413,-31.070572,-51.96024
-0.3284918,4.372599,4.592732,-1.6404786,1.3261884,0.3820962,55.96392,-30.83433,-52.393
-0.46357352,4.3663607,4.651151,-1.5344934,1.2406673,0.3820962,54.810345,-30.623573,-52.7932
-0.6259244,4.2942047,4.696249,-1.4083499,1.1520919,0.37415496,53.680264,-30.448383,-53.160275
-0.7887485,4.220549,4.7380104,-1.2840388,1.0528263,0.35246924,52.576973,-30.280287,-53.519005
-0.8342272,4.183339,4.7049346,-1.1636983,0.95325524,0.3408628,51.506165,-30.146383,-53.839283
-0.8824738,4.143864,4.669846,-1.063211,0.86254174,0.32406402,50.49423,-30.010221,-54.154152
-0.87529975,4.098822,4.6293826,-0.9627236,0.7852673,0.3145956,49.517635,-29.902334,-54.43591
-0.8565416,4.0519266,4.5871763,-0.86529064,0.6985244,0.30176744,48.58745,-29.814482,-54.6879
-0.7642562,3.9991343,4.6023755,-0.77763146,0.6160576,0.2761111,47.69875,-29.737553,-54.923153
-0.6443154,3.9415627,4.635959,-0.6740898,0.5558874,0.26267207,46.83778,-29.683998,-55.132378
-0.525603,3.892325,4.682713,-0.5830709,0.4822781,0.2669481,45.962116,-29.624565,-55.35846
-0.41205704,3.847894,4.7320814,-0.4801401,0.4175264,0.26358834,45.11658,-29.582075,-55.564907
-0.3382678,3.7664964,4.7910166,-0.38240165,0.34330627,0.26511553,44.293972,-29.552633,-55.753998
-0.2735582,3.6786761,4.851104,-0.28802297,0.2443461,0.25228736,43.519398,-29.537027,-55.91965
-0.19812666,3.60856,4.875685,-0.19120082,0.16249016,0.23701571,42.764416,-29.529827,-56.07352
-0.11841391,3.5429144,4.889752,-0.11026118,0.121256754,0.22479841,42.0426,-29.534578,-56.208706
-0.04208467,3.484897,4.9474316,-0.024740042,0.046731193,0.22785273,41.3882,-29.537762,-56.330265
0.030913534,3.431365,5.0204296,0.0061086523,-0.021991149,0.22388211,40.75988,-29.54427,-56.440914
0.06999061,3.4152355,5.1331954,0.07971791,-0.09010262,0.22174409,40.168,-29.561134,-56.539112
0.099162236,3.4103737,5.259606,0.14385876,-0.14752395,0.22235495,39.60857,-29.584421,-56.620914
0.08021458,3.4129333,5.3653784,0.20555615,-0.2125811,0.22296582,39.089443,-29.60326,-56.697533
0.04630119,3.417778,5.471963,0.26633725,-0.2602286,0.2144137,38.596344,-29.62884,-56.763557
0.009697558,3.4507084,5.579737,0.32620203,-0.2996294,0.21227567,38.15928,-29.66249,-56.807476
-0.0314592,3.4964383,5.6986346,0.37690386,-0.3268129,0.20830505,37.746002,-29.700327,-56.84377
-0.045683946,3.644493,5.8912897,0.4297437,-0.36132678,0.19822577,37.362324,-29.731066,-56.882496
-0.041998524,3.861933,6.1345277,0.48930305,-0.3885103,0.18784106,36.99374,-29.767393,-56.914818
-0.030258581,4.0891094,6.3911843,0.5164866,-0.41599923,0.18081611,36.65114,-29.798765,-56.94338
0.055349737,4.188986,6.5297885,0.5555819,-0.42760566,0.16920967,36.321735,-29.833284,-56.97009
0.14833128,4.2974644,6.68033,0.57604593,-0.44409904,0.1591304,36.018265,-29.899023,-56.948116
0.24256985,4.407409,6.8329067,0.5849035,-0.4718934,0.14569137,35.731968,-29.964294,-56.924065
0.33560768,4.5159535,6.983539,0.59620446,-0.5027421,0.13683382,35.454407,-30.029287,-56.89902
0.46453622,4.597557,7.109176,0.6072,-0.52198434,0.13194689,35.189125,-30.093775,-56.871655
0.60720164,4.6664305,7.222325,0.59803706,-0.56046885,0.11942416,34.95352,-30.154476,-56.840225
0.75759894,4.733788,7.3293605,0.5888741,-0.57818395,0.109650314,34.729767,-30.259426,-56.748837
0.9095645,4.800273,7.4338365,0.5739079,-0.59864795,0.108123146,34.52622,-30.363108,-56.652683
1.0190947,4.888125,7.4524446,0.56138515,-0.6224717,0.09621128,34.41835,-30.507227,-56.486286
1.0955156,4.9645457,7.4439535,0.548557,-0.6310238,0.09773844,34.306053,-30.653076,-56.31739
1.1405759,5.041175,7.380911,0.5366451,-0.6429357,0.0870483,34.28835,-30.837265,-56.078625
1.1693285,5.1151104,7.294653,0.5103779,-0.61941737,0.07727446,34.25008,-31.018566,-55.844933
1.216196,5.2096853,7.243889,0.47952923,-0.5852089,0.07696902,34.21863,-31.228382,-55.574306
1.2930653,5.337801,7.254138,0.4474588,-0.5467244,0.074830994,34.16898,-31.4311,-55.312855
1.4098709,5.489272,7.3726325,0.4184427,-0.51251596,0.07513642,34.074585,-31.654371,-55.038353
1.5647697,5.6623945,7.595869,0.38453966,-0.4792238,0.069027774,33.958088,-31.870817,-54.77311
1.7724011,5.954605,7.913863,0.33933565,-0.441961,0.0720821,33.82588,-32.121128,-54.469112
2.0547473,6.4170685,8.3665905,0.26267207,-0.3979787,0.07971791,33.669792,-32.363937,-54.172997
2.371547,6.870448,8.776306,0.13683382,-0.33841935,0.09437868,33.52849,-32.65066,-53.80788
2.730499,7.3107624,9.130473,-0.019547688,-0.3213151,0.116980694,33.376266,-32.93007,-53.44256
3.01739,7.682482,9.3850765,-0.18112154,-0.25900686,0.16554448,33.20309,-33.30032,-52.950916
3.2257867,7.9856043,9.5224285,-0.36682457,-0.17287487,0.22143865,32.99823,-33.65783,-52.46239
3.3268142,8.0378895,9.566971,-0.5149594,-0.03481932,0.25809056,32.75632,-34.10713,-51.851955
3.2700503,7.7409716,9.479642,-0.61850107,0.10354166,0.27488935,32.464283,-34.54439,-51.251537
3.1633997,7.2739286,9.337944,-0.64660084,0.20586158,0.26511553,32.117516,-35.032696,-50.590748
2.9029546,6.2812886,9.028358,-0.5497787,0.2321288,0.23090707,31.742702,-35.510853,-49.949383
2.6397772,5.399589,8.746371,-0.3539964,0.18906279,0.17195857,31.389643,-35.931705,-49.376305
2.340309,4.712285,8.505815,-0.12767084,0.13775012,0.0870483,31.036266,-36.34303,-48.827396
2.035385,4.175697,8.289098,0.058643065,0.10842858,-0.0290161,30.790846,-36.597935,-48.45599
1.7141097,3.9615135,8.121476,0.12522738,0.07513642,-0.08124508,30.565248,-36.856728,-48.08494
1.4105564,3.8357623,8.020599,0.22510384,0.059253927,-0.18784106,30.405157,-36.975018,-47.895527
1.1417247,3.9770126,8.120841,0.30879238,0.007941248,-0.28588495,30.274822,-37.08812,-47.708378
0.91613364,4.1685796,8.221405,0.37415496,-0.074830994,-0.344528,30.092236,-37.119232,-47.660744
0.95771426,4.6259665,8.3138075,0.42363504,-0.27550024,-0.27672195,29.966372,-37.16784,-47.582104
0.98890775,5.0929027,8.413594,0.46273044,-0.34574974,-0.2938262,29.69037,-37.144306,-47.657177
0.90552825,5.6337423,8.587113,0.5119051,-0.3118467,-0.26450464,29.430246,-37.16096,-47.68612
0.82176566,6.1770673,8.76143,0.59528816,-0.30909783,-0.24129178,29.155764,-37.24662,-47.645485
0.73823625,6.7188797,8.935261,0.7067711,-0.28802297,-0.24007004,28.86078,-37.343975,-47.606575
0.65560645,7.2548566,9.107221,0.7883216,-0.24098633,-0.2312125,28.550377,-37.456047,-47.560616
0.7264419,7.991475,9.160501,0.8857546,-0.23976462,-0.2180789,28.250425,-37.583126,-47.507725
0.8226101,8.724184,9.187977,0.9837985,-0.31642818,-0.16737708,27.95641,-37.730827,-47.436718
0.8959331,9.3828535,8.468287,1.0818423,-0.38545597,-0.122783914,27.464678,-37.991005,-47.30508
0.9610183,10.0011635,7.5803394,1.187522,-0.3323107,-0.11484267,26.961264,-38.26167,-47.1729
0.70420825,10.29333,7.5027447,1.3170254,-0.18020524,-0.10751228,26.362597,-38.687626,-46.918343
0.35678968,10.474178,7.678834,1.4349225,-0.1432479,-0.10293079,25.798935,-39.113388,-46.657574
0.0063960794,10.624742,7.5919933,1.5409076,-0.21502456,-0.095294975,25.18134,-39.69092,-46.26325
-0.24051659,10.724303,7.476502,1.6374242,-0.40622538,-0.09590584,24.612562,-40.26239,-45.867325
-0.5130325,10.722518,7.1259823,1.7171422,-0.6612616,-0.109650314,23.987328,-40.772476,-45.565666
-0.77162814,10.6802025,6.7122293,1.8075503,-0.75502944,-0.13255776,23.394732,-41.272,-45.268295
-1.013459,10.565432,6.232126,1.8597792,-0.96486163,-0.1591304,22.9278,-41.738354,-44.979763
-1.2313842,10.433769,5.764495,1.9263636,-1.1575897,-0.19975294,22.513287,-42.185635,-44.701057
-1.3687027,10.245702,5.425858,1.9611828,-1.3234396,-0.226631,22.155075,-42.596092,-44.45741
-1.4669557,10.03048,5.1498137,1.9825631,-1.4547756,-0.2648101,21.879139,-42.978672,-44.22176
-1.517371,9.784553,4.942003,2.0115793,-1.5396858,-0.2929099,21.633858,-43.318306,-44.03719
-1.540096,9.511853,4.769293,2.019826,-1.613906,-0.32895094,21.453093,-43.627697,-43.863255
-1.4597017,9.25847,4.5530925,2.0372355,-1.6875153,-0.3707952,21.306911,-43.893597,-43.739502
-1.2761093,9.023879,4.293003,2.085494,-1.7907515,-0.41722095,21.216171,-44.13467,-43.626564
-1.2037182,8.816779,3.9637976,2.1374176,-1.9398025,-0.44837508,21.190754,-44.325214,-43.554382
-1.1989976,8.627957,3.5955935,2.201253,-2.121535,-0.5021312,21.23349,-44.486538,-43.498478
-1.1555349,8.521859,3.156688,2.2632558,-2.2944098,-0.59223384,21.32451,-44.62727,-43.464493
-1.114435,8.491968,2.8689892,2.3099868,-2.4077253,-0.6908886,21.475744,-44.738888,-43.447926
-1.0321045,8.4962225,2.590933,2.339003,-2.5137105,-0.7703011,21.674223,-44.810802,-43.475086
-0.92555195,8.533284,2.3778281,2.3988678,-2.5995371,-0.8323039,21.923403,-44.849903,-43.52759
-0.80274445,8.663503,2.2175517,2.441323,-2.636189,-0.9077458,22.251007,-44.897953,-43.560375
-0.6624509,8.890875,2.1111221,2.452013,-2.6734517,-0.9859365,22.62117,-44.91504,-43.61588
-0.4970501,9.127924,1.9888973,2.4416285,-2.69697,-1.035722,23.070162,-44.975513,-43.613556
-0.30564743,9.376748,1.8501304,2.4162774,-2.7204883,-1.0699304,23.539736,-45.00553,-43.636513
-0.13982248,9.630497,1.6532677,2.3722951,-2.7293458,-1.0800097,24.05846,-45.10357,-43.579124
0.0032759856,9.893613,1.3947673,2.3530529,-2.7391198,-1.0870347,24.588242,-45.18171,-43.53892
0.16444568,10.1539345,1.1286608,2.3344216,-2.7278187,-1.0989466,25.13887,-45.33515,-43.41362
0.3419071,10.398543,0.86486673,2.298686,-2.6911669,-1.1145236,25.682795,-45.473446,-43.302032
0.526262,10.628581,0.63044065,2.2489004,-2.6187794,-1.1209377,26.202374,-45.68718,-43.119434
0.72028404,10.841532,0.43168634,2.182316,-2.503631,-1.1301007,26.692507,-45.882378,-42.95677
0.8733021,11.049172,0.34568846,2.096184,-2.3420575,-1.1349876,27.123365,-46.143143,-42.7338
0.9753651,11.262174,0.4211263,2.0124955,-2.1502457,-1.1218541,27.499516,-46.392246,-42.526524
1.1013578,11.475169,0.4777757,1.9367483,-1.9960022,-1.1322387,27.81865,-46.69172,-42.272495
1.3269835,11.710822,0.47276178,1.8646661,-1.858863,-1.1441506,28.07397,-46.979298,-42.03434
1.5184985,11.897059,0.5019933,1.7763962,-1.7290541,-1.1273518,28.265919,-47.292377,-41.77047
1.6417376,11.975933,0.6203028,1.7162259,-1.6242907,-1.1010846,28.420067,-47.59141,-41.522686
1.729762,11.982459,0.7540217,1.6698002,-1.5479325,-1.0913107,28.533855,-47.93618,-41.226994
1.7488041,11.834883,0.9301615,1.640784,-1.4966198,-1.0726794,28.621168,-48.27709,-40.935467
1.7745855,11.671813,1.0123535,1.5870279,-1.4676038,-1.0589349,28.70098,-48.625973,-40.629887
1.8212568,11.447791,0.8583384,1.5653422,-1.3747523,-1.0296134,28.741133,-48.973297,-40.329792
1.8320407,11.179955,0.7728517,1.5760323,-1.2953397,-0.99296147,28.7984,-49.291954,-40.052364
1.7063495,10.733054,0.94509506,1.564426,-1.2651019,-0.98532563,28.842777,-49.59903,-39.78511
1.5740937,10.279486,1.0871078,1.5570955,-1.2696834,-0.9935723,28.879082,-49.902206,-39.525112
1.4011756,9.778934,1.0552545,1.50731,-1.2892311,-1.0418307,28.91415,-50.18546,-39.281734
1.2325,9.26818,0.9985449,1.4434745,-1.2626585,-1.0858129,28.964878,-50.38023,-39.122356
1.1964706,8.885369,0.67428124,1.3768903,-1.221425,-1.1087204,29.018913,-50.559868,-38.97447
1.1623881,8.48043,0.30848616,1.3466524,-1.0635164,-1.153619,29.034708,-50.63043,-38.939312
1.2317623,8.391234,-0.20686418,1.2950343,-0.7987063,-1.1743884,28.995504,-50.69519,-38.909374
1.2812241,8.2952,-0.68538326,1.2247849,-0.50243664,-1.1658363,28.893787,-50.738132,-38.908802
1.2006134,8.174285,-0.85556155,1.185384,-0.25992316,-1.1887437,28.71607,-50.763798,-38.927567
1.1292751,8.0676155,-1.0348591,1.1349876,-0.010995574,-1.2522738,28.417141,-50.827682,-38.916515
1.2439444,8.24403,-1.1671699,1.0302242,0.23579398,-1.2944235,28.02994,-50.886612,-38.907696
1.3762598,8.451301,-1.308344,0.89919364,0.45173484,-1.318858,27.556215,-50.914875,-38.928616
1.5291061,8.770094,-1.2253702,0.8038987,0.6227771,-1.3106114,27.008293,-50.938206,-38.94922
1.6910533,9.107869,-1.137456,0.74036866,0.65301496,-1.3011429,26.41245,-51.000965,-38.923664
1.7427435,9.343554,-0.83817893,0.7110472,0.5830709,-1.276403,25.791548,-51.06893,-38.885124
1.7839805,9.568066,-0.5220289,0.70066243,0.5534439,-1.2464706,25.146341,-51.140255,-38.83589
1.8911166,9.757923,-0.2888068,0.743423,0.54428095,-1.2049317,24.51537,-51.280064,-38.71042
2.0098279,9.938364,-0.07512629,0.79229224,0.4804455,-1.1435398,23.919163,-51.432487,-38.565624
2.0428557,10.03651,-0.13050675,0.8604037,0.46975538,-1.1129965,23.330648,-128.40227,-38.40222
2.05705,10.112213,-0.23459816,0.88178396,0.691194,-1.0977248,22.685238,-128.2263,-38.22277
2.150837,10.285463,-0.19891134,0.84879726,0.84421575,-1.0497719,22.08926,-128.00584,-37.994648
2.2535026,10.467462,-0.14291194,0.8744536,0.7315111,-0.9147707,21.515532,-127.75958,-37.7362
2.3272877,10.553765,0.08090642,1.0115929,0.59742624,-0.73792523,20.892122,-127.474434,-37.431572
2.3943129,10.62079,0.3311335,1.1921035,0.52015173,-0.5888741,20.2973,-127.16498,-37.096703
2.3434618,10.456778,0.46213472,1.2754866,0.3549127,-0.535118,19.792114,-126.80386,-36.70795
2.243091,10.193902,0.5481667,1.4059063,0.1872302,-0.44012842,19.325827,-126.40134,-36.269756
1.9870036,9.796247,0.72349507,1.4575244,0.08093964,-0.34300083,18.92565,-125.984024,-35.81782
1.7467935,9.458324,0.8822779,1.427592,-0.04917465,-0.27855456,18.599459,-125.559586,-35.357643
1.482219,9.10741,1.0336552,1.3487904,-0.2706133,-0.27214047,18.35821,-125.18132,-34.946594
1.2281816,8.782807,1.1653783,1.2819008,-0.5018258,-0.22602014,18.170181,-124.780685,-34.514763
0.85077566,8.458366,1.30836,1.2373075,-0.698219,-0.18448131,18.041471,-124.50313,-34.213657
0.3963417,8.134461,1.4582264,1.1921035,-0.8738427,-0.17715092,17.983995,-124.22421,-33.917973
0.007839401,7.950666,1.3947333,1.1588113,-1.02717,-0.21074851,17.958996,-124.065445,-33.74945
-0.34601676,7.8468685,1.2060101,1.1117748,-1.2006557,-0.2666427,17.997486,-123.91057,-33.591797
-0.5842762,7.7610545,0.9253912,1.1438452,-1.382388,-0.28771752,17.993935,-123.970245,-33.652267
-0.7496185,7.6850863,0.57236314,1.2315043,-1.4425583,-0.26419923,18.007732,-124.02929,-33.71314
-0.88697016,7.678082,0.37139016,1.3084733,-1.3674219,-0.22174409,17.949781,-124.21941,-33.89957
-0.9884105,7.7602,0.36655968,1.3399329,-1.2382239,-0.2003638,17.898226,-124.40252,-34.077984
-1.0165743,7.946136,0.35709423,1.3072516,-1.1410962,-0.20830505,17.844372,-124.57612,-34.23711
-0.9574979,8.251364,0.34232515,1.2351695,-1.0228939,-0.22388211,17.743267,-124.74044,-34.384
-0.8577433,8.5939045,0.4002033,1.1636983,-0.9016371,-0.22907446,17.563768,-124.94562,-34.566406
-0.7673235,8.841577,0.48276055,1.1023064,-0.7855727,-0.23823744,17.350742,-125.14633,-34.744244
-0.6319396,9.115183,0.557619,1.0283916,-0.74189585,-0.25259277,17.136328,-125.2825,-34.85893
-0.4604323,9.36768,0.6052599,0.9783007,-0.63713247,-0.24709499,16.86508,-125.40819,-34.9599
-0.2682968,9.607515,0.7149415,0.95325524,-0.5366451,-0.2302962,16.592628,-125.4706,-35.000317
-0.04652427,9.834216,0.90714437,0.93492925,-0.45662177,-0.21563543,16.29382,-125.52554,-35.03271
0.15278417,9.984201,1.0294939,0.93828905,-0.44257188,-0.19303341,16.018715,-125.48355,-34.969902
0.33553946,10.056454,1.0804955,0.93828905,-0.4783075,-0.19394971,15.734117,-125.44145,-34.907093
0.5226761,10.078039,1.0656917,0.9251554,-0.49296826,-0.22266038,15.457064,-125.331825,-34.77973
0.7222788,9.918357,0.8161883,0.90316427,-0.52442783,-0.24709499,15.198322,-125.22137,-34.65369
0.88878924,9.77553,0.6034529,0.8906415,-0.51159966,-0.2828306,14.945856,-125.06441,-34.48081
0.9806436,9.669172,0.47292313,0.91446525,-0.47128254,-0.32284227,14.692908,-124.918434,-34.318256
1.0507376,9.586349,0.33913195,0.91813046,-0.4343252,-0.3717115,14.454525,-124.734116,-34.11072
1.0732853,9.554782,0.1948266,0.8891144,-0.39095375,-0.43401974,14.197788,-124.56751,-33.919697
1.0862911,9.537667,0.079893425,0.8362745,-0.33658674,-0.4792238,13.931108,-124.39158,-33.71352
1.0450133,9.606964,0.09906759,0.74281216,-0.34055737,-0.5717699,13.384034,-124.0783,-33.33914
1.0651524,9.632137,-0.011697567,0.6750061,-0.40744713,-0.6236934,13.112347,-123.93754,-33.17067
1.0779207,9.674713,-0.1301859,0.63041294,-0.45937067,-0.6774496,12.836828,-123.81603,-33.022675
1.0502577,9.813028,-0.2915532,0.59803706,-0.50762904,-0.7174612,12.581505,-123.70364,-32.88952
1.0166894,9.954421,-0.46509212,0.56138515,-0.54458636,-0.7473936,12.335096,-123.59175,-32.75688
0.9366247,10.091002,-0.7099959,0.52320606,-0.56169057,-0.7715228,12.0970125,-123.489105,-32.636715
0.8595066,10.226014,-0.9533066,0.5009095,-0.57451874,-0.7849618,11.856678,-123.38165,-32.507847
0.82673925,10.328998,-1.1545919,0.4908302,-0.55680364,-0.7984009,11.611322,-123.2816,-32.387424
0.78782094,10.442244,-1.3600711,0.47800204,-0.5326745,-0.816116,11.349957,-123.18663,-32.26431
0.6862179,10.630935,-1.50038,0.47403142,-0.5271767,-0.8335256,11.089783,-123.09788,-32.147495
0.57674956,10.83216,-1.630559,0.47128254,-0.505491,-0.84879726,10.803825,-123.00878,-32.02087
0.42470217,11.096006,-1.6529189,0.47800204,-0.4746423,-0.8668178,10.5142145,-122.928696,-31.902184
0.25853387,11.38588,-1.6704167,0.4596761,-0.44104472,-0.88361657,10.202324,-122.85693,-31.787436
0.03922549,11.801167,-1.5444311,0.45570546,-0.4166101,-0.8927795,9.885548,-122.7926,-31.677645
-0.19773768,12.271377,-1.414065,0.4370741,-0.40500367,-0.8854492,9.546473,-122.741974,-31.58258
-0.39362198,12.90914,-1.373066,0.44776422,-0.410196,-0.84421575,9.209427,-122.68913,-31.483
-0.5906077,13.599824,-1.3396686,0.46395215,-0.38728857,-0.77091193,8.8457775,-122.64468,-31.397522
-0.5357128,14.2796755,-1.4874625,0.5006041,-0.31337386,-0.68233645,8.473343,-122.589615,-31.296673
-0.47799864,14.994443,-1.6428468,0.5390886,-0.26328292,-0.6093381,8.078244,-122.517456,-31.180092
-0.4161583,15.438957,-1.6265354,0.5305365,-0.24923302,-0.5580254,7.678628,-122.430466,-31.047428
-0.35798672,15.83283,-1.5757992,0.4718934,-0.25137106,-0.5122105,7.2761345,-122.32828,-30.898745
-0.43927902,15.885671,-1.4782486,0.3811799,-0.24709499,-0.44898596,6.8675814,-122.12924,-30.651264
-0.5266864,15.942486,-1.3733597,0.28038713,-0.23762658,-0.3652974,6.4673796,-121.878296,-30.360495
-0.76051706,15.831741,-1.1356907,0.1853976,-0.17806722,-0.27885997,6.0581527,-121.615036,-30.061172
-1.0317184,15.676052,-0.86448944,0.064446285,-0.092240654,-0.19394971,5.646461,-121.33094,-29.749239
-1.2583206,15.585905,-0.33220795,-0.10720685,-0.043066,-0.12339478,5.227317,-121.044266,-29.449694
-1.4749576,15.505844,0.22351332,-0.3115413,0.046731193,-0.103847094,4.7723327,-120.74562,-29.144867
-1.4921501,15.305132,1.3350557,-0.40591997,0.113926366,-0.036651913,4.2979326,-120.48614,-28.891973
-1.4791025,15.087671,2.5223906,-0.57818395,0.14782938,0.05009095,3.8087587,-120.19777,-28.630928
-1.3244966,14.855967,3.1917431,-0.7309003,0.16065755,0.12705997,3.2623317,-119.969345,-28.452787
-1.1151795,14.632538,3.5821548,-0.883922,0.1591304,0.18784106,2.7140672,-119.70932,-28.253765
-0.9023952,14.405409,3.9790332,-1.058324,0.14538592,0.25473082,2.0777292,-119.50615,-28.16196
-0.68520194,14.1735735,4.3841352,-1.2327261,0.14355333,0.30726522,1.4440584,-119.27516,-28.045397
-0.46466464,13.854112,4.648405,-1.4123205,0.15454891,0.37201694,0.8202759,-119.00576,-27.894663
-0.23751996,13.490681,4.860407,-1.6071864,0.16707164,0.44318274,0.19879569,-118.707886,-27.719465
0.07993427,13.223199,5.03906,-1.8041905,0.1777618,0.50854534,359.62314,-118.34738,-27.506487
0.4053681,12.9907465,5.2017775,-1.9969184,0.19425514,0.571159,359.0385,-117.96489,-27.26738
0.7452339,13.037475,5.41121,-2.1768184,0.20097467,0.63316184,358.48648,-117.543625,-26.989346
1.090992,13.16624,5.6353564,-2.3408356,0.19150625,0.6988298,357.92657,-117.109985,-26.688906
1.438895,13.295804,5.8608937,-2.475226,0.14477506,0.77488256,357.44965,-116.603775,-26.310461
1.788943,13.426167,6.0878215,-2.5696046,0.043982297,0.8622363,356.98,-116.096146,-25.911737
1.9063773,13.685573,6.1063166,-2.6639833,-0.15790866,0.9663888,356.54333,-115.585724,-25.48938
1.9643779,14.028742,6.0579824,-2.7134633,-0.516792,1.0897835,356.1727,-115.07425,-25.039793
1.8122182,14.168844,5.602169,-2.765998,-1.0170907,1.2370021,356.01004,-114.41978,-24.418474
1.4867939,14.232863,4.7592664,-2.810591,-1.5757269,1.3720033,355.95453,-66.21537,-23.769657
1.0713745,14.118912,3.6326237,-2.820365,-1.8380935,1.4731015,355.93787,-66.85324,-23.06555
0.617501,13.936472,2.3866966,-2.826168,-2.3044891,1.5100589,356.1283,-67.445564,-22.340637
0.14498046,13.625154,1.0294592,-2.8225029,-2.5772405,1.5170839,356.2706,-67.972244,-21.635555
-0.35184062,13.207268,-0.4424312,-2.7974575,-2.5943446,1.5219707,356.44827,-68.44816,-20.923958
-1.0544391,12.774487,-1.6041453,-2.773023,-2.361605,1.4905112,356.58447,-68.836525,-20.291374
-1.8256118,12.396268,-2.316375,-2.7586675,-1.9339994,1.3744467,356.64893,-69.15704,-19.69756
-2.243306,12.362102,-2.6769845,-2.7840183,-1.4776831,1.2064588,356.67612,-69.41287,-19.194698
-2.4535897,12.5221,-2.8324118,-2.8188376,-0.96577793,1.0906999,356.552,-69.62248,-18.738434
-2.5049093,12.729038,-2.064633,-2.7522533,-0.50640726,1.0742066,356.28415,-69.73619,-18.437094
-2.4274652,12.975891,-0.5399522,-2.6462681,-0.38148534,1.1389582,355.9618,-69.828186,-18.16002
-2.3324122,13.127588,0.5555078,-2.6105325,-0.5522222,1.2730432,355.60345,-69.91545,-17.89317
-2.2085505,13.219139,1.4386967,-2.6224444,-0.84696466,1.4422529,355.24048,-70.02517,-17.603434
-2.3174746,13.149885,1.4881513,-2.6508498,-1.0528263,1.6041322,354.67795,-70.05577,-17.359907
-2.5798416,12.976536,1.1273967,-2.634662,-1.099252,1.720502,354.15213,-70.112335,-17.076357
-3.0402718,12.560347,0.4455497,-2.5711317,-1.0073168,1.7333301,353.51382,-70.12078,-16.817587
-3.664795,11.935823,-0.5054286,-2.4938574,-0.79229224,1.6465873,352.8591,-70.13055,-16.556068
-3.9653614,11.450481,-1.5379225,-2.3991733,-0.473726,1.486846,352.2001,-70.12836,-16.34079
-3.9464428,11.08157,-2.715599,-2.2660046,-0.015882496,1.3988814,351.44803,-70.13781,-16.147495
-3.7418544,10.57628,-3.2526999,-2.1206186,0.47219884,1.4453071,350.6932,-70.147095,-16.04042
-3.2883015,9.868737,-2.9987102,-1.9599612,0.7443393,1.496009,349.8867,-70.16376,-15.96646
-2.4794676,9.505381,-2.5987966,-1.8710803,0.8185594,1.5534303,349.25824,-70.28489,-15.803159
-0.8578996,9.895758,-1.8630852,-1.8698585,0.9746355,1.6007724,348.53067,-70.42664,-15.650618
0.5030504,10.285104,-0.7046946,-1.8472565,1.0735956,1.7669277,347.88864,-70.62175,-15.379958
1.5436567,10.705255,1.2543811,-1.8420641,0.8219192,1.9682078,347.3024,-70.8291,-15.078215
2.1223633,10.887148,2.3217623,-1.9055941,0.29626966,2.090381,346.81024,-71.14277,-14.519669
2.019281,10.718468,2.0734274,-1.9339994,0.0030543262,2.1093178,346.3194,-71.46866,-13.938987
1.9975109,10.701365,1.84444,-1.9007072,0.043676864,2.112372,345.82748,-71.74078,-13.192771
2.1618137,11.039637,1.5786558,-1.8203784,0.29718593,2.1746802,345.34695,-71.98981,-12.432739
2.2942114,11.374267,1.4920901,-1.7030923,0.57757306,2.3075435,344.8593,-72.23061,-11.678826
2.3516626,11.731284,1.890144,-1.6502525,0.69913524,2.420248,344.33694,-72.44191,-10.930839
2.408727,12.085898,2.2855191,-1.638646,0.6374379,2.4807239,343.81842,-72.68942,-10.133642
2.2018845,11.9897,2.918357,-1.6609426,0.5177083,2.4685066,343.27722,-72.90389,-9.341785
1.9616503,11.818897,3.469017,-1.7101172,0.37690386,2.341141,342.76138,-73.06129,-8.571975
1.5844675,11.237217,2.9009707,-1.8142698,0.40408736,2.1777346,342.21875,-73.115776,-7.8186116
1.1766132,10.60317,2.2671766,-1.9144517,0.70157874,2.0033326,341.59222,-73.015175,-7.177518
0.8513275,10.02108,1.4668026,-2.0448713,1.1184943,1.8301523,340.93253,-72.8254,-6.6063566
0.5115675,9.413089,0.6308143,-2.1951442,1.6016886,1.7269161,340.21573,-72.59407,-6.151984
0.1645539,8.852427,0.106139265,-2.334727,2.043955,1.6701056,339.40506,-72.301544,-5.7709584
-0.1610547,8.334204,-0.34329233,-2.408947,2.359467,1.6108516,338.50693,-71.96583,-5.454972
-0.0058451346,7.7493663,-0.52467626,-2.4798074,2.6367998,1.5690074,337.57996,-71.64632,-5.21958
0.22052789,7.1903634,-0.64941245,-2.591596,2.744312,1.5421293,336.62106,-71.28895,-5.0138254
0.4415718,6.738374,-0.43963984,-2.631302,2.776077,1.4914275,335.6432,-70.95158,-4.8926945
0.6581028,6.314727,-0.16662246,-2.6554313,2.819143,1.4456125,334.63983,-70.588776,-4.792063
0.79144603,5.892077,0.027434457,-2.627026,2.9040534,1.4205672,333.64517,-70.21949,-4.672898
0.90741724,5.462017,0.20622347,-2.563496,2.947425,1.3390167,332.6638,-69.84952,-4.5859733
1.0079664,4.6782036,0.41541067,-2.483778,2.9541442,1.2638801,331.68683,-69.43347,-4.473153
1.1059928,3.8048778,0.6337421,-2.378404,2.9297097,1.162782,330.72168,-69.03902,-4.3938985
0.94753706,3.1589947,0.9471563,-2.2534819,3.0473013,1.0348058,329.72858,-68.623825,-4.3436866
0.6706203,2.660067,1.290915,-2.1896465,3.1108313,0.9117164,328.77167,-68.21944,-4.3139586
0.39303273,2.159931,1.6355066,-2.1218405,3.028059,0.79229224,327.83224,-67.76116,-4.3052425
0.114326924,1.6577799,1.9814862,-2.0427334,2.9006937,0.67164636,326.90674,-67.32183,-4.3319235
-0.073434874,1.4442369,2.0943353,-1.9569068,2.7430904,0.5525276,326.0299,-66.90206,-4.3774533
-0.22163944,1.3581827,2.1038969,-1.8493946,2.6261096,0.45478916,325.19272,-66.51052,-4.4387875
-0.46284246,1.312335,2.0597947,-1.7198911,2.5692992,0.3915646,324.36108,-65.99689,-4.6004944
-0.7522462,1.2843282,1.9897776,-1.5876387,2.50638,0.34269542,323.5806,-65.51729,-4.7657723
-0.9731387,1.2768049,2.0312169,-1.4468343,2.4336872,0.30451632,322.84064,-65.05454,-4.9602957
-1.1462008,1.2816122,2.136977,-1.2831224,2.3420575,0.2843578,322.1333,-64.639595,-5.149254
-1.2571362,1.3148286,2.2433157,-1.1276573,2.2296581,0.28160888,321.46906,-64.24908,-5.3860726
-1.3334799,1.3625435,2.3482883,-0.9663888,2.118786,0.25534168,320.83997,-63.907677,-5.6199307
-1.409549,1.4100866,2.4528832,-0.8063421,1.9847012,0.26450464,320.24866,-63.594536,-5.852688
-1.4856944,1.4576776,2.5575833,-0.6401868,1.9083431,0.27122417,319.6805,-63.329586,-6.082491
-1.5550193,1.5765462,2.7269497,-0.54458636,1.7311921,0.2742785,319.17352,-63.081223,-6.2885814
-1.6290071,1.7562311,2.959483,-0.36987892,1.5580118,0.28069258,318.68924,-62.90385,-6.4786863
-1.7590275,1.7585084,3.1257153,-0.22999077,1.3426818,0.2828306,318.2628,-62.712715,-6.6641893
-1.9536304,1.6855323,3.3154533,-0.076052725,1.1206323,0.2678644,317.88867,-62.574474,-6.825563
-2.090424,1.7430768,3.458175,0.0571159,0.89827734,0.24007004,317.5701,-62.43959,-6.973647
-2.1901245,1.8861253,3.57088,0.18448131,0.74220127,0.21960606,317.2962,-62.345726,-7.1004176
-2.2087379,2.0629497,3.6698484,0.31581733,0.59528816,0.20799962,317.0749,-62.24403,-7.242584
-2.101052,2.2950728,3.7488182,0.44776422,0.49021935,0.1863139,316.88998,-62.175507,-7.375017
-1.9969796,2.5194063,3.8251379,0.5699373,0.40866885,0.1908954,316.73273,-62.125526,-7.5097394
-1.8890599,2.7520335,3.904279,0.70738196,0.31031954,0.20647246,316.61105,-62.114796,-7.6288996
-1.7411721,2.9617417,3.9998138,0.82986045,0.20097467,0.23640485,316.50458,-62.12959,-7.7392826
-1.5002291,3.145992,4.136821,0.96791595,0.051618114,0.27947086,316.43268,-62.18732,-7.822516
-1.2513173,3.3258452,4.327449,1.1123856,-0.087659165,0.28313604,316.3731,-62.298176,-7.8503203
-0.95880485,3.5111032,4.6735883,1.2434162,-0.23243423,0.2855795,316.34967,-62.443874,-7.847007
-0.68317527,3.7047155,5.0020213,1.3655893,-0.38759398,0.28069258,316.34177,-62.624958,-7.783554
-0.3882911,3.968005,5.360095,1.4932601,-0.52442783,0.2733622,316.367,-62.83911,-7.705237
-0.16914943,4.1947026,5.6493196,1.591304,-0.61269784,0.24770586,316.39966,-63.04726,-7.553312
0.0620488,4.5414996,6.0346503,1.6798794,-0.68325275,0.22724187,316.46118,-63.281998,-7.390704
0.30303168,4.9338446,6.4051065,1.7293595,-0.7067711,0.20219639,316.48242,-63.506992,-7.190272
0.5865573,5.496726,6.7386656,1.7525724,-0.7461719,0.18936823,316.52374,-63.741497,-6.986477
0.8660504,6.051602,7.067481,1.767844,-0.77824235,0.16890424,316.51617,-63.96098,-6.75233
1.1685646,7.0236907,7.7182045,1.7721201,-0.8344419,0.14935656,316.5229,-64.17551,-6.5199127
1.4628916,8.058021,8.396926,1.7146988,-0.8381071,0.14844026,316.52097,-64.3699,-6.296531
1.5798807,9.36362,8.986551,1.5940529,-0.7806858,0.15760323,316.46054,-64.54812,-6.0179257
1.7142203,10.677647,9.573138,1.4410311,-0.63041294,0.1695151,316.36163,-64.66683,-5.6711164
2.5231955,11.87205,9.82303,1.237613,-0.38820487,0.18387043,316.21936,-64.73364,-5.3526373
3.3556583,13.101131,10.080178,1.022283,-0.29871312,0.267559,316.04327,-64.774414,-4.989732
4.051376,13.5176,9.016747,0.97219205,-0.3051272,0.4251622,315.8211,-64.80969,-4.636095
4.6893134,13.720356,7.6666937,1.1591167,-0.25961772,0.49754974,315.5652,-64.852554,-4.313511
4.1026297,12.970807,6.8010187,1.4999796,-0.16768251,0.42302418,315.29315,-64.99431,-3.831985
3.4760616,12.234698,6.11749,1.8017471,-0.33964106,0.33169982,315.0801,-65.17673,-3.3365717
2.7422962,11.824497,5.8942327,1.9856175,-0.70371675,0.23762658,314.95245,-65.60271,-2.7884254
2.0255766,11.482322,5.750889,2.0427334,-0.95356065,0.14508049,314.86008,-66.05901,-2.2793279
1.3129611,11.429136,5.214218,2.046704,-0.97402465,0.07666359,314.85693,-66.58635,-1.9084105
0.6521843,11.433601,4.6427355,2.0460932,-0.8686504,0.006414085,314.90063,-67.111,-1.5611029
-0.05004844,11.220075,4.256342,2.0442605,-0.850019,-0.08582657,314.99188,-67.64047,-1.3660752
-0.74892306,10.941502,3.9386718,2.0546453,-0.91782504,-0.20738874,315.0913,-68.15796,-1.2081842
-1.4208353,10.517737,3.9160907,2.0457878,-0.96944314,-0.2996294,315.21875,-68.76238,-1.2102423
-2.0624995,10.076593,3.9606507,2.0286834,-0.98563105,-0.33628133,315.36417,-69.35006,-1.2305156
-2.4166715,9.543901,4.0544677,2.0253236,-1.058324,-0.41355577,315.55786,-69.97028,-1.4107354
-2.6322262,8.997495,4.164752,2.0210476,-1.187522,-0.49632803,315.77948,-70.56397,-1.5956292
-2.3344977,8.614352,4.275308,2.0454822,-1.3918564,-0.5696318,316.09375,-71.11984,-1.8741539
-1.9304082,8.276045,4.383378,2.0861049,-1.65911,-0.60903263,316.46658,-71.65733,-2.1473384
-1.6294044,8.02297,4.167208,2.129171,-1.9101756,-0.65087694,316.91748,-72.165436,-2.4149356
-1.3658439,7.801025,3.8805287,2.143526,-2.0879374,-0.75900006,317.42963,-72.65351,-2.6971445
-1.2496302,7.9236884,3.4101713,2.1398609,-2.1649065,-0.87598073,317.9502,-73.10878,-2.911588
-1.1800615,8.155584,2.881449,2.1371121,-2.1386392,-0.9999864,318.49814,-73.54552,-3.1559577
-1.1874079,8.351033,2.647436,2.0986276,-2.0674734,-1.1270463,319.04257,-73.990875,-3.3995323
-1.2287027,8.530787,2.5429842,2.0525072,-1.9746219,-1.2385293,319.57916,-74.40653,-3.6811013
-1.2702962,8.711842,2.437777,1.9935588,-1.91323,-1.3344351,320.0931,-74.86245,-4.028343
