acc_x,acc_y,acc_z,gyro_x,gyro_y,gyro_z,azimuth,pitch,roll
1.3243803,8.8611965,7.824854,0.43218717,0.21288654,0.27091873,50.965694,-51.281574,-2.6840863
1.1201937,8.8791685,7.4008174,0.4089743,0.025045475,0.42302418,51.777588,-51.48213,-2.208438
1.0087477,8.885923,7.1711717,0.3817908,-0.026267206,0.46517387,52.556877,-51.65172,-1.7528422
0.83361006,8.916185,6.8484507,0.36682457,-0.10445796,0.5552765,53.302567,-51.85276,-1.268422
0.6636271,8.948343,6.540643,0.32467487,-0.15424347,0.65668017,54.002083,-52.0258,-0.7922094
0.4819128,9.004366,6.1581593,0.28344148,-0.183565,0.7498371,54.651836,-52.244698,-0.35360792
0.31193027,9.061028,5.789864,0.226631,-0.16065755,0.8359691,55.248775,-52.434753,0.085732564
0.1918574,9.188545,5.605268,0.18661933,-0.11728613,0.93279123,55.793682,-52.667168,0.49133736
0.08156625,9.326409,5.4536176,0.14782938,-0.098043874,1.0302242,56.29307,-52.871002,0.9003874
0.019860076,9.469343,5.4843936,0.11148291,-0.14660765,1.128879,56.7399,-53.1216,1.2824135
-0.028424479,9.614197,5.5664773,0.07422013,-0.24465153,1.2565498,57.146564,-53.34718,1.6854334
-0.0007655338,9.666369,5.5457363,0.024740042,-0.3539964,1.3741413,57.51659,-53.587574,2.0824964
0.04659828,9.694788,5.4983726,-0.0076358155,-0.44684792,1.4996742,57.8609,-53.807526,2.5113645
0.06783734,9.535281,5.297274,-0.013133603,-0.49877146,1.6029104,58.151226,-54.00901,2.9381676
0.08110552,9.322989,5.054024,-0.0018325958,-0.552833,1.68385,58.430435,-54.19233,3.3905175
0.09817813,9.064812,4.739029,0.03573562,-0.5635232,1.7626517,58.631,-54.365124,3.857436
0.11781005,8.775242,4.3758383,0.03176499,-0.56016344,1.820073,58.820316,-54.517002,4.3302298
0.095742054,8.631855,3.9900992,0.023518313,-0.54000485,1.8585575,58.92616,-54.65999,4.8089886
0.052485988,8.564568,3.5959883,0.012217305,-0.47983465,1.8781052,59.01039,-54.790813,5.2763805
-0.034768093,8.666422,3.2698183,-0.002443461,-0.36254853,1.9275852,59.00264,-54.91081,5.745058
-0.14101507,8.84658,2.9834135,-0.016187929,-0.1853976,1.9556851,58.965664,-55.020737,6.1826653
-0.23584639,9.059706,2.7712553,-0.03023783,0.030543262,2.01555,58.814854,-55.13938,6.613499
-0.32202014,9.289503,2.6084826,-0.048258353,0.28619036,2.0821342,58.61002,-55.244717,7.009454
-0.37223274,9.626166,2.5444486,-0.093462385,0.559858,2.1621575,58.29364,-55.367752,7.375396
-0.40037036,10.020093,2.5397592,-0.14508049,0.8381071,2.2687535,57.906208,-55.4721,7.716452
-0.3885978,10.415094,2.7495983,-0.1908954,1.1181889,2.3796256,57.419197,-55.5883,8.022687
-0.34914872,10.814517,3.1095712,-0.24770586,1.3836098,2.4807239,56.860893,-55.67533,8.306526
-0.38023782,11.127055,3.5312846,-0.32498032,1.6087136,2.5821273,56.21775,-55.75952,8.573875
-0.44879338,11.387567,3.979181,-0.42821655,1.7876972,2.6459627,55.520195,-55.811512,8.819219
-1.131324,11.120694,4.603517,-0.5519168,1.9404135,2.698192,54.75798,-55.807716,9.046821
-2.3067138,10.434267,5.3745728,-0.6960809,2.0372355,2.6826148,53.975536,-55.767708,9.251255
-3.0976634,9.754651,5.9014072,-0.79809546,2.0366247,2.6316075,53.173695,-55.658592,9.425478
-3.5521088,9.048811,6.2156515,-0.86070913,1.9391917,2.5802948,52.382942,-55.52352,9.592628
-3.9246345,8.316406,6.3452883,-0.8765916,1.750129,2.5341744,51.608616,-55.230145,9.5702095
-4.2191434,7.5597453,6.2999797,-0.89675015,1.5540411,2.486527,50.87157,-54.932198,9.549196
-4.425126,6.926088,6.1810217,-0.8897252,1.3365731,2.4080307,50.181843,-54.54935,9.473447
-4.5004725,6.464591,5.945564,-0.8677341,1.1921035,2.3185391,49.532665,-54.180275,9.400009
-4.520826,6.142619,5.716121,-0.84971356,1.1374311,2.2351558,48.908245,-53.755653,9.29027
-4.4383287,6.069827,5.488041,-0.84329945,1.1142182,2.20278,48.31709,-53.346287,9.184789
-4.324023,6.0742073,5.2665844,-0.86254174,1.1392636,2.1432207,47.73051,-52.931892,9.048397
-4.144502,6.219764,5.043397,-0.90133166,1.2067643,2.1071796,47.141182,-52.522633,8.900672
-3.8655202,6.510226,4.739352,-0.9126327,1.378112,2.0949624,46.529285,-52.14726,8.735072
-3.666873,6.748043,4.543503,-0.9230174,1.4266758,2.0934353,45.93566,-51.77094,8.567327
-3.4353247,7.025249,4.315216,-0.8894198,1.5033394,2.1319196,45.29718,-51.452007,8.39779
-2.9365098,7.5170684,4.0219126,-0.784351,1.6102408,2.2397375,44.63075,-51.153496,8.225082
-2.3333461,8.086182,3.7154665,-0.62796944,1.6652187,2.3875668,43.947067,-50.88154,8.061371
-1.5764488,8.615667,3.4359455,-0.47219884,1.6945401,2.5262332,43.207233,-50.70821,7.9599595
-0.7758912,9.119548,3.1722324,-0.36193767,1.6841555,2.6777277,42.438225,-50.561565,7.888979
0.08490939,9.453058,3.226188,-0.29840767,1.6029104,2.8136454,41.664032,-50.5326,7.951362
0.98649406,9.718229,3.4190402,-0.27305678,1.4413365,2.9245174,40.892155,-50.51688,8.057056
1.7160056,9.74057,3.5485795,-0.30909783,1.2712106,2.9950724,40.131824,-50.5684,8.337319
2.3430796,9.663786,3.6466932,-0.37048978,1.1438452,3.009733,39.394787,-50.610092,8.6489105
2.7367158,9.431346,3.6421142,-0.45448375,1.1117748,2.9352076,38.676727,-50.600525,9.112975
2.8862123,9.042655,3.5324833,-0.52931476,1.1438452,2.7666087,37.993774,-50.571835,9.564087
2.7900157,8.751088,3.5630255,-0.59620446,1.174083,2.5552492,37.327885,-50.462868,10.108193
2.5069027,8.52655,3.6997008,-0.63316184,1.1982121,2.3759604,36.686306,-50.343697,10.608308
2.1277015,8.369124,3.8816884,-0.6826419,1.2296717,2.2525656,36.04092,-50.16494,11.089734
1.7462196,8.271725,4.064313,-0.71837753,1.2357804,2.147802,35.42979,-49.98939,11.528091
1.3177843,8.121841,4.1902986,-0.72692966,1.2092078,2.1071796,34.801342,-49.76699,11.895661
0.8081934,7.8746142,4.205435,-0.73945236,1.2000448,2.0323486,34.197464,-49.546974,12.221988
0.29116726,7.58917,4.0249047,-0.7131852,1.2473868,1.9382755,33.570293,-49.309795,12.437038
-0.20754118,7.2739487,3.6249971,-0.68661255,1.3548992,1.8509218,32.948647,-49.079304,12.622752
-0.6667712,6.939619,3.1959333,-0.61483586,1.5402967,1.7724255,32.29417,-48.864304,12.678889
-1.0858239,6.571221,2.717016,-0.56413406,1.7278323,1.6978999,31.635242,-48.663803,12.69346
-1.431818,6.2060585,2.3465762,-0.50488013,1.8918496,1.6484199,30.945997,-48.53058,12.590911
-1.647123,5.8341684,2.1753109,-0.45142943,2.0033326,1.5995506,30.244827,-48.42138,12.446297
-1.810933,5.4821005,2.124396,-0.39187005,2.033876,1.5549575,29.536089,-48.378113,12.219064
-1.8910427,5.156949,2.275191,-0.32803464,1.9929478,1.5231925,28.828922,-48.358494,11.976246
-1.938273,4.8339844,2.430327,-0.24007004,1.9058995,1.4721853,28.128357,-48.355583,11.694166
-1.9191535,4.4802732,2.6119623,-0.14905111,1.7693712,1.423316,27.457022,-48.377663,11.421884
-1.9698933,4.0192533,2.804602,-0.04062254,1.6132951,1.3616186,26.800657,-48.370155,11.139267
-2.120004,3.5188842,2.9582865,0.08979719,1.4398094,1.3148874,26.188763,-48.399612,10.8772335
-2.2809792,2.9822993,3.1230948,0.22357668,1.2757921,1.2565498,25.599115,-48.384296,10.62888
-2.4174902,2.648907,3.1102214,0.36651915,1.1047498,1.2046263,25.061398,-48.41254,10.40462
-2.543682,2.36848,3.0634835,0.53023106,0.95356065,1.1566733,24.569866,-48.488934,10.195058
-2.5973005,2.1755233,3.0665202,0.6939429,0.81397796,1.1120802,24.084072,-48.474205,9.96814
-2.6338394,2.0065327,3.0802221,0.86742866,0.75655663,1.0592403,23.62957,-48.511986,9.740679
-2.5758874,1.9827303,3.1085308,0.9691377,0.6407976,1.033584,23.204124,-48.538555,9.520843
-2.4892106,2.0078208,3.1404643,1.1520919,0.56016344,0.9776898,22.805017,-48.640877,9.286112
-2.4003096,2.0335553,3.1732173,1.3387111,0.49388456,0.93737274,22.413296,-48.73329,9.058049
-2.3114793,2.0592694,3.205944,1.5305228,0.42485678,0.8943067,22.056952,-48.880295,8.831876
-2.1955714,2.2183847,3.1781557,1.6975945,0.32834008,0.80909103,21.726606,-49.067642,8.599835
-2.1375778,2.322163,3.1506848,1.9501873,0.29535335,0.77854776,21.40112,-49.32848,8.371032
-2.0539892,2.532321,3.1072419,2.024102,0.25320363,0.7147123,21.105387,-49.565666,8.169534
-1.9746038,2.785362,3.0625875,2.1529946,0.20952678,0.62796944,20.83292,-49.887463,7.963121
-1.9411398,3.0922086,2.912586,2.2742512,0.13469578,0.56413406,20.588055,-50.258953,7.776157
-1.9362918,3.436422,2.6944225,2.4019222,0.057421334,0.48747048,20.376322,-50.668446,7.5761204
-1.9852139,3.7484682,2.4285724,2.5433373,-0.023823744,0.398895,20.203539,-51.165108,7.384143
-2.063421,4.0352273,2.1418133,2.6655104,-0.084910266,0.29871312,20.062586,-51.689747,7.1830606
-2.1781466,4.3233495,1.8789731,2.7800477,-0.15607607,0.18142697,19.99366,-52.366398,6.9747167
-2.3361819,4.6088324,1.649567,2.874121,-0.2666427,0.069027774,19.965832,-53.06764,6.7617903
-2.497144,4.7955804,1.4724413,2.9743028,-0.39858958,-0.043676864,20.008982,-53.928604,6.5177484
-2.66669,4.912958,1.3289791,3.0757065,-0.5571091,-0.1908954,20.109015,-54.813774,6.2606287
-2.8407161,5.080948,1.1794297,3.1810808,-0.7180721,-0.41447207,20.27351,-55.816265,5.934829
-3.0159292,5.333461,1.02483,3.311806,-0.8585711,-0.58184916,20.483816,-56.846336,5.6055846
-3.1909819,5.5051465,0.8600076,3.4116824,-0.9266826,-0.68600166,20.74702,-57.950253,5.2002473
-3.367139,5.597861,0.68385005,3.4895678,-1.063211,-0.72601336,21.073948,-59.07411,4.79679
-3.5282853,5.5773067,0.42087537,3.5411859,-1.1612549,-0.7852673,21.432331,-60.274544,4.318528
-3.6720965,5.4065313,0.038876977,3.649309,-1.2168436,-0.90377516,21.823133,-61.497196,3.8231668
-3.7464452,5.3037496,-0.4443771,3.7745364,-1.2675453,-1.0644327,22.252579,-62.779457,3.2618968
-3.656168,5.362164,-1.1665937,3.9165626,-1.2470814,-1.2415836,22.688446,-64.07615,2.6580005
-3.5260649,5.69113,-1.7794349,4.0463715,-1.0916162,-1.3784174,23.120405,-65.46162,1.9722012
-3.351456,6.310576,-2.2907896,4.1508293,-0.840856,-1.459357,23.526102,-66.84968,1.2358279
-3.1592793,7.0328465,-2.7846823,4.1792345,-0.52595496,-1.5021176,23.884743,-68.37741,0.4769397
-2.9118764,8.115234,-3.160941,4.1431937,-0.18417588,-1.5387696,24.161732,-69.87141,-0.33438662
-2.6056406,9.31049,-3.5666807,4.065919,0.22815818,-1.509448,24.320736,-71.514626,-1.1066122
-2.1547067,10.827267,-4.0631633,3.9519928,0.79473567,-1.3891076,24.319193,-73.07255,-1.9015998
-1.7073846,12.473828,-4.4871874,3.7678168,1.5066991,-1.2394456,24.138977,-74.6833,-2.627655
-1.4496124,13.734048,-4.581295,3.4910948,2.278833,-1.1554517,23.758217,-76.14481,-3.3629153
-1.1192083,15.139341,-4.5348477,3.082426,3.0531044,-1.0824533,23.145866,-77.67197,-3.9076183
-0.5531146,16.380592,-3.5273044,2.6658158,3.6483927,-1.0439687,22.344202,-78.99918,-4.440674
-0.013809176,17.411026,-2.461868,2.298075,4.0197988,-1.0693196,21.371204,-80.20892,-4.8528047
0.5010267,17.978298,-1.1557103,2.0182989,4.2219954,-1.1530081,20.264526,-81.17537,-5.2586474
1.0169703,18.472548,0.16332453,1.8713857,4.251622,-1.2217305,19.10109,-81.881165,-5.5126553
1.5385035,18.76229,1.5251057,1.7974709,4.205807,-1.2119566,17.896296,-82.419106,-5.7555504
1.8672897,18.909513,2.8210037,1.7101172,4.1969495,-1.1939361,16.685692,-82.73544,-5.8982773
1.6775305,18.664215,4.052123,1.5824465,4.1963387,-1.1869112,15.48525,-82.97004,-6.036674
1.4419731,18.386005,5.2153707,1.496009,4.1034875,-1.146594,14.330799,-83.1175,-6.0677514
1.005524,17.963945,6.07388,1.2794572,4.044844,-1.0433578,13.168923,-83.22729,-6.0876656
0.5531686,17.563705,6.90727,1.0699304,4.0457606,-0.890947,12.025412,-83.19002,-6.1356926
0.089766346,17.291397,7.552211,0.86590147,4.082107,-0.68325275,10.894137,-83.16698,-6.146289
-0.4547879,17.022882,8.639117,0.68691796,4.0555344,-0.2782491,9.78387,-83.05228,-6.150176
-0.64026845,16.967817,9.241929,0.4184427,3.9858956,-0.12644911,8.687178,-82.8838,-6.17523
-0.92617977,16.869007,10.355735,0.33078352,3.6572502,0.20830505,7.685296,-82.71488,-6.116595
-1.1388935,16.72247,12.151984,0.14905111,2.9135218,0.5177083,6.8279076,-82.503685,-6.021013
-1.3311185,16.50649,13.841429,-0.018325957,1.5885551,0.7641924,6.217078,-82.13877,-5.898181
-1.403406,15.822169,14.954657,-0.15363261,-0.18784106,0.9236283,5.9444203,-81.76353,-5.6837
-1.512956,14.813984,15.097423,-0.11911872,-1.983174,0.99265605,6.075133,-81.24046,-5.428152
-1.8540647,11.791383,9.308052,0.13927728,-3.4336736,0.93828905,6.5902586,-80.72048,-5.1089754
-2.3268416,8.97898,3.8495867,0.5928447,-4.445877,0.77396625,7.4965806,-80.12973,-4.7613354
-3.7905173,7.7223835,0.83281374,1.0797043,-5.0145926,0.63041294,8.655603,-79.60594,-4.3681784
-5.1888633,6.536055,-2.1146204,1.4181237,-5.2531357,0.46731192,9.8715,-79.60154,-4.0920644
-5.925035,6.091484,-4.4952273,1.6071864,-5.1337113,0.26847526,11.133231,-79.66056,-3.8606405
-6.654029,5.7162385,-6.8010125,1.5683966,-4.6450195,0.06658431,12.327276,-80.047646,-4.032327
-7.9441895,6.7586203,-9.526584,0.7788532,-2.7519479,-0.11148291,14.776953,-80.841774,-4.3845553
-9.050755,6.9667354,-10.264114,0.3472769,-1.9865338,-0.0870483,15.694202,-81.16457,-4.774225
-10.374924,7.1252627,-10.935524,0.19883664,0.0036651916,-0.086132,15.930843,-81.37926,-5.266439
-10.794064,7.3813033,-9.894896,0.15577064,2.1813998,-0.25900686,15.890515,-81.5108,-5.9260163
-10.822978,7.6800885,-8.111822,0.21227567,4.04179,-0.5345071,15.354975,-81.49907,-6.651355
-9.630884,8.81069,-4.645392,0.25289822,5.188384,-0.72509706,14.411307,-81.19812,-7.6256666
-8.005351,10.224197,-0.65223473,0.27580565,5.5051174,-0.8353582,13.143465,-80.69934,-8.640665
-5.4843073,11.821509,0.7226098,0.28771752,5.007873,-0.88422745,11.774108,-79.94897,-9.684316
-2.71221,13.503404,1.6311123,0.3118467,4.0689735,-0.852157,10.420162,-79.128174,-10.70059
0.028528135,14.51648,0.42749307,0.39003745,3.1413746,-0.77457714,9.19271,-78.40463,-11.471751
2.791038,15.328706,-1.4614025,0.5439755,2.5256224,-0.7611381,8.1517105,-77.687706,-12.226595
4.990167,15.8373575,-2.9381711,0.6200282,2.3533583,-0.7996226,7.2152324,-77.465706,-12.462409
6.993081,16.234022,-4.270182,0.5653558,2.5491407,-0.7076874,6.355863,-77.2928,-12.646875
8.187937,16.128075,-3.812488,0.47433686,2.7605,-0.42943826,5.4904604,-77.686646,-12.287753
9.18412,15.850071,-2.7375371,0.42424592,2.6762006,-0.062308256,4.6609154,-78.10981,-11.884209
9.417948,14.931328,-1.1480126,0.4364632,2.3561072,0.29718593,3.792952,-101.10907,-11.107209
9.251233,13.695676,0.68094844,0.48197266,1.8710803,0.5561928,3.0148804,-100.30812,-10.28174
8.556687,12.585031,1.6964471,0.4999932,1.2834278,0.68233645,2.3939338,-99.35349,-9.291307
7.627108,11.498987,2.4005344,0.43676865,0.7489208,0.72204274,1.9099884,-98.39889,-8.286835
6.5581512,10.821949,2.4604974,0.32498032,0.36010507,0.7483099,1.6033025,-97.460266,-7.3322897
5.3812623,10.393989,2.1103487,0.20616703,0.21166481,0.78954333,1.3803593,-96.52491,-6.384119
4.249952,10.215256,1.5717025,0.15027285,0.04062254,0.8176431,1.2838384,-95.73012,-5.6083946
3.1413078,10.17992,0.922417,0.058948494,-0.055588737,0.8848383,1.2027768,-94.91234,-4.8184175
2.0289428,10.181106,0.22373529,-0.010079277,-0.09590584,0.9642508,1.1462026,-94.26169,-4.1926246
0.8180325,10.228081,-0.595717,-0.060170226,-0.06688975,1.0207558,1.092102,-93.601166,-3.5586774
-0.24330926,10.215576,-1.202875,-0.06261369,0.02107485,1.0403035,1.0236349,-93.119225,-3.08826
-1.5232348,10.144469,-1.8191355,-0.0027488936,0.2452624,1.0115929,0.9046486,-92.64026,-2.6194222
-2.1974747,10.094211,-2.0200653,0.19394971,0.35369098,0.9859365,0.7943253,-92.33768,-2.3071427
-3.2447011,10.006536,-2.2392523,0.28955013,0.6270532,0.9111055,0.57192725,-92.06253,-2.0206184
-4.243885,9.853292,-2.271513,0.48808134,0.9593639,0.8549059,0.30485076,-91.99004,-1.8939011
-5.2498083,9.610658,-2.0794272,0.64965516,1.3035865,0.79229224,359.95746,-91.97263,-1.791877
-6.0704722,9.297963,-1.721603,0.7489208,1.5525141,0.7031059,359.5451,-92.17653,-1.8747002
-6.786519,8.898712,-1.1878226,0.77488256,1.6475036,0.58062744,359.08084,-92.43313,-1.9831988
-7.385336,8.494959,-0.64725536,0.7519751,1.5909985,0.38973203,358.5853,-92.8485,-2.2933104
-7.750997,8.028741,-0.021060033,0.68203104,1.4321736,0.17440203,358.0942,-93.28986,-2.6418347
-7.9265103,7.5621433,0.5519717,0.57818395,1.2605205,-0.024129177,357.60403,-93.816475,-3.1837342
-7.020902,6.993235,0.9351138,0.43951756,1.078788,-0.20891592,357.16537,-94.38108,-3.778595
-6.0040436,6.3544397,1.3653233,0.28069258,0.9392053,-0.37812558,356.72888,-95.00694,-4.51372
-5.106146,6.282924,1.1749289,0.14660765,0.816116,-0.5580254,356.34702,-95.69421,-5.2979946
-4.0703335,6.3538704,0.77763116,0.037873644,0.77671516,-0.75136423,355.98816,-96.436325,-6.126009
-3.0930867,6.7724347,0.41008395,-0.06688975,0.76083267,-0.8524625,355.64215,-97.03842,-6.8161807
-2.1304498,7.3819437,0.052118406,-0.10262536,0.818254,-1.0320568,355.29404,-97.73272,-7.579195
-1.2022576,8.2558975,-0.3107743,-0.20372356,0.84604836,-1.1328496,354.9393,-98.28417,-8.176641
-0.28343666,9.27043,-0.6792598,-0.28008172,0.8536842,-1.1691961,354.58127,-98.874596,-8.802011
0.6011829,10.263235,-1.2025365,-0.2782491,0.8142834,-1.1499538,354.2523,-99.29337,-9.2362995
1.3802054,11.145232,-1.7442706,-0.27122417,0.8045095,-1.105666,353.91592,-99.7113,-9.668631
2.1344652,11.979971,-2.3159373,-0.3032946,0.88178396,-1.0586295,353.56845,-99.92748,-9.889883
2.8615084,12.771311,-2.8995502,-0.36987892,1.0225884,-1.0100657,353.20667,-100.12641,-10.093657
3.3541584,13.285307,-3.4495437,-0.4016439,1.1685852,-0.9456194,352.80927,-100.1362,-10.09877
3.7234895,13.654638,-3.973152,-0.38759398,1.3133603,-0.8378017,352.3731,-100.11921,-10.076683
4.0067506,13.724174,-4.324761,-0.3463606,1.4920384,-0.7131852,351.86807,-99.94895,-9.890428
4.26967,13.605601,-4.608302,-0.29352075,1.6927075,-0.61544675,351.31857,-99.764496,-9.685656
4.20446,13.3643465,-4.2545834,-0.24801129,1.8219056,-0.50579643,350.72644,-99.49361,-9.376109
3.9359066,12.978605,-3.4342735,-0.101098195,1.7922786,-0.3475823,350.12924,-99.20616,-9.033406
3.5248678,12.786586,-2.5672839,0.087964594,1.6566665,-0.16890424,349.52365,-98.882164,-8.62564
3.0026252,12.738673,-1.6569526,0.21960606,1.432479,0.0143553335,348.96127,-98.547424,-8.182441
2.4884217,12.646425,-1.0596412,0.22174409,1.1539245,0.19242255,348.48114,-98.207634,-7.750811
1.9762278,12.51951,-0.6970261,0.13652839,0.94897914,0.3463606,348.05118,-97.84977,-7.2837057
1.4992222,12.207234,-0.46015492,0.00580322,0.799928,0.47708577,347.70578,-97.49137,-6.8726034
1.0777582,11.685193,-0.37873575,-0.12003502,0.73884153,0.550695,347.39648,-97.10983,-6.4435725
0.691731,11.176541,-0.39776155,-0.20311269,0.63194007,0.5635232,347.14148,-96.76997,-6.1005716
0.3398801,10.673898,-0.5348463,-0.23396139,0.5702427,0.6093381,346.89172,-96.40063,-5.734063
-0.015423662,10.183433,-0.7176093,-0.26175576,0.5314528,0.6423248,346.65585,-96.09643,-5.4551587
-0.38302848,9.706539,-0.9858615,-0.30390546,0.4728097,0.6942484,346.4431,-95.77433,-5.163347
-0.731256,9.949256,-1.4006793,-0.35735616,0.42149702,0.75777835,346.2339,-95.514015,-4.93175
-1.0603611,11.184592,-2.0255022,-0.43096542,0.40561453,0.85154617,346.0315,-95.22806,-4.6803327
-1.5765942,11.6868105,-2.620939,-0.54336464,0.71593404,1.1704178,345.74017,-94.94313,-4.4141073
-1.9052851,11.455385,-2.852364,-0.906524,0.88606006,1.235475,345.491,-94.66157,-4.199191
-2.367352,10.753194,-3.0317662,-0.9605856,1.1936307,1.2299771,345.1125,-94.42121,-3.9504402
-2.8348083,9.413153,-2.9694388,-0.9618073,1.4285084,1.0900891,344.70584,-94.16452,-3.7262707
-3.3135674,8.1687765,-2.8487234,-0.90469146,1.5906931,0.9260717,344.2231,-94.02281,-3.597205
-3.8756511,7.1838865,-2.495556,-0.8170323,1.6307048,0.7501425,343.70917,-93.92598,-3.513206
-4.3895197,6.4251995,-2.141031,-0.634689,1.5937474,0.56169057,343.16452,-93.98883,-3.5836627
-4.8027945,6.2399383,-1.761008,-0.40317106,1.4923438,0.40011674,342.6288,-94.10878,-3.6977956
-5.1307955,6.142378,-1.3621563,-0.20189096,1.3524556,0.25350907,342.10156,-94.371574,-3.974809
-5.197549,6.3092604,-0.91395825,0.0027488936,1.1643091,0.13561209,341.621,-94.698494,-4.2905474
-5.1748195,6.5067296,-0.54336065,0.18173242,0.9239337,0.020463986,341.16647,-95.14143,-4.7436914
-4.851989,6.820065,-0.40568286,0.3100141,0.6914995,-0.13347405,340.77008,-95.6426,-5.2401686
-4.483346,7.1757507,-0.29985535,0.34483343,0.52748215,-0.310625,340.39188,-96.18671,-5.809874
-3.9377592,7.695131,-0.3141502,0.29626966,0.45142943,-0.45265114,340.0647,-96.76598,-6.4080963
-3.4120407,8.195597,-0.32792452,0.22327125,0.31398472,-0.50518554,339.81366,-97.29635,-6.9611936
-2.8696756,8.711909,-0.34213495,0.16890424,0.18417588,-0.569021,339.58957,-97.8625,-7.5507326
-2.3486068,9.240203,-0.377218,0.05375614,0.05009095,-0.5910121,339.41443,-98.41771,-8.136569
-1.9537555,9.846926,-0.54093677,-0.029626964,-0.057421334,-0.5919284,339.27606,-98.97977,-8.7272415
-1.5902442,10.49947,-0.7028475,-0.10140363,-0.16187929,-0.55771995,339.2077,-99.28429,-9.055517
-1.4175677,11.339518,-0.84285545,-0.13744467,-0.22327125,-0.4841107,339.1603,-99.571785,-9.367467
-1.2770665,12.11981,-0.9494258,-0.15485434,-0.30451632,-0.37812558,339.1385,-99.75326,-9.566199
-1.4168117,12.486038,-0.7566739,-0.17134771,-0.44012842,-0.24312437,339.15146,-99.90124,-9.732429
-1.5270891,12.711912,-0.5873517,-0.20555615,-0.63132924,-0.13897185,339.20273,-99.968735,-9.814758
-1.397204,11.816633,-0.6151842,-0.22968534,-0.81489426,-0.124311075,339.29077,-100.02256,-9.883567
-1.2559733,10.922795,-0.6634823,-0.23762658,-0.8741482,-0.19364429,339.3906,-100.08142,-9.963038
-1.0157743,10.345393,-0.959112,-0.2125811,-0.8170323,-0.22632557,339.5086,-100.12689,-10.026832
-0.75581425,9.736823,-1.2801092,-0.15241088,-0.63713247,-0.24862215,339.60443,-100.19702,-10.110467
-0.48971057,9.315493,-1.6216089,-0.090713486,-0.39003745,-0.2556471,339.6624,-100.272575,-10.196525
-0.19208865,8.853174,-2.0020745,-0.009162978,-0.113926366,-0.2406809,339.6635,-100.32765,-10.250241
-0.009503139,8.744493,-2.2063963,0.07391469,0.19058995,-0.20311269,339.5838,-100.37961,-10.296768
0.16177437,8.642542,-2.398064,0.14446963,0.44776422,-0.16523905,339.4425,-100.39704,-10.294844
0.1706376,8.775312,-2.3773255,0.20311269,0.6078109,-0.14874569,339.24124,-100.41423,-10.286077
0.13167189,8.975011,-2.2945235,0.22693644,0.63438356,-0.14385876,339.00497,-100.427666,-10.268072
0.17598711,9.10287,-2.053522,0.25717425,0.63804877,-0.15393804,338.73163,-100.42022,-10.212807
0.23854706,9.213552,-1.7792208,0.2678644,0.569021,-0.17348573,338.47278,-100.41917,-10.158615
0.3782761,9.479519,-1.4526817,0.29046643,0.47494772,-0.18661933,338.22052,-100.42433,-10.106935
0.54883385,9.806015,-1.0823277,0.3231477,0.38087448,-0.1957823,337.9893,-100.43953,-10.060116
0.5614407,10.006906,-0.9405803,0.34208453,0.31856623,-0.19333886,337.77554,-100.43303,-10.001392
0.52520937,10.219117,-0.8370623,0.3680463,0.24709499,-0.1386664,337.59338,-100.420555,-9.931842
0.3848511,10.180344,-0.82064337,0.3885103,0.18661933,-0.12614368,337.4297,-100.361694,-9.834377
0.17171957,10.041809,-0.83129996,0.4156938,0.13072516,-0.12583824,337.28662,-100.296646,-9.727248
0.018919189,9.989702,-0.8216666,0.464563,0.13469578,-0.124311075,337.14404,-100.22892,-9.619169
-0.24661043,9.925975,-0.7951136,0.47311515,0.1740966,-0.121256754,337.00778,-100.16192,-9.512584
-0.5068261,9.905365,-0.779405,0.4877759,0.2003638,-0.13347405,336.86987,-100.14707,-9.4534855
-0.7652632,9.910064,-0.77000725,0.52839845,0.24709499,-0.13683382,336.71548,-100.134155,-9.390638
-1.0143206,9.951203,-0.7297365,0.56596667,0.30268374,-0.1386664,336.5491,-100.17039,-9.379332
-1.261016,10.018924,-0.6668534,0.57543504,0.35308012,-0.15882497,336.37137,-100.21378,-9.373101
-1.4425794,10.075405,-0.5749744,0.58459806,0.41233405,-0.17104226,336.17224,-100.30698,-9.416009
-1.5883507,10.1271305,-0.45741695,0.5900958,0.44990227,-0.18203785,335.96613,-100.4044,-9.462277
-1.6992298,10.188552,-0.3093836,0.5815437,0.48502702,-0.1685988,335.74207,-100.53398,-9.549836
-1.7845542,10.26321,-0.12273639,0.56016344,0.4859433,-0.15974127,335.51913,-100.66382,-9.639213
-1.8213848,10.303679,0.030730108,0.54641896,0.4831944,-0.13561209,335.28244,-100.80185,-9.74867
-1.8438814,10.339674,0.2242001,0.5305365,0.47800204,-0.1160644,335.0492,-100.93243,-9.8538065
-1.8341651,10.371234,0.36302304,0.5006041,0.43371433,-0.10903945,334.8279,-101.053314,-9.969822
-1.7679467,10.396703,0.41396025,0.47769663,0.3726278,-0.11209377,334.61624,-101.16747,-10.080408
-1.694128,10.405369,0.41974097,0.43585235,0.34025195,-0.1282817,334.4099,-101.26312,-10.197109
-1.6137252,10.39591,0.37717476,0.376293,0.32589662,-0.12736541,334.2191,-101.348015,-10.307416
-1.5748035,10.376111,0.30595985,0.30451632,0.32650748,-0.10567969,334.03732,-101.40746,-10.399759
-1.5842415,10.343078,0.19742148,0.23945917,0.33383787,-0.08093964,333.86002,-101.45856,-10.488231
-1.6347123,10.306937,0.11721437,0.16707164,0.34574974,-0.063224554,333.68283,-101.48512,-10.554031
-1.7496341,10.263841,0.07411873,0.110872045,0.34422258,-0.043676864,333.5097,-101.499146,-10.610361
-1.8560268,10.217733,0.036291555,0.070249505,0.31795537,-0.03634648,333.34106,-101.51602,-10.665448
-1.9624959,10.159659,0.00241502,0.05100725,0.26633725,-0.040011674,333.18192,-101.52714,-10.717061
-2.0468483,10.121179,-0.041742507,0.037873644,0.21074851,-0.046120327,333.0291,-101.560295,-10.790672
-2.1030645,10.116068,-0.11840115,0.04642576,0.16035213,-0.069027774,332.89078,-101.599236,-10.869042
-2.11273,10.096236,-0.18088304,0.057726767,0.13897185,-0.07666359,332.76093,-101.658424,-10.965895
-2.0216784,10.029145,-0.25276592,0.06688975,0.1337795,-0.09285152,332.64163,-101.72625,-11.069857
-1.9152876,9.97157,-0.30112714,0.071776666,0.17012598,-0.112399206,332.5117,-101.81278,-11.18514
-1.748727,9.939183,-0.2779937,0.07391469,0.20280726,-0.13836098,332.38522,-101.90479,-11.304274
-1.5678227,9.915281,-0.25528732,0.086132,0.22937989,-0.14966199,332.2519,-101.98733,-11.405577
-1.3175666,9.935302,-0.23526682,0.10934488,0.23609942,-0.15088372,332.11597,-102.07379,-11.508789
-1.0698119,9.946892,-0.21799292,0.14569137,0.23732115,-0.14660765,331.9702,-102.13204,-11.579672
-0.82707745,9.933152,-0.20883313,0.15851954,0.22968534,-0.12889257,331.82678,-102.18566,-11.645384
-0.598275,9.912491,-0.20777273,0.17104226,0.22235495,-0.118507855,331.68195,-102.19635,-11.6638155
-0.43355694,9.850721,-0.2530702,0.17562376,0.17715092,-0.1020145,331.55197,-102.20045,-11.675638
-0.26907077,9.789039,-0.2983039,0.16798794,0.14080444,-0.08155051,331.4205,-102.15372,-11.634538
-0.16628294,9.716972,-0.39178458,0.13775012,0.10323623,-0.062308256,331.30368,-102.10181,-11.590354
-0.08193919,9.646686,-0.49018562,0.096516706,0.060170226,-0.03848451,331.20026,-102.04212,-11.540314
-0.06276649,9.617184,-0.6058074,0.036957346,0.022602014,-0.02443461,331.10452,-101.94704,-11.454637
-0.058183566,9.598852,-0.71121466,0.0021380284,-0.0027488936,-0.0027488936,331.01868,-101.84342,-11.361844
-0.16862261,9.566708,-0.9150571,-0.052839845,-0.03145956,0.010995574,330.943,-101.7255,-11.255395
-0.2270584,9.551331,-1.0134753,-0.105374254,-0.029932396,0.0076358155,330.86612,-101.6056,-11.149239
-0.2920452,9.574389,-1.1658577,-0.116675265,-0.023823744,0.002443461,330.79617,-101.48866,-11.041452
-0.3512839,9.604009,-1.3139545,-0.10842858,0.0106901415,-0.004581489,330.71753,-101.372505,-10.936394
-0.41895095,9.689791,-1.395458,-0.08124508,0.04520403,-0.013744468,330.6354,-101.28661,-10.8530445
-0.49245808,9.810553,-1.4374621,-0.061086524,0.087964594,-0.008246681,330.54132,-101.2001,-10.768191
-0.5467729,9.899529,-1.3463105,-0.028710667,0.11178834,-0.013439035,330.44208,-101.14342,-10.701924
-0.59497154,9.9784,-1.2236232,-0.00580322,0.13805555,-0.0036651916,330.3307,-101.08307,-10.630227
-0.6223056,10.021848,-1.1497774,0.018020526,0.15668693,0.015271631,330.21106,-101.03729,-10.568277
-0.63752055,10.04467,-1.1041327,0.03848451,0.16737708,0.038179077,330.08728,-100.990395,-10.50311
-0.652166,10.066638,-1.0601962,0.053450707,0.1459968,0.062002823,329.96902,-100.9402,-10.441054
-0.66684115,10.088651,-1.0161706,0.071776666,0.13316862,0.07574729,329.84637,-100.88952,-10.376111
-0.82020676,10.041604,-1.0326425,0.07696902,0.119729586,0.08399397,329.73157,-100.83497,-10.307257
-1.0158786,9.973237,-1.0680048,0.077579886,0.1001819,0.10293079,329.62363,-100.77614,-10.232996
-1.2121007,9.904677,-1.1034666,0.06841691,0.076052725,0.103847094,329.52075,-100.719765,-10.167253
-1.4101708,9.835472,-1.1392624,0.07880162,0.055283304,0.10873401,329.42377,-100.66016,-10.096533
-1.5770848,9.795894,-1.176328,0.081855945,0.03634648,0.11453723,329.33398,-100.59972,-10.026963
-1.7307937,9.767946,-1.2135907,0.08857546,0.02565634,0.106595986,329.24832,-100.544136,-9.961433
-1.8674091,9.746007,-1.2066928,0.08582657,0.01985312,0.106901415,329.16663,-100.56873,-9.975395
-1.9974123,9.7267475,-1.1778033,0.08002335,0.01863139,0.094989546,329.08722,-100.59853,-9.994854
-2.0845582,9.729399,-1.1624107,0.070554934,0.028405234,0.07452556,329.00668,-100.66218,-10.048004
-2.1529908,9.743085,-1.1532863,0.06291912,0.047647487,0.060170226,328.9246,-100.72572,-10.101614
-2.1669657,9.740916,-1.0968202,0.051923547,0.054367006,0.04550946,328.84122,-100.816414,-10.187269
-2.1378574,9.726362,-1.0046438,0.04520403,0.069027774,0.034513887,328.75085,-100.907715,-10.273681
-2.0857542,9.665771,-0.9355956,0.030848695,0.052839845,0.028710667,328.66473,-101.010994,-10.375089
-2.0177631,9.573497,-0.8821741,0.020158553,0.02076942,0.028099801,328.5802,-101.11322,-10.475935
-1.9344258,9.551579,-0.85144895,0.025045475,0.0018325958,0.011911872,328.49573,-101.20966,-10.576773
-1.8398728,9.573069,-0.8342575,0.025045475,-0.02076942,0.011911872,328.42307,-101.29847,-10.671672
-1.7639201,9.597961,-0.82939404,0.028405234,-0.0421497,0.015577064,328.35626,-101.37759,-10.758868
-1.7188674,9.627996,-0.8444116,0.025045475,-0.08368854,0.019242255,328.3028,-101.45448,-10.844962
-1.6616725,9.66167,-0.87461734,0.013744468,-0.11026118,0.014049901,328.2522,-101.509,-10.909316
-1.5887483,9.7005625,-0.92323345,0.016798794,-0.12217305,0.0125227375,328.2101,-101.56149,-10.970736
-1.5281949,9.729758,-0.9806508,0.011911872,-0.15515977,0.015577064,328.18253,-101.602936,-11.022253
-1.4808273,9.748705,-1.0469654,0.014660766,-0.1826487,0.0290161,328.1573,-101.64206,-11.070232
-1.4381002,9.754373,-1.0953599,0.022602014,-0.19883664,0.040011674,328.13736,-101.66814,-11.101652
-1.394675,9.743517,-1.1279289,0.03390302,-0.22937989,0.04886922,328.1299,-101.69117,-11.129971
-1.3561473,9.731281,-1.1667187,0.04428773,-0.23640485,0.053145275,328.12076,-101.70659,-11.145595
-1.3044382,9.712478,-1.2278295,0.04428773,-0.24465153,0.056199603,328.1209,-101.719765,-11.159391
-1.2520932,9.697701,-1.2911661,0.058948494,-0.25870144,0.05955936,328.12268,-101.72907,-11.165018
-1.1979743,9.688682,-1.3588146,0.065973446,-0.24831672,0.062002823,328.11966,-101.737045,-11.169714
-1.1492137,9.671374,-1.4185679,0.07727446,-0.22815818,0.06261369,328.11813,-101.74063,-11.164489
-1.1077173,9.624691,-1.4652513,0.07727446,-0.20647246,0.06566802,328.1131,-101.74263,-11.157877
-1.0647037,9.5942135,-1.5079622,0.07086037,-0.18600847,0.06994407,328.1013,-101.73912,-11.140414
-1.0204456,9.5897875,-1.5433687,0.05589417,-0.15699236,0.06627888,328.08063,-101.73651,-11.124243
-0.9930359,9.587403,-1.5726347,0.03970624,-0.12767084,0.07574729,328.05304,-101.72637,-11.097483
-1.0249753,9.592317,-1.5824622,0.02443461,-0.095294975,0.07086037,328.016,-101.72025,-11.075784
-1.0560122,9.597092,-1.592012,0.0009162979,-0.090713486,0.076358154,327.97925,-101.70056,-11.039837
-1.0873499,9.6019125,-1.6016544,-0.009773844,-0.090713486,0.07696902,327.93454,-101.683846,-11.006815
-1.1191553,9.611426,-1.6159713,-0.016187929,-0.0852157,0.06811147,327.88577,-101.66728,-10.975435
-1.1564322,9.638053,-1.6479228,-0.018020526,-0.07849618,0.05375614,327.83682,-101.65198,-10.946049
-1.187706,9.654397,-1.6663644,-0.022907447,-0.06169739,0.050701816,327.78357,-101.64794,-10.927954
-1.2352206,9.659148,-1.6663644,-0.014660766,-0.05375614,0.0421497,327.7309,-101.65052,-10.915863
-1.2827066,9.6638975,-1.6663644,-0.004581489,-0.04795292,0.04062254,327.67435,-101.659004,-10.908267
-1.3298895,9.668615,-1.6663644,0.017715093,-0.026267206,0.032375857,327.61105,-101.67362,-10.904669
-1.3744485,9.675057,-1.6613992,0.02565634,-0.009162978,0.025961773,327.5511,-101.68638,-10.899801
-1.4036726,9.68967,-1.6321752,0.039095376,-0.0067195175,0.014049901,327.48938,-101.70557,-10.898801
-1.4250637,9.707887,-1.5995005,0.062002823,0.0012217305,0.009162978,327.42117,-101.743774,-10.916006
-1.4155998,9.741011,-1.5521816,0.06719518,0.003970624,0.005192355,327.35425,-101.78384,-10.936023
-1.4052163,9.765769,-1.507987,0.08032878,0.00030543262,0.004581489,327.28857,-101.82918,-10.960729
-1.3908597,9.751412,-1.4792738,0.07544186,-0.01863139,0.01038471,327.2274,-101.87171,-10.984505
-1.3782907,9.743461,-1.457983,0.0711658,-0.04153884,0.006414085,327.16913,-101.91106,-11.00777
-1.3735747,9.76704,-1.4721308,0.07269296,-0.064446285,0.009773844,327.1174,-101.94634,-11.027302
-1.3688201,9.790813,-1.4863948,0.07971791,-0.08277224,0.018325957,327.07132,-101.97691,-11.044662
-1.3639466,9.815182,-1.5010155,0.0888809,-0.07941248,0.029321533,327.0263,-102.00576,-11.060022
-1.3668416,9.834391,-1.5111539,0.0720821,-0.08368854,0.03390302,326.98825,-102.031624,-11.074896
-1.4324425,9.825019,-1.4924109,0.07269296,-0.08002335,0.03023783,326.9475,-102.05921,-11.088475
-1.4984037,9.81549,-1.4707749,0.06291912,-0.08002335,0.035430185,326.90994,-102.078156,-11.094645
-1.554733,9.806102,-1.4191396,0.05467244,-0.05009095,0.04428773,326.86307,-102.09694,-11.099857
-1.6110379,9.794228,-1.3641475,0.047036625,-0.047647487,0.0421497,326.8245,-102.12697,-11.120678
-1.6377039,9.758673,-1.2974826,0.04550946,-0.03940081,0.04337143,326.77637,-102.15296,-11.136794
-1.6643107,9.723197,-1.2309656,0.027488936,-0.03481932,0.032375857,326.7342,-102.18433,-11.166759
-1.6747302,9.699545,-1.1714537,0.01985312,-0.028099801,0.029626964,326.6898,-102.21355,-11.193193
-1.6837988,9.676873,-1.1125075,0.017715093,-0.01863139,0.030543262,326.64362,-102.24258,-11.220909
-1.6210839,9.692101,-1.0779022,0.013133603,-0.024129177,0.014660766,326.6,-102.27649,-11.26105
-1.5424756,9.715921,-1.0493174,-0.01740966,-0.016493361,0.015882496,326.5509,-102.3018,-11.294681
-1.4622501,9.7402315,-1.0201445,-0.029321533,-0.03756821,0.01282817,326.5118,-102.331604,-11.337067
-1.3831978,9.764187,-0.99139816,-0.051618114,-0.058337633,0.016493361,326.4712,-102.35417,-11.376015
-1.2621021,9.827999,-0.98243403,-0.06658431,-0.09712757,0.027794369,326.4465,-102.37306,-11.412373
-1.13341,9.899495,-0.9776676,-0.08674286,-0.1337795,0.03481932,326.42755,-102.388756,-11.448418
-1.0835042,9.959954,-0.98025995,-0.08827003,-0.17470746,0.047036625,326.42123,-102.36567,-11.447703
-1.041695,10.03312,-0.9854861,-0.0870483,-0.24190263,0.06047566,326.4333,-102.33909,-11.445917
-1.0578331,10.034301,-1.0075953,-0.07238753,-0.24953845,0.06291912,326.44263,-102.28598,-11.414312
-1.1085427,10.008946,-1.053234,-0.06627888,-0.25473082,0.07544186,326.47073,-102.22712,-11.378059
-1.1601281,9.97632,-1.0917346,-0.07269296,-0.24709499,0.08032878,326.49622,-102.16179,-11.333961
-1.2135329,9.937481,-1.1257194,-0.07513642,-0.21930063,0.08277224,326.51688,-102.096275,-11.287536
-1.2555887,9.898508,-1.1338742,-0.061391957,-0.18906279,0.08002335,326.53305,-102.04617,-11.252153
-1.2896286,9.859605,-1.1241485,-0.07269296,-0.15668693,0.07941248,326.5401,-101.99319,-11.215508
-1.2939767,9.828019,-1.1317786,-0.076358154,-0.1282817,0.07574729,326.53934,-101.95824,-11.192082
-1.2797192,9.799504,-1.1507883,-0.087659165,-0.1151481,0.065973446,326.5332,-101.92394,-11.170652
-1.2566819,9.773302,-1.1843437,-0.09040806,-0.11026118,0.055588737,326.52347,-101.89827,-11.157759
-1.2280241,9.749421,-1.2273306,-0.0842994,-0.100792766,0.058643065,326.50858,-101.871895,-11.143635
-1.2134393,9.725537,-1.2759521,-0.08399397,-0.10293079,0.05681047,326.49524,-101.84902,-11.132413
-1.2086467,9.701573,-1.3286716,-0.081855945,-0.10842858,0.05681047,326.48026,-101.82606,-11.119855
-1.2039423,9.678052,-1.3804194,-0.07788532,-0.113926366,0.05955936,326.4657,-101.80193,-11.10262
-1.1991857,9.654269,-1.4327418,-0.06352998,-0.100792766,0.04795292,326.44705,-101.783325,-11.089507
-1.185106,9.641179,-1.4503436,-0.06566802,-0.09101892,0.053450707,326.43134,-101.75858,-11.071194
-1.1637049,9.636423,-1.440832,-0.054061573,-0.077579886,0.046731193,326.4103,-101.7433,-11.059579
-1.142699,9.631756,-1.431496,-0.06719518,-0.0711658,0.043066,326.39246,-101.72876,-11.04424
-1.1213615,9.627014,-1.4220128,-0.053450707,-0.06536258,0.03970624,326.37082,-101.71985,-11.03072
-1.0944338,9.61763,-1.4150138,-0.044593163,-0.07238753,0.032986723,326.351,-101.7113,-11.019569
-1.0620168,9.603737,-1.4103826,-0.043676864,-0.06658431,0.046120327,326.3263,-101.69903,-11.003538
-1.0316377,9.589844,-1.3996342,-0.055588737,-0.06658431,0.03573562,326.3055,-101.68547,-10.988124
-1.0033579,9.575704,-1.3807812,-0.067500606,-0.065973446,0.040011674,326.28354,-101.66484,-10.965015
-0.9697472,9.572784,-1.354671,-0.0693332,-0.06811147,0.03481932,326.2619,-101.64381,-10.942047
-0.9253218,9.587593,-1.3151819,-0.07544186,-0.059864793,0.03848451,326.23743,-101.61807,-10.915528
-0.90224296,9.612145,-1.2706151,-0.06658431,-0.05467244,0.041233405,326.21436,-101.58972,-10.886231
-0.90705574,9.650648,-1.2176743,-0.063224554,-0.05681047,0.037873644,326.19104,-101.56139,-10.858102
-0.9062469,9.684999,-1.1821995,-0.064751714,-0.052534413,0.038789943,326.16382,-101.521355,-10.819628
-0.8967246,9.7183275,-1.1679159,-0.05681047,-0.04520403,0.04550946,326.13644,-101.48256,-10.781055
-0.89387566,9.744462,-1.1604099,-0.06566802,-0.04642576,0.037873644,326.11026,-101.44217,-10.746569
-0.90323657,9.758503,-1.1650904,-0.04062254,-0.042760566,0.043066,326.081,-101.40132,-10.706885
-0.9149918,9.770941,-1.1696693,-0.041233405,-0.03023783,0.03756821,326.05136,-101.35811,-10.669576
-0.93354946,9.78022,-1.1743087,-0.033292156,-0.025045475,0.040927973,326.02313,-101.315155,-10.629028
-0.95088565,9.784715,-1.1770201,-0.019547688,-0.027794369,0.038179077,325.9922,-101.278854,-10.594794
-0.9655497,9.770051,-1.172132,-0.008552114,-0.029321533,0.043982297,325.95978,-101.2405,-10.557652
-0.9752218,9.759841,-1.1694455,-0.0076358155,-0.05222898,0.051923547,325.93646,-101.20581,-10.523974
-0.9679705,9.764675,-1.1742797,-0.002443461,-0.047647487,0.058337633,325.90588,-101.172035,-10.489167
-0.9608208,9.769442,-1.1790462,-0.0018325958,-0.06658431,0.051618114,325.88895,-101.142746,-10.460607
-0.9537326,9.774167,-1.1837716,-0.005497787,-0.06688975,0.058643065,325.8658,-101.10868,-10.426401
-0.9544295,9.772649,-1.1864698,-0.006414085,-0.08674286,0.059253927,325.8536,-101.07921,-10.397666
-0.991899,9.741424,-1.1802249,-0.004886922,-0.10323623,0.064446285,325.84082,-101.04705,-10.366091
-1.0091212,9.72648,-1.176169,-0.0061086523,-0.1001819,0.06780604,325.83075,-101.01201,-10.331417
-1.0279781,9.707623,-1.1667405,-0.009468411,-0.098043874,0.06688975,325.82565,-100.97731,-10.297458
-1.0411977,9.692397,-1.1547822,-0.013133603,-0.09193522,0.06505715,325.81985,-100.94825,-10.270093
-1.0220841,9.697175,-1.126112,-0.010995574,-0.095294975,0.06078109,325.81604,-100.920876,-10.244316
-1.0068595,9.706485,-1.0987432,-0.01740966,-0.10995574,0.05589417,325.81506,-100.896515,-10.223576
-1.0164875,9.744996,-1.0794873,-0.014660766,-0.11881329,0.044898596,325.81308,-100.87648,-10.206116
-1.0269245,9.779023,-1.0657833,-0.0030543262,-0.12217305,0.04428773,325.81366,-100.85003,-10.183707
-1.0456036,9.7883625,-1.0891322,-0.0033597588,-0.12736541,0.046731193,325.817,-100.82526,-10.1640835
-1.0646398,9.79788,-1.1129273,-0.005192355,-0.118202426,0.033292156,325.8167,-100.80544,-10.149866
-1.0832062,9.807164,-1.1361353,-0.0027488936,-0.12095132,0.03481932,325.82153,-100.781784,-10.131313
-1.1031384,9.8158655,-1.1580714,0.0033597588,-0.09682214,0.032070424,325.81622,-100.76267,-10.116108
-1.1255115,9.811391,-1.1491221,-0.009468411,-0.07238753,0.02076942,325.8113,-100.744225,-10.103218
-1.1484686,9.806837,-1.1392659,-0.006414085,-0.057421334,0.019547688,325.80408,-100.73543,-10.095122
-1.131898,9.81098,-1.1309806,-0.0033597588,-0.046731193,0.021991149,325.7909,-100.72757,-10.088929
-1.1140342,9.815446,-1.1220487,0.0036651916,-0.04642576,0.02687807,325.7768,-100.72408,-10.087123
-1.0864503,9.828457,-1.0960271,-0.008552114,-0.043676864,0.021380283,325.75888,-100.7212,-10.087342
-1.0581641,9.842599,-1.0677409,-0.010995574,-0.05131268,0.027794369,325.7444,-100.71545,-10.082965
-1.0058995,9.857361,-1.0547562,-0.020158553,-0.06658431,0.031154128,325.73114,-100.705894,-10.077259
-0.9489416,9.87222,-1.0448503,-0.026572637,-0.0720821,0.03145956,325.7174,-100.695625,-10.070642
-0.89368105,9.886636,-1.0352398,-0.02107485,-0.089491755,0.030848695,325.7143,-100.676674,-10.057441
-0.8382069,9.901107,-1.0255922,-0.022602014,-0.096516706,0.034208454,325.70984,-100.65566,-10.043158
-0.81602067,9.880966,-1.0590414,-0.03176499,-0.11178834,0.03604105,325.71268,-100.6354,-10.03017
-0.79800564,9.858447,-1.0950716,-0.01740966,-0.11636983,0.038179077,325.71442,-100.61662,-10.016314
-0.7988487,9.822744,-1.1053065,-0.01160644,-0.12034045,0.03970624,325.72247,-100.572365,-9.978981
-0.80355716,9.785077,-1.110015,-0.007330383,-0.112399206,0.041233405,325.72818,-100.529594,-9.941642
-0.8245197,9.749825,-1.1309775,-0.015271631,-0.106901415,0.044898596,325.73517,-100.485916,-9.90133
-0.848113,9.716794,-1.1545708,-0.0106901415,-0.106901415,0.046120327,325.7412,-100.444885,-9.862026
-0.89440167,9.691761,-1.1779145,-0.013133603,-0.09162979,0.04153884,325.74228,-100.40586,-9.825321
-0.94543153,9.668566,-1.2011099,-0.015271631,-0.08399397,0.03359759,325.74527,-100.36862,-9.790065
-0.9594628,9.679037,-1.2031134,-0.021685716,-0.076052725,0.040011674,325.74402,-100.33589,-9.758076
-0.96188015,9.700793,-1.1982788,-0.032986723,-0.067500606,0.03359759,325.73996,-100.30863,-9.732382
-0.96433145,9.722855,-1.1933762,-0.044593163,-0.06414085,0.032070424,325.73578,-100.29022,-9.714792
-0.9667362,9.744497,-1.1885667,-0.043982297,-0.058337633,0.026572637,325.72824,-100.27502,-9.700269
-0.94492143,9.767802,-1.165188,-0.040927973,-0.04520403,0.022602014,325.71756,-100.259254,-9.685839
-0.9163021,9.791652,-1.1365687,-0.052839845,-0.040927973,0.02076942,325.7077,-100.24331,-9.672631
-0.8834666,9.804596,-1.1074946,-0.054061573,-0.034513887,0.015882496,325.69714,-100.22828,-9.659924
-0.85109717,9.813845,-1.0797495,-0.047647487,-0.027488936,0.015271631,325.6852,-100.21246,-9.646633
-0.83582467,9.809293,-1.0448653,-0.028710667,-0.03023783,0.01282817,325.67386,-100.19184,-9.629182
-0.8265319,9.799999,-1.0076941,-0.024129177,-0.03268129,0.015882496,325.6605,-100.16955,-9.610499
-0.8192981,9.788459,-0.9916806,-0.021991149,-0.046120327,0.013744468,325.65286,-100.14242,-9.587686
-0.8153836,9.78063,-0.9877662,-0.025045475,-0.06811147,0.02321288,325.64865,-100.11177,-9.561294
-0.84873986,9.784862,-1.0315359,-0.03726278,-0.076052725,0.02443461,325.64532,-100.07938,-9.536066
-0.89568335,9.7942505,-1.0925623,-0.027183503,-0.06536258,0.017104227,325.64282,-100.04915,-9.511106
-0.926196,9.800353,-1.1371486,-0.03145956,-0.065973446,0.02687807,325.64655,-100.01151,-9.481694
-0.9496657,9.805047,-1.1747001,-0.04428773,-0.058948494,0.032070424,325.64456,-99.977844,-9.455802
-0.9703877,9.81618,-1.2256452,-0.048563786,-0.06261369,0.028710667,325.646,-99.95728,-9.439272
-0.98910064,9.830215,-1.281784,-0.051923547,-0.04520403,0.025350908,325.63922,-99.93466,-9.421131
-0.9718189,9.850487,-1.2752557,-0.062308256,-0.043676864,0.02321288,325.63837,-99.91823,-9.408013
-0.9336967,9.874313,-1.2323681,-0.06872234,-0.04337143,0.01985312,325.6327,-99.90338,-9.3961935
-0.9164466,9.877411,-1.1957667,-0.0711658,-0.028405234,0.024129177,325.62286,-99.89295,-9.385542
-0.9116226,9.867763,-1.1619982,-0.07391469,-0.0290161,0.02321288,325.6173,-99.884415,-9.37775
-0.9040188,9.849667,-1.1232166,-0.06688975,-0.03604105,0.021991149,325.6091,-99.86511,-9.360686
-0.894653,9.826252,-1.0810703,-0.06352998,-0.042760566,0.03023783,325.6011,-99.84329,-9.341509
-0.8797146,9.818959,-1.0575614,-0.06352998,-0.040011674,0.028710667,325.5939,-99.8221,-9.3248205
-0.8603938,9.82379,-1.047901,-0.06383542,-0.04550946,0.03634648,325.59125,-99.79688,-9.303747
-0.8659924,9.820341,-1.052066,-0.056505036,-0.04153884,0.03848451,325.5834,-99.771736,-9.284247
-0.8888679,9.811191,-1.0657912,-0.059864793,-0.047036625,0.041233405,325.57993,-99.743866,-9.262956
-0.92988074,9.801706,-1.0923764,-0.0571159,-0.056199603,0.045814894,325.5761,-99.71233,-9.237036
-0.9872388,9.792148,-1.130615,-0.06261369,-0.056505036,0.05222898,325.5713,-99.6791,-9.210176
-1.0198581,9.789855,-1.1680833,-0.058337633,-0.049480084,0.05131268,325.56952,-99.652985,-9.188657
-1.0293331,9.794593,-1.2059832,-0.06078109,-0.040317107,0.04550946,325.5671,-99.62592,-9.167071
-1.0388384,9.799345,-1.2440042,-0.076052725,-0.021685716,0.040011674,325.5605,-99.61214,-9.157458
-1.0482925,9.804072,-1.2818207,-0.06352998,-0.01985312,0.037873644,325.556,-99.60143,-9.148791
-1.046965,9.817456,-1.3067683,-0.0693332,-0.019547688,0.03573562,325.5473,-99.588974,-9.14084
-1.0326813,9.841262,-1.3162907,-0.06963864,-0.021991149,0.03970624,325.53894,-99.57718,-9.131869
-1.0161682,9.853465,-1.3151869,-0.076052725,-0.01985312,0.03634648,325.52887,-99.57494,-9.1293
-0.9975213,9.851134,-1.3012016,-0.081855945,-0.019242255,0.043066,325.52023,-99.56895,-9.122835
-0.97835636,9.848739,-1.2868279,-0.07971791,-0.023518313,0.03176499,325.51254,-99.56549,-9.118244
-0.95954686,9.846388,-1.2727208,-0.07666359,-0.015882496,0.03756821,325.50168,-99.555275,-9.1068535
-0.944634,9.839752,-1.2467893,-0.08827003,-0.02565634,0.03726278,325.4969,-99.548836,-9.100885
-0.9356121,9.82622,-1.2016796,-0.087659165,-0.027183503,0.036651913,325.4877,-99.54233,-9.093264
-0.9224413,9.812322,-1.1462401,-0.08979719,-0.043676864,0.038789943,325.48688,-99.52496,-9.077843
-0.89731604,9.797247,-1.0608143,-0.0870483,-0.051923547,0.035430185,325.48404,-99.510025,-9.06433
-0.8905447,9.7717,-0.9992457,-0.083383106,-0.053450707,0.040011674,325.4862,-99.487564,-9.045978
-0.9183301,9.72539,-0.9807221,-0.08399397,-0.06566802,0.04062254,325.4936,-99.46736,-9.030258
-0.94614226,9.695537,-0.9659883,-0.087964594,-0.070554934,0.037873644,325.49762,-99.43881,-9.010035
-0.97412866,9.70953,-0.9613239,-0.08399397,-0.053450707,0.034513887,325.49857,-99.41147,-8.990013
-0.993749,9.7249365,-0.9599196,-0.08674286,-0.037873644,0.03756821,325.50186,-99.388405,-8.976095
-0.9838014,9.744832,-0.9698672,-0.08735373,-0.014966198,0.03145956,325.49774,-99.36971,-8.965609
-0.95788217,9.768242,-0.9697272,-0.07391469,0.005497787,0.03573562,325.4912,-99.35279,-8.955772
-0.9373922,9.778487,-0.96204346,-0.061391957,0.004276057,0.03481932,325.48413,-99.33911,-8.949187
-0.90650034,9.793933,-0.950459,-0.061086524,0.023518313,0.027794369,325.46637,-99.32419,-8.940263
-0.86248034,9.804621,-0.9292341,-0.06566802,0.02107485,0.029626964,325.4554,-99.30797,-8.929479
-0.8151488,9.814088,-0.90556836,-0.06352998,0.01863139,0.030543262,325.43887,-99.294685,-8.9207735
-0.75781524,9.809052,-0.9540313,-0.06414085,0.004276057,0.026267206,325.4284,-99.27251,-8.90449
-0.6984111,9.799912,-1.0225745,-0.064446285,-0.017715093,0.02565634,325.421,-99.24966,-8.887272
-0.67092264,9.800083,-1.0709641,-0.06963864,-0.02565634,0.022296581,325.41107,-99.21842,-8.862655
-0.65761155,9.804521,-1.1108972,-0.082161374,-0.026267206,0.028099801,325.40546,-99.18481,-8.836179
-0.6538841,9.798666,-1.127402,-0.08460484,-0.03023783,0.021380283,325.40128,-99.149414,-8.803756
-0.65891623,9.78357,-1.1223699,-0.105068825,-0.016187929,0.025961773,325.39218,-99.10765,-8.766851
-0.642845,9.786898,-1.117494,-0.115453534,-0.003970624,0.03390302,325.38416,-99.06774,-8.729038
-0.6141231,9.801258,-1.112707,-0.11209377,0.002443461,0.032986723,325.37363,-99.029205,-8.69299
-0.59754276,9.800854,-1.0877253,-0.11636983,-0.0018325958,0.036957346,325.36295,-98.9875,-8.655171
-0.58820844,9.79152,-1.0503879,-0.12675454,-0.002443461,0.03604105,325.34933,-98.9479,-8.619516
-0.589256,9.784962,-1.0190829,-0.124005646,-0.004276057,0.047647487,325.33694,-98.899155,-8.574001
-0.59810525,9.780537,-0.99253505,-0.116675265,-0.00580322,0.052839845,325.32455,-98.852806,-8.531318
-0.6323578,9.783724,-0.99231106,-0.11911872,-0.010079277,0.052839845,325.31274,-98.802,-8.486573
-0.7085723,9.798966,-1.0329589,-0.112704635,-0.013744468,0.061086524,325.30127,-98.74963,-8.438789
-0.7946511,9.804267,-1.0891939,-0.1160644,-0.016798794,0.058643065,325.291,-98.70055,-8.396639
-0.8890953,9.799544,-1.160027,-0.10170906,0.004886922,0.051618114,325.27454,-98.65319,-8.353984
-0.9576009,9.799192,-1.2161747,-0.092240654,0.033292156,0.055283304,325.25815,-98.618805,-8.323155
-0.9978219,9.803661,-1.2563957,-0.07941248,0.06536258,0.046120327,325.23422,-98.59177,-8.298182
-1.0322217,9.802148,-1.2922962,-0.056505036,0.10323623,0.036957346,325.20074,-98.588005,-8.291566
-1.0555756,9.788136,-1.3203208,-0.06688975,0.12461651,0.022602014,325.16293,-98.58672,-8.288959
-1.0699134,9.76582,-1.3326861,-0.057421334,0.13133603,0.014966198,325.12045,-98.599464,-8.295425
-1.0604179,9.72309,-1.3041992,-0.043066,0.13103059,0.017104227,325.07434,-98.61277,-8.302813
-1.0522729,9.688201,-1.2809402,-0.028405234,0.1282817,0.008857546,325.02777,-98.637856,-8.320118
-1.0475206,9.673944,-1.2714357,-0.029932396,0.10354166,0.008552114,324.98837,-98.65956,-8.334417
-1.0427017,9.659488,-1.261798,-0.030848695,0.09010262,0.013133603,324.9481,-98.68039,-8.348065
-1.0379533,9.645243,-1.2523012,-0.040927973,0.06078109,0.014966198,324.92,-98.700775,-8.362703
-1.03701,9.635897,-1.244442,-0.044898596,0.049480084,0.007330383,324.891,-98.7225,-8.378361
-1.0488658,9.64301,-1.2420708,-0.04886922,0.053450707,0.005192355,324.86642,-98.741035,-8.391786
-1.0604748,9.649976,-1.239749,-0.049785517,0.05222898,0.010995574,324.84763,-98.75709,-8.404223
-1.072279,9.657058,-1.2373881,-0.050396383,0.053450707,0.016493361,324.8272,-98.773155,-8.41698
6.952983,-2.643088,6.2009273,-0.028099801,0.0125227375,0.0030543262,39.55583,12.095033,44.773594
6.936258,-2.6514506,6.2051086,-0.03481932,0.008246681,0.007330383,39.530697,12.122057,44.754456
6.9295015,-2.6650956,6.1975574,-0.030543262,0.006414085,0.007941248,39.493504,12.140879,44.73108
6.924782,-2.6792545,6.1881185,-0.034513887,0.0030543262,0.004581489,39.456516,12.162265,44.709858
6.9162483,-2.6698313,6.171051,-0.0290161,0.004886922,0.004886922,39.38388,12.187776,44.67951
6.906907,-2.6558197,6.152369,-0.03970624,0.0027488936,0.007330383,39.312744,12.21636,44.652084
6.891438,-2.6576626,6.1996255,-0.03176499,0.0061086523,0.008246681,39.22253,12.242414,44.617733
6.874156,-2.663947,6.265612,-0.035430185,0.0061086523,0.0070249503,39.13394,12.272149,44.585815
6.856599,-2.6703315,6.3326473,-0.03634648,0.009162978,0.0106901415,39.043613,12.295395,44.549797
6.839355,-2.676602,6.398488,-0.032986723,0.01282817,0.011301007,38.9573,12.316981,44.515053
6.8219337,-2.682937,6.4650054,-0.03573562,0.00580322,0.016493361,38.838886,12.342922,44.476875
6.804363,-2.6893263,6.532094,-0.03023783,0.005497787,0.0070249503,38.73016,12.362876,44.4384
6.845039,-2.6805813,6.309004,-0.03604105,-0.00061086525,0.016798794,38.592793,12.389565,44.396164
6.906943,-2.6662958,5.9804354,-0.03604105,-0.00061086525,0.011301007,38.533066,12.398058,44.37662
6.914345,-2.6591234,5.9381676,-0.034208454,0.00030543262,0.0076358155,38.47054,12.406949,44.356167
6.901783,-2.6549363,6.000977,-0.03940081,-0.0027488936,0.008857546,38.34759,12.430249,44.278606
6.8783765,-2.6648643,6.1276817,-0.040011674,-0.0027488936,0.0070249503,38.174683,12.454395,44.252045
6.8425035,-2.690488,6.3275456,-0.029321533,0.0027488936,0.007330383,38.005356,12.47681,44.225704
6.8681545,-2.6864126,6.2416196,-0.033292156,-0.00030543262,0.008552114,37.815987,12.499641,44.184177
6.933353,-2.6631274,5.971513,-0.025350908,0.00030543262,0.0076358155,37.633766,12.516443,44.14215
6.954459,-2.6580284,5.888199,-0.029321533,0.0021380284,0.009773844,37.43388,12.536929,44.06072
6.9401054,-2.6675975,5.955183,-0.025961773,0.01282817,0.0106901415,37.24259,12.552861,43.980034
6.9388127,-2.6732302,5.959481,-0.030848695,0.004276057,0.017104227,37.029915,12.571164,43.954227
6.948107,-2.6755538,5.9130096,-0.025350908,0.010079277,0.008246681,36.83111,12.582624,43.924465
6.957543,-2.677913,5.8658295,-0.026572637,0.0027488936,0.01282817,36.627525,12.599972,43.88746
6.9671226,-2.6803079,5.817931,-0.027488936,0.0021380284,0.009468411,36.437164,12.611707,43.85037
6.9707713,-2.6780744,5.7882485,-0.025045475,0.007941248,0.01160644,36.248096,12.624049,43.814415
6.9683895,-2.6709282,5.7763386,-0.023823744,0.0009162979,0.009773844,36.065186,12.634388,43.78445
6.9659257,-2.6635377,5.764021,-0.03023783,0.00030543262,0.015577064,35.802956,12.645931,43.74455
6.963613,-2.6565988,5.752456,-0.031154128,-0.0018325958,0.010995574,35.55223,12.652284,43.710556
6.963425,-2.654949,5.7286973,-0.025350908,-0.0018325958,0.01160644,35.42002,12.655693,43.690903
6.965799,-2.6596963,5.6907163,-0.025350908,0.00030543262,0.014966198,35.28638,12.659139,43.67104
6.9681582,-2.664415,5.6529694,-0.032375857,0.0076358155,0.013439035,35.032574,12.665436,43.63413
6.9705,-2.6690984,5.615502,-0.03604105,0.0061086523,0.016187929,34.782757,12.6683035,43.60415
6.9773645,-2.6682963,5.5837727,-0.029321533,0.002443461,0.014966198,34.539757,12.668493,43.57506
6.9914794,-2.6588862,5.5602474,-0.03145956,-0.00030543262,0.01282817,34.303238,12.670487,43.548267
7.0020065,-2.6554978,5.549962,-0.028710667,0.008552114,0.011911872,34.087467,12.669576,43.53347
7.0063353,-2.6641545,5.5658326,-0.030543262,0.009468411,0.0125227375,33.876476,12.668951,43.523254
7.0119004,-2.675285,5.5862384,-0.035430185,0.0106901415,0.014049901,33.671555,12.664106,43.51652
7.0150514,-2.681587,5.597792,-0.03145956,0.012217305,0.0067195175,33.475258,12.655375,43.51165
7.019275,-2.6900349,5.6132803,-0.032070424,0.00580322,0.010995574,33.278385,12.650453,43.50887
7.0236554,-2.6987953,5.6293406,-0.029932396,0.008857546,0.0125227375,33.09153,12.64148,43.505314
7.0279517,-2.7073882,5.6450944,-0.03145956,0.008857546,0.010995574,32.907856,12.632979,43.505493
7.01254,-2.7071753,5.6977634,-0.035430185,0.007330383,0.0036651916,32.730583,12.623085,43.506844
6.9872804,-2.7025826,5.768949,-0.029932396,0.008552114,0.007941248,32.55429,12.613069,43.50773
6.961764,-2.6979432,5.84086,-0.03023783,0.008246681,0.009162978,32.394066,12.60028,43.500534
6.9368224,-2.6934085,5.911149,-0.040927973,0.012217305,0.013133603,32.235607,12.589568,43.49254
6.930118,-2.6923,5.970327,-0.0421497,0.01160644,0.013744468,32.086014,12.5755,43.487648
6.94255,-2.6947865,6.0175686,-0.04184427,0.01038471,0.011911872,31.939482,12.5632925,43.482845
6.954726,-2.6972218,6.063837,-0.03390302,0.016493361,0.008552114,31.805193,12.544031,43.44577
6.9670496,-2.6996863,6.110667,-0.036651913,0.021380283,0.009162978,31.67316,12.527339,43.411083
6.9683495,-2.704225,6.1719437,-0.03573562,0.024129177,0.01038471,31.543034,12.507008,43.376007
6.9641895,-2.7083852,6.221866,-0.043982297,0.02107485,0.013439035,31.415062,12.489703,43.342865
6.9594646,-2.7016146,6.310178,-0.044898596,0.019547688,0.006414085,31.296793,12.465767,43.300373
6.954819,-2.6876786,6.4170213,-0.02687807,0.016187929,0.013133603,31.174591,12.443337,43.259903
6.9527617,-2.6841726,6.4736776,-0.034208454,0.02321288,0.011911872,31.061886,12.425009,43.21213
6.9527617,-2.6887982,6.489867,-0.03390302,0.015882496,0.014049901,30.946684,12.40381,43.170612
6.9527617,-2.6933737,6.505882,-0.03359759,0.014966198,0.0125227375,30.843872,12.376154,43.109898
6.9527617,-2.6981006,6.522426,-0.035430185,0.01863139,0.015882496,30.741405,12.350917,43.052055
6.946486,-2.6964757,6.5209227,-0.029626964,0.01282817,0.0070249503,30.637543,12.322797,42.99983
6.932277,-2.6870034,6.4972415,-0.037873644,0.007330383,0.0076358155,30.53298,12.30108,42.94809
6.9230065,-2.6825309,6.483498,-0.028710667,0.008246681,0.015271631,30.433388,12.27563,42.893314
6.9205947,-2.6849425,6.483498,-0.028710667,0.01282817,0.010995574,30.341114,12.252094,42.84244
6.9182434,-2.687294,6.483498,-0.03481932,0.019242255,0.018325957,30.231491,12.233745,42.792255
6.9158325,-2.689705,6.483498,-0.038179077,0.0125227375,0.0067195175,30.133146,12.210725,42.74868
6.925653,-2.6882832,6.4722996,-0.03848451,0.011301007,0.0021380284,30.034239,12.191624,42.702927
6.941794,-2.684248,6.456159,-0.032986723,0.013133603,0.006414085,29.939169,12.171939,42.660477
6.9507627,-2.679507,6.423202,-0.03604105,0.017715093,0.006414085,29.837776,12.15448,42.617245
6.9460163,-2.6747606,6.3709917,-0.03848451,0.0076358155,0.0015271631,29.73851,12.136032,42.579613
6.9422693,-2.6664355,6.294982,-0.029321533,0.018936822,0.008552114,29.639666,12.117521,42.541927
6.939901,-2.6522233,6.178916,-0.037873644,0.013744468,0.0076358155,29.5456,12.100989,42.51422
6.93756,-2.6381805,6.064233,-0.03970624,0.0143553335,0.014660766,29.445486,12.0848055,42.48831
6.9351726,-2.6238556,5.9472456,-0.0290161,0.016493361,0.009468411,29.352642,12.065448,42.46585
6.930734,-2.6202161,5.861961,-0.038789943,0.016187929,0.012217305,29.256796,12.053857,42.443993
6.921637,-2.6384099,5.8346705,-0.044898596,0.015577064,0.010995574,29.167145,12.037761,42.42368
6.912327,-2.6517117,5.800357,-0.038789943,0.0036651916,0.0061086523,29.069233,12.022681,42.442444
6.902427,-2.646762,5.7409573,-0.032375857,0.008552114,0.0070249503,28.97364,12.00963,42.456654
6.8979554,-2.6405444,5.691564,-0.037873644,0.01038471,0.009468411,28.861996,12.00809,42.479473
6.910072,-2.6284277,5.6612725,-0.035124753,0.007330383,0.0067195175,28.754622,12.002322,42.50272
6.917487,-2.6255612,5.650316,-0.03481932,0.005497787,0.010995574,28.644455,12.00065,42.531437
6.9260936,-2.6298647,5.650316,-0.03268129,0.005192355,0.006414085,28.540892,11.995364,42.56142
6.9356194,-2.6346276,5.650316,-0.02687807,0.0070249503,0.013744468,28.43278,11.990397,42.59518
6.9449873,-2.6393113,5.650316,-0.032070424,0.005497787,0.01282817,28.331345,11.984408,42.63077
6.953531,-2.6462758,5.6480083,-0.033292156,0.002443461,0.0143553335,28.226274,11.980938,42.667294
6.958277,-2.6652615,5.633769,-0.03604105,0.003970624,0.0106901415,28.126158,11.977252,42.703186
6.9630504,-2.6843534,5.61945,-0.0290161,0.0033597588,0.008857546,28.025032,11.973166,42.742546
6.9677587,-2.7031872,5.6053243,-0.024129177,-0.0021380284,0.016187929,27.923668,11.970794,42.782024
6.971354,-2.7181294,5.596222,-0.026267206,-0.0015271631,0.008857546,27.831772,11.960814,42.81772
6.966753,-2.7043264,5.6238284,-0.021685716,-0.008857546,0.0070249503,27.735582,11.950771,42.85583
6.9621673,-2.6909113,5.6527143,-0.026572637,-0.010079277,0.009162978,27.637932,11.950301,42.896294
6.959975,-2.688719,5.6834064,-0.019547688,-0.010995574,0.007330383,27.543526,11.944941,42.938713
6.957655,-2.6863992,5.7158837,-0.025961773,-0.009468411,0.0143553335,27.449232,11.942797,42.975784
6.9553456,-2.6840901,5.7482133,-0.03023783,-0.013133603,0.007330383,27.36203,11.935365,43.01546
6.953063,-2.681807,5.780175,-0.036957346,-0.011911872,0.0067195175,27.272346,11.932138,43.05195
6.9569516,-2.6829026,5.8346725,-0.030848695,-0.013133603,0.004276057,27.18705,11.925124,43.090446
6.9622107,-2.6846557,5.897782,-0.022296581,-0.009468411,0.0106901415,27.10105,11.920353,43.126217
6.9666224,-2.6861262,5.950719,-0.03023783,-0.010079277,0.010995574,27.024544,11.913142,43.1534
6.971458,-2.6877382,6.008748,-0.029932396,-0.008857546,0.013133603,26.96055,11.902701,43.18006
6.976313,-2.6893563,6.0670094,-0.032986723,-0.0015271631,0.0125227375,26.899332,11.8940325,43.205185
6.9811196,-2.6909587,6.1246905,-0.03604105,-0.009468411,0.0106901415,26.837448,11.885431,43.23389
7.003451,-2.6954744,6.2389507,-0.032986723,-0.016187929,0.011911872,26.776793,11.876648,43.25988
7.027543,-2.7002928,6.3594112,-0.03848451,-0.0125227375,0.014660766,26.717697,11.870126,43.28499
7.0338254,-2.7095578,6.408619,-0.021685716,-0.014049901,0.011301007,26.68652,11.850099,43.291042
7.0384417,-2.7187905,6.4501667,-0.02687807,-0.013744468,0.007330383,26.655756,11.83642,43.295647
7.0432034,-2.7240634,6.4845204,-0.02687807,-0.018020526,0.005192355,26.634136,11.814417,43.28812
7.047896,-2.7287564,6.51737,-0.027794369,-0.017715093,0.003970624,26.614578,11.793623,43.280083
7.0238953,-2.7334957,6.550545,-0.039095376,-0.016798794,-0.00061086525,26.584234,11.778424,43.267693
6.9955926,-2.7382128,6.5835657,-0.035430185,-0.024129177,-0.00030543262,26.55238,11.7615185,43.25791
6.9827814,-2.759685,6.5805554,-0.029626964,-0.023823744,0.004276057,26.522451,11.747623,43.242546
6.973355,-2.7832518,6.571129,-0.032070424,-0.028099801,0.0061086523,26.492802,11.734544,43.23132
6.96784,-2.778701,6.577839,-0.03573562,-0.040317107,0.0015271631,26.473677,11.722243,43.21541
6.9631376,-2.7692955,6.5872445,-0.026572637,-0.03359759,0.0106901415,26.450775,11.711285,43.19497
6.9587216,-2.760463,6.5996943,-0.03176499,-0.03940081,0.009162978,26.429571,11.706863,43.182434
6.95459,-2.7522,6.6120887,-0.03634648,-0.041233405,0.004276057,26.407991,11.701757,43.167164
6.9554777,-2.7431118,6.609426,-0.016187929,-0.060170226,0.003970624,26.40123,11.686494,43.15633
6.9604564,-2.7331543,6.5944896,-0.0106901415,-0.0571159,0.007941248,26.396889,11.67541,43.140556
6.9661355,-2.7217956,6.577451,-0.019547688,-0.053450707,0.009468411,26.39437,11.660717,43.128033
6.9703116,-2.7134438,6.564924,-0.0070249503,-0.0693332,0.011911872,26.388166,11.641991,43.1202
6.985082,-2.6882918,6.5074453,-0.010079277,-0.070249505,0.0027488936,26.372627,11.629388,43.107418
6.994651,-2.672344,6.4691706,-0.0067195175,-0.06169739,0.009773844,26.349804,11.616956,43.095448
6.9954534,-2.6649482,6.3958664,-0.0106901415,-0.055588737,0.009162978,26.332523,11.600347,43.092533
6.985867,-2.6697416,6.304792,-0.0061086523,-0.05681047,0.0143553335,26.310911,11.584252,43.088665
6.9762306,-2.6745598,6.2132487,0.0061086523,-0.047647487,0.020158553,26.288483,11.56422,43.092
6.9668565,-2.679247,6.124194,-0.003970624,-0.041233405,0.008857546,26.27051,11.545843,43.09752
6.9817805,-2.6728652,6.051029,-0.0012217305,-0.039095376,0.010995574,26.246202,11.526592,43.10041
7.020253,-2.655766,5.9911823,-0.00580322,-0.03481932,0.012217305,26.227697,11.508922,43.102127
7.0511813,-2.648502,5.919355,-0.008857546,-0.035124753,0.010995574,26.193611,11.498606,43.1272
7.061893,-2.6699255,5.806882,-0.0021380284,-0.024129177,0.01985312,26.157396,11.489643,43.14684
7.080907,-2.6969333,5.7372684,-0.0070249503,-0.01740966,0.03390302,26.11797,11.4791155,43.183292
7.1092625,-2.7300148,5.7183647,0.004581489,-0.0290161,0.040317107,26.077848,11.464201,43.22116
7.122335,-2.745734,5.679681,0.02565634,-0.03268129,0.04337143,26.02456,11.456594,43.268456
7.118283,-2.7416818,5.6391587,0.046731193,-0.06811147,0.05589417,25.9615,11.449637,43.32569
7.103749,-2.7685142,5.6356463,0.052534413,-0.076358154,0.056199603,25.889315,11.449534,43.383125
7.0749755,-2.840447,5.693193,0.05375614,-0.11056661,0.06078109,25.80549,11.449085,43.45513
7.0839834,-2.9029508,5.7491107,0.06719518,-0.14446963,0.06566802,25.718649,11.445162,43.53443
7.151021,-2.9556231,5.8065715,0.083383106,-0.17959438,0.07086037,25.627487,11.441042,43.621765
7.249215,-2.9544148,5.8334646,0.099571034,-0.18692477,0.06780604,25.5203,11.450857,43.69344
7.41033,-2.8596413,5.8097715,0.121256754,-0.20586158,0.06688975,25.40705,11.457106,43.77611
7.5298347,-2.7738495,5.80601,0.13164146,-0.21655174,0.069027774,25.295141,11.463606,43.852325
7.567763,-2.7027347,5.843938,0.1563815,-0.18478674,0.069027774,25.1815,11.470207,43.929718
7.5764966,-2.647658,5.8769794,0.1563815,-0.15668693,0.076052725,25.080957,11.4518,44.03887
7.5114,-2.629059,5.900228,0.1554652,-0.13439035,0.07422013,24.988153,11.426813,44.139668
7.4424725,-2.6204216,5.9224353,0.15760323,-0.13744467,0.0729984,24.89798,11.3896,44.242054
7.3602715,-2.647822,5.9407024,0.1600467,-0.14263703,0.07513642,24.810905,11.353169,44.337177
7.2736454,-2.6739726,5.944513,0.18387043,-0.1704314,0.071776666,24.733278,11.307931,44.424892
7.1748176,-2.6880908,5.859803,0.19517145,-0.21074851,0.073303826,24.652208,11.266686,44.515728
7.078376,-2.698171,5.780907,0.20525073,-0.23762658,0.08979719,24.559443,11.232731,44.589756
6.9961004,-2.6739724,5.7470293,0.23609942,-0.23701571,0.105374254,24.466433,11.192952,44.666195
6.9197807,-2.6503465,5.7209973,0.24220806,-0.20952678,0.11362094,24.365858,11.167462,44.737663
6.8865814,-2.6313756,5.749454,0.25625798,-0.1695151,0.12217305,24.262386,11.137694,44.80328
6.861577,-2.6134498,5.7849994,0.2406809,-0.1133155,0.13988814,24.162703,11.115536,44.848507
6.904198,-2.6039784,5.879713,0.21135938,-0.051923547,0.13897185,24.073706,11.091519,44.8817
6.948347,-2.594946,5.9693003,0.17959438,-0.022602014,0.14110987,23.988111,11.072084,44.89818
7.01505,-2.5901816,6.0074162,0.17012598,0.03268129,0.15057829,23.911331,11.055587,44.890514
7.08446,-2.5871093,6.044679,0.14538592,0.09162979,0.15363261,23.85627,11.03984,44.86759
7.1837106,-2.6060143,6.0683103,0.118507855,0.14844026,0.14721853,23.80819,11.026742,44.83104
7.281014,-2.6242101,6.0891986,0.102319926,0.1966986,0.13927728,23.767174,11.012588,44.78643
7.315051,-2.6263375,6.067925,0.07941248,0.23151793,0.13347405,23.733398,11.004607,44.731686
7.351119,-2.6285918,6.045383,0.062308256,0.25320363,0.12003502,23.70458,10.995559,44.68091
7.3870587,-2.630838,6.0229206,0.055588737,0.25961772,0.115453534,23.677402,10.98989,44.62607
7.422459,-2.6330507,6.0007954,0.03940081,0.25870144,0.10476339,23.659906,10.985796,44.570354
7.423023,-2.6250432,5.9813547,0.022296581,0.2611449,0.087964594,23.6483,10.985311,44.517242
7.4112325,-2.6132526,5.96249,0.0027488936,0.2657264,0.07696902,23.639147,10.987718,44.465527
7.399694,-2.601714,5.9440284,-0.00030543262,0.25870144,0.060170226,23.624636,10.988011,44.438496
7.3883843,-2.5904043,5.925933,-0.018936822,0.24404067,0.04520403,23.613804,10.993454,44.41378
7.349034,-2.5683959,5.8924537,-0.0290161,0.2489276,0.0290161,23.614975,10.990191,44.385567
7.2929306,-2.540344,5.850376,-0.03726278,0.24281894,0.030543262,23.612404,10.991009,44.364777
7.2167106,-2.5008633,5.8048615,-0.056199603,0.26083946,0.022602014,23.635279,10.985629,44.342327
7.126252,-2.4532537,5.757252,-0.055588737,0.27030787,0.01985312,23.653564,10.979654,44.323784
7.047719,-2.4064302,5.741723,-0.07422013,0.25900686,0.026267206,23.673363,10.979349,44.305214
6.978341,-2.3601785,5.7509737,-0.07880162,0.26939157,0.026572637,23.699165,10.974745,44.279274
6.928762,-2.3559713,5.8109484,-0.07880162,0.27122417,0.040317107,23.725016,10.968152,44.251106
6.8995767,-2.394885,5.9228253,-0.08399397,0.2742785,0.043066,23.75542,10.961793,44.2212
6.8688245,-2.427841,6.055598,-0.092240654,0.28771752,0.042455133,23.794748,10.950896,44.17789
6.8349843,-2.4568465,6.2151294,-0.1020145,0.27122417,0.04062254,23.82969,10.942234,44.14279
6.77797,-2.46403,6.355299,-0.10140363,0.23884831,0.050701816,23.86819,10.941321,44.086823
6.702046,-2.451376,6.473403,-0.106901415,0.22052236,0.04520403,23.912113,10.940557,44.034065
6.622246,-2.4367394,6.600209,-0.10415252,0.17989981,0.047036625,23.95783,10.944013,43.967278
6.52894,-2.416005,6.7557187,-0.087659165,0.12339478,0.05589417,23.998169,10.946617,43.911346
6.434945,-2.4000666,6.867833,-0.061086524,0.076358154,0.06566802,24.067503,10.939413,43.83378
6.333848,-2.3904383,6.920789,-0.04153884,0.03145956,0.070554934,24.12756,10.932106,43.772602
6.2611623,-2.3837292,6.988597,-0.01740966,-0.0076358155,0.069027774,24.21857,10.909655,43.691505
6.2299504,-2.3813283,7.0846324,0.006414085,-0.05222898,0.06841691,24.299105,10.886132,43.62584
6.200246,-2.3790433,7.176031,0.018020526,-0.10262536,0.070249505,24.366566,10.867293,43.551815
6.169364,-2.3766677,7.2710533,0.03573562,-0.15668693,0.062308256,24.43071,10.841814,43.493874
6.149676,-2.385973,7.3576837,0.06383542,-0.21899518,0.06291912,24.4828,10.815349,43.45297
6.154059,-2.421038,7.4278135,0.087659165,-0.27183503,0.056199603,24.534096,10.784533,43.42678
6.1469,-2.455935,7.4499993,0.11026118,-0.33383787,0.049785517,24.591162,10.752213,43.38844
6.063567,-2.4883423,7.153704,0.13133603,-0.36774087,0.04886922,24.644125,10.716556,43.358353
5.9844275,-2.519059,6.849949,0.15515977,-0.3933972,0.050701816,24.686604,10.678412,43.32868
5.9705706,-2.523678,6.512767,0.19058995,-0.37812558,0.057726767,24.726534,10.635879,43.2979
5.9596643,-2.527193,6.16295,0.20586158,-0.32620203,0.06414085,24.745758,10.6016035,43.287064
5.9966063,-2.5133398,5.982857,0.21013765,-0.2941316,0.074830994,24.759453,10.565786,43.277058
6.0381565,-2.4999132,5.7980433,0.2125811,-0.15668693,0.093462385,24.748526,10.541586,43.268448
6.0868225,-2.5036569,5.7418904,0.19547687,-0.116980694,0.10262536,24.73087,10.521281,43.277695
6.149239,-2.5084581,5.6698713,0.18967366,0.005192355,0.11636983,24.714994,10.499607,43.25551
6.2029567,-2.505904,5.740375,0.14966199,0.043676864,0.121256754,24.695024,10.488942,43.245693
6.27262,-2.5009282,5.864774,0.11728613,0.109650314,0.12156218,24.686659,10.480158,43.194637
6.343622,-2.4760647,6.077775,0.09285152,0.14630222,0.12186762,24.661495,10.482602,43.161774
6.38009,-2.4594882,6.2037563,0.05100725,0.15149458,0.116675265,24.642357,10.494248,43.120705
6.416698,-2.4492385,6.323829,0.037873644,0.12858713,0.12492194,24.628872,10.501074,43.07119
6.4465284,-2.44551,6.4170485,0.020158553,0.10293079,0.118202426,24.623695,10.513408,43.02368
6.4766264,-2.442762,6.509279,0.02687807,0.07819075,0.118507855,24.634373,10.512487,42.965588
6.520468,-2.4537225,6.6166916,0.055283304,0.02565634,0.11301007,24.644413,10.508486,42.92452
6.5638447,-2.4645665,6.722964,0.08979719,-0.01985312,0.1142318,24.661802,10.497258,42.87836
6.608565,-2.4757466,6.832528,0.11636983,-0.07788532,0.12217305,24.671831,10.482669,42.85133
6.652082,-2.4866257,6.939145,0.12308934,-0.12217305,0.124005646,24.680113,10.464781,42.834366
6.7738953,-2.4594715,6.990553,0.13652839,-0.17104226,0.12308934,24.671846,10.443279,42.834045
6.930272,-2.4154906,7.0174303,0.14049901,-0.2171626,0.115453534,24.66143,10.421914,42.845947
7.0900993,-2.3705392,7.0449004,0.14721853,-0.24220806,0.11881329,24.650074,10.392669,42.841984
7.241129,-2.328062,7.0708585,0.1572978,-0.24373524,0.106901415,24.6451,10.358242,42.84636
7.271481,-2.2762341,6.9669857,0.1731803,-0.2312125,0.11301007,24.630959,10.3262615,42.852573
7.2621922,-2.2205024,6.8183675,0.18387043,-0.21838433,0.10598512,24.62601,10.289228,42.86112
7.15646,-2.1769757,6.6873097,0.19425514,-0.2098322,0.105068825,24.616703,10.224028,42.910572
6.9996963,-2.137785,6.55994,0.19853121,-0.22602014,0.10048734,24.609652,10.157594,42.963547
6.8616004,-2.0619004,6.4103856,0.18906279,-0.25503623,0.108123146,24.573357,10.093116,43.037342
6.7346015,-1.9725308,6.255165,0.17073683,-0.267559,0.11301007,24.539877,10.029766,43.110596
6.5758185,-1.9174587,6.0459723,0.16676621,-0.28344148,0.12858713,24.498823,9.97055,43.185917
6.4017296,-1.8782886,5.8109517,0.13958271,-0.27030787,0.13836098,24.459862,9.920935,43.25566
6.3255444,-1.8819485,5.669385,0.121256754,-0.26267207,0.14905111,24.429697,9.859546,43.334564
6.3557167,-1.9322354,5.629155,0.10293079,-0.2489276,0.16768251,24.394602,9.80843,43.405823
6.39361,-2.023206,5.692672,0.090713486,-0.2275473,0.19364429,24.345823,9.768382,43.479668
6.4364877,-2.1423113,5.830834,0.071776666,-0.1853976,0.21074851,24.297148,9.735858,43.542202
6.526164,-2.231533,5.950148,0.03756821,-0.14874569,0.21930063,24.226702,9.729793,43.610268
6.6444917,-2.2952476,6.0502715,0.008552114,-0.11484267,0.2275473,24.15494,9.729506,43.665253
6.791318,-2.352179,6.112933,-0.022907447,-0.1001819,0.23090707,24.078148,9.756403,43.696236
6.955546,-2.3991015,6.1363945,-0.03970624,-0.08857546,0.23335053,24.003365,9.786641,43.71768
7.1096625,-2.4818568,6.129454,-0.03634648,-0.07696902,0.22724187,23.927477,9.823914,43.736053
7.253869,-2.602029,6.0909986,-0.030848695,-0.06688975,0.21868975,23.854698,9.8627615,43.751186
7.3620124,-2.6909568,6.033556,-0.028405234,-0.049785517,0.20738874,23.757038,9.903705,43.777634
7.432278,-2.7471695,5.958606,-0.0106901415,-0.040927973,0.18570304,23.669334,9.935184,43.80434
7.4767075,-2.7750077,5.8799424,-0.010995574,-0.03634648,0.17195857,23.555143,9.985561,43.846535
7.490898,-2.7702775,5.799529,0.002443461,-0.04062254,0.15760323,23.451933,10.023584,43.889446
7.4925117,-2.7697396,5.7311506,-0.0027488936,-0.04520403,0.13500121,23.338211,10.069519,43.949543
7.478068,-2.7745545,5.6733737,-0.0125227375,-0.044898596,0.122783914,23.228323,10.111463,44.00859
7.4677877,-2.7836373,5.632255,-0.030848695,-0.046731193,0.1133155,23.120647,10.150845,44.08331
7.4631057,-2.797685,5.6135244,-0.070249505,-0.050396383,0.0852157,23.026619,10.189037,44.159187
7.453041,-2.8369923,5.5860267,-0.100792766,-0.04886922,0.06841691,22.92915,10.230767,44.238197
7.431385,-2.9290304,5.5373006,-0.13408493,-0.049480084,0.054367006,22.842506,10.274621,44.318977
7.4228206,-2.975175,5.521014,-0.16126843,-0.051618114,0.03940081,22.763525,10.322344,44.40172
7.4279194,-3.0159655,5.551607,-0.18478674,-0.030543262,0.025961773,22.693161,10.371973,44.47727
7.4390745,-3.052897,5.5824194,-0.20769419,-0.0061086523,0.019547688,22.613695,10.440919,44.55063
7.4666724,-3.080495,5.614617,-0.2321288,0.011301007,0.003970624,22.545923,10.508472,44.62001
7.4927263,-3.1036181,5.631947,-0.24251351,0.03940081,-0.00030543262,22.482334,10.581823,44.672234
7.5163035,-3.1083336,5.5753617,-0.24373524,0.07696902,-0.0076358155,22.430267,10.652478,44.716908
7.542833,-3.1207027,5.5187545,-0.23426682,0.10415252,-0.009162978,22.378819,10.725196,44.753365
7.5880075,-3.1839468,5.4645452,-0.24190263,0.13408493,-0.021991149,22.340275,10.795886,44.779022
7.6378417,-3.2479045,5.404402,-0.24465153,0.14996742,-0.030848695,22.2964,10.863701,44.811386
7.7048564,-3.265775,5.319517,-0.2434298,0.19211712,-0.0290161,22.260605,10.930152,44.82748
7.7785006,-3.2846668,5.224314,-0.25625798,0.21655174,-0.032986723,22.214973,11.010675,44.858467
7.826996,-3.2806256,5.1192408,-0.2556471,0.23457226,-0.03604105,22.173582,11.086994,44.878506
7.8793626,-3.2762616,5.0057793,-0.28191432,0.2724459,-0.039095376,22.125828,11.171,44.908108
7.917873,-3.2334926,4.957153,-0.29657507,0.33108896,-0.0580322,22.091244,11.24682,44.92749
7.9518003,-3.180178,4.9280725,-0.33200526,0.3857614,-0.063224554,22.057793,11.332317,44.935875
7.950926,-3.188424,4.9816823,-0.36713,0.4297437,-0.07391469,22.017479,11.412538,44.95603
7.9416914,-3.2115107,5.055559,-0.40530908,0.4569272,-0.099571034,21.990728,11.494402,44.9668
7.9664626,-3.1734607,5.150755,-0.43585235,0.4810564,-0.11026118,21.970896,11.569742,44.97705
8.004576,-3.1115267,5.255567,-0.46303585,0.5039638,-0.12003502,21.964655,11.645229,44.981632
8.046241,-3.06068,5.3560057,-0.4810564,0.5335908,-0.13652839,21.977852,11.718468,44.96302
8.089552,-3.014275,5.4550023,-0.5119051,0.5546656,-0.15332718,21.997349,11.796015,44.94127
8.138379,-2.9619596,5.566609,-0.5128214,0.5897904,-0.1572978,22.039888,11.855751,44.903656
8.167069,-2.9353166,5.569911,-0.5128214,0.6246097,-0.16737708,22.093792,11.91551,44.86242
8.195952,-2.911248,5.5314016,-0.5027421,0.64934975,-0.17623462,22.151598,11.971812,44.814907
8.205058,-2.8995078,5.477741,-0.46975538,0.6817256,-0.1826487,22.24396,12.000475,44.750084
8.201282,-2.8957314,5.413544,-0.4437936,0.68630713,-0.18051068,22.334793,12.0282135,44.686832
8.194172,-2.8914015,5.344699,-0.40775254,0.6988298,-0.16707164,22.425077,12.043345,44.62373
8.150372,-2.8816679,5.2376304,-0.38606682,0.73426,-0.15974127,22.518562,12.055504,44.554157
8.099934,-2.8736231,5.1299615,-0.35430184,0.77213365,-0.15118915,22.602028,12.0647955,44.492657
8.007987,-2.8782206,5.0288205,-0.33383787,0.8344419,-0.13622294,22.68584,12.075036,44.414463
7.9112997,-2.8846312,4.9313846,-0.31612277,0.9049969,-0.11942416,22.761627,12.083915,44.33202
7.7977123,-2.9108436,4.9226475,-0.29718593,0.9416488,-0.10140363,22.833246,12.09205,44.241844
7.672016,-2.9347808,4.9158826,-0.28344148,1.0571023,-0.08857546,22.910854,12.108217,44.11203
7.6839356,-2.8712091,4.9516416,-0.2669481,1.0858129,-0.07849618,22.9757,12.123327,43.996788
7.697498,-2.798879,4.992327,-0.26419923,1.133155,-0.05955936,23.050964,12.151912,43.82604
7.5687547,-2.9314003,5.2475376,-0.267559,1.1722504,-0.026572637,23.118237,12.183527,43.6509
7.4331875,-3.0809917,5.5046477,-0.24709499,1.210124,-0.02565634,23.194668,12.207259,43.467674
7.489857,-2.9957995,5.7208357,-0.26511553,1.2257011,-0.011911872,23.266893,12.231376,43.279747
7.56407,-2.889119,5.934197,-0.29626966,1.235475,0.016798794,23.335325,12.257728,43.085587
7.542299,-2.9334593,6.235482,-0.28221974,1.2296717,0.03756821,23.409803,12.307629,42.827564
7.5219455,-2.970774,6.401702,-0.27977628,1.1893547,0.06078109,23.469334,12.372204,42.578888
7.43819,-3.0845246,6.537961,-0.24770586,1.1475104,0.08827003,23.545502,12.394607,42.319294
7.3444877,-3.2094612,6.658436,-0.19456059,1.1377366,0.10140363,23.616089,12.414207,42.06661
7.3094,-3.2975013,6.71967,-0.15699236,1.1181889,0.124005646,23.682192,12.442343,41.79108
7.299364,-3.3677537,6.754796,-0.089491755,1.0906999,0.14355333,23.741316,12.455596,41.52562
8.062105,-2.7485104,6.700665,-0.02107485,1.0671816,0.2125811,23.765734,12.50062,41.221664
