acc_x,acc_y,acc_z,gyro_x,gyro_y,gyro_z,azimuth,pitch,roll
2.8312807,8.928224,-0.77060795,1.0656544,-0.7641924,-0.505491,39.591084,-98.48369,1.5709202
3.0472367,9.053348,-1.142448,1.0430524,-0.78893244,-0.5180137,39.700996,-98.69362,1.5462747
3.239959,9.191712,-1.4933015,1.0818423,-0.816116,-0.5109888,39.814407,-98.89375,1.5234298
3.1690202,9.329597,-1.4835199,1.1484267,-0.8381071,-0.50671273,39.87817,-99.178314,1.5779884
3.077249,9.4626665,-1.442223,1.2290609,-0.8579602,-0.5131268,39.94491,-99.470726,1.62862
2.6808696,9.647869,-1.1737641,1.2904528,-0.88453287,-0.52564955,40.011337,-99.859474,1.7017289
2.246514,9.836719,-0.87632495,1.3313808,-0.86651236,-0.55771995,40.06424,-100.25345,1.7660457
1.6574281,10.036732,-0.48382962,1.3359623,-0.80970186,-0.61300325,40.12778,-100.641304,1.7887583
1.0597929,10.23283,-0.086962484,1.319469,-0.72173727,-0.68386364,40.169792,-101.02188,1.799571
0.6365532,10.448705,0.30593836,1.2538009,-0.61911196,-0.7626653,40.230083,-101.29861,1.701493
0.25536206,10.665184,0.6918356,1.1349876,-0.53969944,-0.85062987,40.264355,-101.54585,1.5872177
0.24401931,10.918604,0.9267704,0.97097033,-0.4990769,-0.91507614,40.35504,-101.6785,1.3169866
0.32010075,11.178175,1.1236871,0.77671516,-0.5155703,-0.9468411,40.43527,-101.76877,1.039926
0.64021885,11.603503,1.0820049,0.58001655,-0.56596667,-0.93737274,40.57021,-101.743675,0.6700586
1.0627944,12.091477,0.931085,0.40744713,-0.61483586,-0.86926126,40.712154,-101.67982,0.31704018
1.4621434,12.59579,0.6140065,0.32589662,-0.7272351,-0.8200866,40.899345,-101.56853,-0.035107173
1.8548709,13.103461,0.2548045,0.310625,-0.8216137,-0.68569624,41.10553,-101.43722,-0.3368737
2.0637496,13.195013,-0.10311683,0.33933565,-0.9068295,-0.52656585,41.326496,-101.3372,-0.54291934
2.2246776,13.180814,-0.4581052,0.37995818,-0.947452,-0.37720928,41.568287,-101.23916,-0.71158046
2.281529,12.963661,-0.69681984,0.3827071,-0.9569204,-0.2602286,41.793133,-101.19616,-0.76975477
2.309012,12.688829,-0.9029436,0.3378085,-0.915687,-0.19181168,42.019287,-101.149666,-0.79944485
2.443368,12.440483,-1.0255462,0.25320363,-0.86467975,-0.16310102,42.223656,-101.15964,-0.77613485
2.6286008,12.2010355,-1.1113857,0.15454891,-0.8127562,-0.1432479,42.417908,-101.15053,-0.73709846
2.9110093,12.028583,-1.1259388,0.069027774,-0.766025,-0.1160644,42.588478,-101.170555,-0.68291545
3.2739065,11.907617,-1.0838637,0.008246681,-0.7131852,-0.108123146,42.741486,-101.16856,-0.6288271
3.5974252,11.8603945,-0.9055939,-0.025045475,-0.655153,-0.08246681,42.865726,-101.18313,-0.5301941
3.8557556,11.843455,-0.71502227,-0.04642576,-0.6264423,-0.049785517,42.983425,-101.183624,-0.43025982
3.9489822,11.914921,-0.4919096,-0.057726767,-0.589485,-0.007330383,43.069984,-101.18854,-0.2644283
3.939581,12.032436,-0.26628003,-0.061086524,-0.5467244,0.03940081,43.14866,-101.191376,-0.092045374
3.786615,12.297544,-0.044462796,-0.07819075,-0.44226643,0.08277224,43.193764,-101.16688,0.13548715
3.543903,12.656756,0.17883192,-0.13561209,-0.3268129,0.13103059,43.22657,-101.13477,0.37377623
3.2538176,13.08573,0.3175331,-0.19639318,-0.23182335,0.20586158,43.255424,-101.066986,0.6194896
2.921827,13.576498,0.41376224,-0.27488935,-0.19242255,0.29840767,43.271065,-100.98584,0.8804801
2.702122,13.88964,0.35884658,-0.3277292,-0.11759156,0.3631594,43.290115,-100.85346,1.1056883
2.555999,14.087613,0.21743722,-0.42546764,-0.09162979,0.38087448,43.314,-100.695526,1.3367825
2.5942073,14.112929,0.032327417,-0.47708577,-0.027794369,0.41050145,43.347115,-100.50896,1.5229169
2.7481651,14.029709,-0.17988463,-0.6435465,0.05375614,0.43218717,43.367775,-100.271996,1.7088336
2.9895673,13.870383,-0.5416925,-0.86070913,0.16401732,0.45051312,43.3756,-100.03148,1.8747671
3.4208076,13.545622,-1.2284827,-1.0693196,0.30848694,0.4859433,43.35233,-99.759254,2.0523558
3.7525687,13.199208,-1.8873339,-1.246776,0.49510628,0.54611355,43.262867,-99.49896,2.276985
4.0003586,12.817993,-2.5449307,-1.4123205,0.70952,0.6224717,43.127594,-99.2035,2.5172062
4.0478344,12.422809,-2.9845462,-1.5271631,0.9275989,0.7104363,42.888325,-99.02339,2.8457875
3.8781898,11.998697,-3.2013144,-1.602605,1.1096367,0.788627,42.604176,-98.83682,3.1903822
3.548315,11.633375,-3.2005112,-1.7079792,1.2147056,0.8491027,42.239258,-98.77035,3.5890238
3.026379,11.350859,-2.9275723,-1.8487836,1.2565498,0.8729264,41.847675,-98.70369,3.9916706
2.3520036,11.041764,-2.5879986,-1.9914207,1.2760975,0.8573494,41.442696,-98.66915,4.3677278
1.4653445,10.689992,-2.1543067,-2.1481075,1.3136657,0.8249735,41.02645,-98.62003,4.7365036
0.5342233,10.504265,-1.6586875,-2.3475552,1.3356569,0.7715228,40.655876,-98.47266,5.011862
-0.5111185,10.523358,-1.0524846,-2.6019804,1.2953397,0.71929383,40.295628,-98.29732,5.268837
-1.5338621,10.699459,-0.5720602,-2.883895,1.2654073,0.64934975,39.986523,-97.9604,5.3663077
-2.5793867,11.11671,-0.25072926,-3.1658092,1.2794572,0.589485,39.679176,-97.59361,5.4466357
-3.610624,11.75065,-0.35396147,-3.3576207,1.3784174,0.5332854,39.444683,-97.04069,5.3180184
-4.6936646,12.781439,-1.1519914,-3.4266486,1.5210545,0.50518554,39.199894,-96.49165,5.1815295
-5.349238,13.526123,-1.6947005,-3.4428365,1.5803084,0.48258355,39.037582,-95.8255,4.830923
-5.2195334,13.77112,-1.7811701,-3.4116824,1.6316211,0.48655418,38.873356,-95.15149,4.476178
-5.050537,13.94061,-1.8021986,-3.3872478,1.5250251,0.49938235,38.679813,-94.47409,4.086913
-4.7971225,13.960103,-1.6901114,-3.338684,1.2962561,0.54550266,38.507267,-93.89087,3.7224016
-4.5754094,13.967581,-1.5205325,-3.3014212,0.9978484,0.5885687,38.374447,-93.427155,3.394084
-4.401789,13.953113,-1.2359879,-3.2711835,0.6536258,0.623388,38.32207,-86.908134,3.0883875
-4.224264,13.960366,-0.91454375,-3.2464433,0.29871312,0.65148777,38.354626,-87.0748,2.8293347
-4.0310745,14.008664,-0.5088452,-3.2253685,-0.07880162,0.66737026,38.493813,-87.0992,2.5876193
-3.8527515,14.028984,-0.13679323,-3.2244523,-0.44135013,0.68783426,38.743324,-86.969154,2.3776426
-3.6879084,13.996932,0.20205124,-3.259577,-0.8002335,0.72173727,39.09897,-86.72611,2.1868815
-3.5271664,13.950433,0.53160495,-3.314555,-1.0968086,0.7620544,39.561993,-86.371994,2.0243084
-3.4051402,13.8741665,0.7794704,-3.3918293,-1.3695599,0.8032878,40.11569,-85.94788,1.881413
-3.270367,13.789933,1.0532284,-3.422678,-1.6065756,0.82619524,40.724712,-85.42581,1.7747155
-3.1640308,13.580116,1.1784482,-3.447418,-1.7999145,0.8579602,41.39,-84.86414,1.6892344
-3.054548,13.341245,1.2929075,-3.4177911,-1.9361374,0.8750645,42.096786,-84.30161,1.6118827
-2.8959303,13.14986,1.1309671,-3.3264668,-1.9391917,0.8735373,42.816883,-83.708885,1.5552356
-2.7377331,12.968398,0.94950557,-3.2287283,-1.7736472,0.8585711,43.51692,-83.12942,1.4976895
-2.5085492,12.818498,0.26929003,-3.1172454,-1.4501941,0.8344419,44.094925,-82.49845,1.4659202
-2.282991,12.680401,-0.4350045,-3.0344732,-0.8970556,0.8081747,44.55312,-81.89755,1.4122403
-1.7016197,12.607285,-2.5190032,-2.946814,0.047647487,0.81306165,44.76954,-81.318756,1.3647974
-1.084261,12.547391,-4.7488666,-2.7406468,0.72234815,0.91751957,44.901207,-80.80563,1.3224641
-0.7455998,12.146087,-5.163266,-2.5778513,2.1948388,0.97219205,44.477345,-80.299706,1.2750163
-0.48270348,11.683584,-5.1535296,-2.3044891,3.4174857,1.028697,43.935284,-79.894196,1.2309238
-0.36945254,10.913063,-3.5052135,-2.2024746,4.157854,0.98868537,42.998222,-79.647835,1.266446
-0.28136313,10.134167,-1.7063345,-2.2782218,4.3047676,0.86132,41.896664,-79.439186,1.2600871
0.07387796,9.658828,-0.3815896,-2.4947736,4.0155225,0.71868294,40.712795,-79.20153,1.2587256
0.46079874,9.25326,0.81180453,-2.719572,3.566842,0.6261369,39.548397,-78.953415,1.2357231
0.95641714,8.920667,1.7610233,-2.8677068,2.9868257,0.58062744,38.603813,-78.47449,1.2049495
1.4490386,8.618588,2.6161397,-2.9046643,2.3374758,0.5549711,37.82616,-77.98271,1.1810865
1.8028059,8.361234,2.894508,-2.8539624,1.6404786,0.5390886,37.352818,-77.374146,1.2315338
2.1242828,8.114302,3.0389395,-2.7097983,1.0522153,0.56077427,37.044815,-76.803154,1.3140318
2.2977157,7.959044,2.5915928,-2.5305092,0.6612616,0.5946773,36.788822,-76.05555,1.478977
2.4241245,7.832636,1.9498254,-2.3634377,0.52748215,0.6627888,36.624737,-75.359795,1.674408
2.2980456,7.718922,1.1543351,-2.1743748,0.61850107,0.7330383,36.48044,-74.67332,1.9270078
2.104558,7.61038,0.32847327,-1.9883664,0.84971356,0.7837401,36.330315,-74.04349,2.1847217
1.7906121,7.454257,-0.21774815,-1.8255708,1.058324,0.79626286,36.159397,-73.53482,2.4705396
1.4353915,7.2814474,-0.6833751,-1.6823229,1.1997393,0.8054258,35.939095,-73.081955,2.7489142
1.1546903,7.091525,-0.93979317,-1.5894713,1.3298537,0.8231409,35.666965,-72.769905,3.0052435
0.8959865,6.8951015,-1.1314256,-1.527774,1.475545,0.8472701,35.350437,-72.4975,3.2470317
0.68362635,6.510047,-1.3414153,-1.4902058,1.7095064,0.8549059,34.898945,-72.262245,3.4206913
0.48170024,6.0545387,-1.5621252,-1.4853189,1.8283197,0.82650065,34.445057,-72.0424,3.5869305
0.21268396,5.5532494,-1.5595789,-1.5152513,2.0341814,0.8042041,33.85036,-71.79203,3.7015908
-0.0966183,5.0119705,-1.4580892,-1.5464053,2.17804,0.7415904,33.251854,-71.55343,3.7913525
-0.2817611,4.7489557,-1.069386,-1.5760323,2.1994202,0.7284568,32.61018,-71.31124,3.8539526
-0.41193283,4.609142,-0.5535204,-1.4941764,2.1487186,0.73884153,31.957365,-71.1012,3.898772
-0.49359718,4.5045786,-0.1647186,-1.2977833,2.0998492,0.766025,31.29849,-70.88362,3.8981757
-0.555865,4.413572,0.1753594,-1.0680978,2.0384574,0.7812967,30.660963,-70.70538,3.9013376
-0.6570119,4.2675166,0.38320395,-0.8185594,1.9746219,0.77091193,30.059265,-70.50997,3.891074
-0.7751,4.0974693,0.53435665,-0.58032197,1.9254472,0.75961095,29.473764,-70.38011,3.8884466
-0.8716878,4.038378,0.5932893,-0.3903429,1.8872682,0.7528914,28.916368,-70.24548,3.8820484
-0.96023536,4.033717,0.6072705,-0.21319197,1.858252,0.7440339,28.376637,-70.17813,3.8764472
-1.091334,4.1047473,0.5624383,-0.049480084,1.863139,0.75808376,27.837154,-70.11945,3.857048
-1.2693971,4.2409134,0.4681696,0.08827003,1.8887954,0.7761043,27.306004,-70.105255,3.8382201
-1.3418525,4.4573245,0.47235942,0.2302962,1.8747455,0.7996226,26.770576,-70.13056,3.807634
-1.3751283,4.747299,0.52465,0.37598756,1.8894062,0.84574294,26.222013,-70.19378,3.7844894
-1.3830171,4.8369184,0.6245567,0.5726862,1.8261817,0.82619524,25.687366,-70.33849,3.7233129
-1.3735551,4.7896085,0.757025,0.713796,1.7421877,0.8078693,25.154812,-70.50528,3.677405
-1.3532029,4.7963843,0.95512605,0.81214535,1.6013832,0.82619524,24.648493,-70.71275,3.6394432
-1.325056,4.8432956,1.1990664,0.93767816,1.41904,0.8396343,24.18357,-70.96635,3.609661
-1.304512,4.8675213,1.434695,1.1029172,1.2470814,0.8399397,23.754349,-71.219376,3.595248
-1.2902734,4.8722677,1.6672578,1.241889,1.1707232,0.84788096,23.351517,-71.49516,3.5966196
-1.2739046,4.8018417,1.9455665,1.3078625,0.97433007,0.8344419,23.034075,-71.72687,3.6268373
-1.2548084,4.653846,2.2797506,1.4352279,0.7788532,0.81153446,22.741966,-72.00922,3.6648128
-1.2404209,4.5001264,2.572607,1.5546521,0.5897904,0.79504114,22.504751,-72.23018,3.723627
-1.2310256,4.3404055,2.8215845,1.704925,0.3912592,0.7715228,22.329458,-72.49093,3.792254
-1.2474207,4.1441555,3.1578553,1.8060231,0.19761491,0.75686204,22.205101,-72.62559,3.8905458
-1.2954941,3.9037886,3.6001306,1.9318613,-0.037873644,0.73792523,22.149971,-72.806404,3.9998052
-1.3347518,3.6702342,4.254602,2.0552561,-0.27885997,0.7180721,22.138346,-72.86154,4.138376
-1.3633455,3.4462497,5.1553054,2.154827,-0.5225952,0.6933321,22.191427,-72.948074,4.2854686
-1.2845927,3.3498492,5.7961245,2.2971587,-0.7367035,0.6783658,22.285631,-72.96068,4.4242644
-1.0655279,3.411759,6.1342463,2.4318545,-0.92485,0.6759224,22.43529,-73.0059,4.5710206
-0.9058741,3.6399403,6.4082737,2.598926,-1.0815369,0.6750061,22.660793,-73.089294,4.6598043
-0.8198958,4.1462564,6.613666,2.7876835,-1.2153164,0.623388,22.930725,-73.21949,4.74272
-0.7576413,4.928766,6.8968296,3.007595,-1.2947289,0.52564955,23.21048,-73.395355,4.826825
-0.733671,6.2423406,7.3330903,3.2021556,-1.2873985,0.35063666,23.507841,-73.62356,4.8747597
-0.767732,7.595466,7.7619762,3.3502905,-1.151481,0.16707164,23.784851,-73.8994,4.8840485
-0.92206264,9.182178,8.224968,3.3557882,-0.8558222,0.004886922,24.022886,-74.19792,4.835003
-0.7707266,10.947031,8.683287,3.19116,-0.48808134,-0.21074851,24.204865,-74.45947,4.6880217
0.067843705,13.289245,9.179682,2.8530462,-0.15271631,-0.43554693,24.325233,-74.68735,4.47661
0.95501345,15.225918,9.703518,2.4636195,-0.056505036,-0.52931476,24.405203,-74.8451,4.1704984
2.0470905,16.389843,10.345353,2.2580633,-0.0143553335,-0.5018258,24.421059,-74.970566,3.8304744
2.9258401,17.360756,10.737078,1.8164078,-0.12522738,-0.3210097,24.392973,-74.921234,3.6704159
3.3236768,17.920504,10.478021,1.3756685,-0.28130344,-0.074830994,24.363808,-74.829834,3.5497594
3.519438,18.405249,10.19587,0.84849185,-0.29657507,0.13194689,24.272352,-74.57702,3.6553233
2.7748914,18.56275,9.790189,0.23701571,-0.094989546,0.2941316,24.150639,-74.199295,3.8044102
2.016737,18.499718,9.357573,-0.3408628,0.14813483,0.40408736,23.989584,-73.79238,4.037673
1.169109,17.30722,8.7758665,-0.8594874,0.42363504,0.46395215,23.758358,-73.257416,4.268869
0.31760916,16.109278,8.191504,-1.3093897,0.82986045,0.5158757,23.443316,-72.670555,4.3678684
-0.59663844,14.541341,7.7804885,-1.6765196,1.3252722,0.5992588,23.02655,-71.99181,4.454803
-1.5245693,12.908183,7.395397,-1.9785925,1.8161024,0.6759224,22.504816,-71.23977,4.511798
-2.3637574,11.769268,7.3477945,-2.1135938,2.243097,0.64751714,21.917511,-70.488365,4.3985314
-3.139529,10.807682,7.3849573,-2.1108449,2.5512786,0.49266282,21.25193,-69.72635,4.2346935
-3.493312,10.695796,7.748774,-2.0265455,2.430022,0.26389378,20.687817,-69.01347,3.911661
-3.6815722,10.804568,8.121111,-1.7757853,1.8038851,0.01985312,20.21472,-68.375626,3.5697548
-3.6880035,11.266567,7.919763,-1.323745,0.94806284,-0.20922135,19.93508,-67.823494,3.1057193
-3.6081355,11.867928,7.459347,-0.8032878,0.09437868,-0.42577308,19.863487,-67.379326,2.6576478
-3.4345996,12.750299,6.6266456,-0.40378192,-0.46944994,-0.6178902,19.990463,-67.00234,2.1930757
-3.2126153,13.781602,5.599968,-0.29565877,-0.65209866,-0.77549344,20.266785,-66.69488,1.7417392
-2.772488,14.986075,4.8822427,-0.42302418,-0.52595496,-0.8268061,20.615,-66.517075,1.3217537
-2.1639383,16.350405,4.3620305,-0.79626286,-0.40866885,-0.77366084,21.016857,-66.2936,0.9175546
-1.4274471,16.157612,3.596223,-1.0564915,-0.21105394,-0.7302894,21.325932,-66.21906,0.52749854
-0.64428777,15.065434,2.7163484,-1.720502,-0.20189096,-0.6224717,21.63596,-65.916275,0.18629375
0.142843,13.967719,1.8320117,-2.3258693,-0.59956425,-0.47525316,21.926373,-65.65711,-0.006967646
0.94077593,12.854939,0.93553895,-2.4193318,-1.2858714,-0.3051272,22.271057,-65.358376,-0.12470654
1.1449698,10.936026,-0.31748638,-1.9767599,-1.9257526,-0.0852157,22.682875,-65.06076,-0.14622769
0.9837592,8.526822,-1.7862942,-1.344209,-2.4184155,0.1591304,23.205183,-64.80193,-0.050606575
0.6623247,6.3959985,-3.0037565,-0.7867944,-2.8023443,0.3454443,23.758131,-64.714386,0.34328392
0.14740893,4.4861293,-3.9914587,-0.24220806,-2.9816332,0.47250426,24.361391,-64.80517,0.80914634
-0.46054548,2.869146,-4.635419,0.27885997,-2.869234,0.4822781,24.972548,-65.04617,1.292267
-1.2774283,1.5350653,-4.8142633,0.7076874,-2.547308,0.3408628,25.584303,-65.41829,1.7563199
-2.0822635,0.6506693,-4.591221,1.0021244,-2.1319196,0.1020145,26.177313,-65.903854,2.1119087
-2.8878138,0.45050228,-3.7319672,1.180497,-1.7348573,-0.11575896,26.71169,-66.48779,2.3925993
-3.338859,0.5993752,-3.183007,1.2739595,-1.3646729,-0.25503623,27.199947,-67.10206,2.4730363
-3.3055396,1.2752855,-3.044969,1.421178,-1.1560625,-0.3200934,27.64474,-67.79529,2.480699
-3.002503,2.1152859,-3.0705092,1.6865989,-1.3072516,-0.3811799,28.1405,-68.46043,2.3170147
-2.1727073,3.3502166,-3.3975463,1.9911152,-1.7687603,-0.44593164,28.67148,-69.18422,2.1326034
-1.2656963,4.658027,-3.761243,2.2418754,-2.4055874,-0.56230146,29.300526,-69.98847,1.9383968
-0.120820664,6.238818,-4.23069,2.3924537,-3.025921,-0.7333437,30.061552,-70.85578,1.7384347
0.86274976,7.725495,-4.67041,2.4162774,-3.2824843,-0.93034774,30.864498,-71.85768,1.6412423
1.6517082,9.25471,-5.1184607,2.3469443,-3.612657,-1.0238101,31.86153,-72.87938,1.568614
2.34759,10.734331,-5.1655416,2.2977695,-3.7140608,-1.2024882,32.821274,-74.04262,1.5986084
2.8844461,12.202922,-4.331418,2.2046127,-3.6630535,-1.3191634,33.829445,-75.169815,1.6129472
3.384952,13.451595,-3.5404687,2.121535,-3.4330628,-1.3439035,34.778625,-76.38264,1.7166443
3.700523,13.423335,-2.9517171,2.0088303,-3.0143147,-1.2394456,35.65791,-77.542656,1.7855192
4.0045724,13.354607,-2.3964195,1.8176296,-2.488054,-1.074512,36.39342,-78.52103,1.9073205
4.235509,12.869169,-2.0995011,1.6777414,-2.0060816,-0.9095783,37.01343,-79.44918,2.0172899
4.444314,12.360114,-1.7919015,1.6798794,-1.5964963,-0.7583892,37.466026,-80.219025,2.1829169
4.3298936,11.699018,-1.4359261,1.8298469,-1.2443326,-0.61422503,37.787453,-80.953705,2.35802
4.2137585,11.028014,-1.0746169,2.01555,-1.0659598,-0.51159966,38.014797,-81.589485,2.5854516
3.795427,10.418542,-0.87695193,2.1487186,-0.977079,-0.44532076,38.160236,-82.20782,2.821074
3.320199,9.824507,-0.71244997,2.1948388,-0.9819659,-0.4129449,38.276424,-82.80338,3.062317
2.8357437,9.57935,-0.73363596,2.1749856,-0.9999864,-0.4166101,38.350033,-83.2897,3.2883947
2.3151102,9.44561,-0.8243886,2.1325307,-0.9950995,-0.43096542,38.413425,-83.73007,3.5139103
1.994109,9.639695,-1.0330924,2.0463986,-0.9211848,-0.45753807,38.466724,-84.12191,3.6486712
1.7145934,10.0489855,-1.3475473,1.9257526,-0.7693848,-0.44898596,38.490833,-84.448906,3.7858782
1.5414584,10.059257,-1.4588183,1.7993035,-0.5882632,-0.40775254,38.52624,-84.79734,3.8333025
1.4248497,9.861736,-1.4635779,1.709201,-0.33841935,-0.30695978,38.49356,-85.07287,3.8971114
1.3067213,9.661641,-1.4683994,1.6655241,-0.09468412,-0.19639318,38.44916,-85.361916,3.92349
1.1885228,9.461428,-1.4732239,1.6050484,0.016798794,-0.13439035,38.368393,-85.57064,3.9643662
0.8805308,8.968657,-1.2771741,1.5460999,0.040011674,-0.12339478,38.244373,-85.708916,4.0206227
0.46954593,8.316749,-0.97484046,1.5241088,0.05497787,-0.12858713,38.089493,-85.779625,4.0898643
0.074438974,7.917281,-0.69982946,1.4853189,0.042760566,-0.14569137,37.956078,-85.83336,4.122898
-0.3104016,7.66884,-0.44164526,1.4514158,0.034513887,-0.14996742,37.816444,-85.83653,4.159717
-0.63279945,7.55382,-0.38225147,1.4395039,-0.004886922,-0.160963,37.705368,-94.12622,4.121866
-0.92567366,7.5065827,-0.42476547,1.3976597,-0.009162978,-0.17562376,37.586143,-94.11869,4.0845118
-1.1935914,7.5070963,-0.3894381,1.3564262,-0.042455133,-0.20708331,37.50244,-94.05438,3.9699688
-1.4452602,7.5355873,-0.30871415,1.3283265,-0.160963,-0.27947086,37.44444,-93.9977,3.8424616
-1.5983725,7.6773806,-0.27177936,1.2928963,-0.28863382,-0.36377025,37.431877,-93.90259,3.6447382
-1.6867373,7.882015,-0.26247776,1.2556335,-0.46089783,-0.44868052,37.4652,-93.815544,3.4287724
-1.5521233,8.088631,-0.45173833,1.2351695,-0.5897904,-0.5112942,37.543346,-93.694954,3.1441097
-1.254954,8.297579,-0.78605396,1.2651019,-0.600786,-0.528093,37.635857,-93.6054,2.8525982
-0.9422942,8.431577,-0.8877043,1.3051136,-0.64568454,-0.50854534,37.786137,-93.53715,2.535813
-0.6138098,8.495312,-0.77003825,1.3292428,-0.8185594,-0.4831944,37.974903,-93.514046,2.2198017
-0.2442034,8.559996,-0.64498514,1.320996,-1.0778717,-0.46028697,38.19244,-93.62944,1.9706234
0.15988733,8.625778,-0.5134207,1.3225232,-1.382999,-0.4156938,38.4701,-93.7937,1.7354357
0.5025516,8.718998,-0.3497833,1.3384057,-1.7055358,-0.36896262,38.803852,-93.9882,1.5710362
0.7855079,8.836533,-0.15824367,1.3716979,-2.02624,-0.3118467,39.219948,-94.20224,1.4183823
1.0585707,8.948361,-0.13600954,1.4004086,-2.2241604,-0.27458394,39.645176,-94.40328,1.3578545
1.3086615,9.047355,-0.46425357,1.352761,-2.2223277,-0.22602014,40.09665,-94.59277,1.3117825
1.4052557,9.135931,-0.47350952,1.3225232,-2.1197023,-0.21105394,40.51552,-94.73666,1.3194238
1.3407235,9.214292,-0.14623863,1.2947289,-2.076331,-0.20799962,40.94089,-94.866196,1.3293507
1.232764,9.294618,0.21512038,1.3952162,-2.1682663,-0.26236662,41.36802,-95.1041,1.3547424
1.0626312,9.377254,0.6234387,1.5442673,-2.2580633,-0.3359759,41.770992,-95.33963,1.3695663
0.9488199,9.382606,0.88921106,1.6649132,-2.2336287,-0.41233405,42.204975,-95.56864,1.3221993
0.9064032,9.288345,0.9740444,1.7162259,-2.071444,-0.48716503,42.612385,-95.806984,1.2523192
0.88483894,9.1660185,1.0756502,1.6969837,-1.8457294,-0.56505036,43.04766,-96.019516,1.1064246
0.894553,8.996022,1.2067896,1.6276505,-1.6233743,-0.6291912,43.42767,-96.22468,0.94821
0.95473474,8.852073,1.2268302,1.5271631,-1.4309518,-0.6713409,43.753464,-96.40064,0.7713171
1.0904657,8.740581,1.0862519,1.409877,-1.2519683,-0.69058317,44.01372,-96.548615,0.5920598
1.2687268,8.6627445,0.86195123,1.2834278,-1.0586295,-0.70646566,44.260567,-96.697395,0.39565894
1.5402386,8.625295,0.4734085,1.1410962,-0.8765916,-0.68783426,44.457287,-96.80732,0.21279842
1.8495678,8.626518,0.097521454,1.0140363,-0.7452556,-0.6740898,44.61104,-96.92708,0.058391295
2.3036938,8.722389,-0.31119195,0.9282097,-0.68508536,-0.64660084,44.732796,-97.016304,-0.07982787
2.690557,8.804719,-0.6789654,0.89919364,-0.6945538,-0.61666846,44.815666,-97.167885,-0.1489734
3.1350396,8.901345,-1.1620988,0.9245446,-0.7058548,-0.5934556,44.88098,-97.30695,-0.20857562
3.505054,9.023671,-1.57172,1.0036516,-0.70952,-0.5564982,44.909847,-97.529594,-0.1680946
3.6582983,9.224804,-1.7680641,1.0842859,-0.70616025,-0.5375614,44.93743,-97.75558,-0.12733532
3.6926055,9.426254,-1.8190553,1.1636983,-0.71837753,-0.52656585,44.92927,-98.095795,0.013342776
3.370495,9.628175,-1.4344457,1.2339478,-0.75411314,-0.52931476,44.923122,-98.451385,0.15020798
2.996175,9.843222,-1.0053109,1.2519683,-0.83260936,-0.5494733,44.919315,-98.856,0.29837477
2.4649117,10.099366,-0.4408437,1.2406673,-0.89858276,-0.58184916,44.916954,-99.26414,0.43603146
1.9605653,10.334223,0.06761546,1.210124,-0.93737274,-0.6291912,44.985306,-99.60624,0.47888377
1.5453025,10.499384,0.39321935,1.1328496,-0.9120218,-0.68844515,45.047745,-99.92237,0.50707465
1.1919974,10.692354,0.6279361,1.0051788,-0.8454375,-0.73548174,45.187298,-100.106735,0.40048793
1.073152,10.996598,0.51384443,0.86437434,-0.77763146,-0.768163,45.314194,-100.2599,0.2846459
1.0463334,11.352259,0.38619003,0.7153232,-0.7473936,-0.79076505,45.485687,-100.31357,0.064075716
1.4283149,11.951825,0.19278172,0.57848936,-0.7449502,-0.8017606,45.64382,-100.33171,-0.1552077
1.7690276,12.51877,-0.013151986,0.464563,-0.77457714,-0.77732605,45.817345,-100.33364,-0.3910723
1.9367154,12.9333315,-0.2553677,0.40653083,-0.82436264,-0.7144069,45.99681,-100.315544,-0.61388683
2.0865085,13.264957,-0.48123574,0.37965274,-0.8741482,-0.61544675,46.168056,-100.310776,-0.74863565
2.144888,13.138469,-0.632049,0.38148534,-0.92485,-0.50335294,46.356533,-100.29702,-0.8617633
2.212146,12.985659,-0.7741589,0.40317106,-0.97310835,-0.41508293,46.546997,-100.32105,-0.9257391
2.3351197,12.673493,-0.8876733,0.37384954,-1.0054842,-0.33475417,46.750957,-100.32754,-0.96270573
2.4973824,12.382918,-0.9925552,0.30604348,-0.98899084,-0.2919936,46.95095,-100.36473,-0.9784499
2.9236524,12.236092,-1.0399185,0.19975294,-0.9502009,-0.2660318,47.15494,-100.37878,-0.9789674
3.3473163,12.098244,-1.0720463,0.0720821,-0.904386,-0.24587326,47.34168,-100.40179,-0.94979495
3.7535958,12.034094,-0.9770102,-0.019242255,-0.8597928,-0.22693644,47.51742,-100.40271,-0.91460955
4.1665397,11.968893,-0.88041514,-0.063224554,-0.83169305,-0.19730948,47.65957,-100.40497,-0.80058914
4.564611,11.906039,-0.7872991,-0.10995574,-0.8145888,-0.18081611,47.79188,-100.38108,-0.68810344
4.9325075,11.848411,-0.6789566,-0.1142318,-0.78984874,-0.14782938,47.9222,-100.36517,-0.57107806
4.817878,11.8722925,-0.42581543,-0.07880162,-0.7663304,-0.099571034,48.04908,-100.34811,-0.4489205
4.6763325,11.899459,-0.17380783,-0.03390302,-0.7174612,-0.061086524,48.1273,-100.33422,-0.1935457
4.2772465,11.956471,0.02573501,0.008246681,-0.6243043,-0.025350908,48.1889,-100.33571,0.07009994
3.882334,12.02772,0.21416242,0.013744468,-0.5375614,-0.015577064,48.26443,-100.30565,0.3044247
3.5425081,12.27787,0.26136044,-0.0076358155,-0.42332962,-0.020158553,48.306786,-100.28544,0.5441796
3.2056851,12.544696,0.30324912,-0.05681047,-0.2706133,-0.015577064,48.352024,-100.21816,0.7157969
3.0494564,12.903104,0.26189438,-0.1328632,-0.14446963,0.012217305,48.373043,-100.141335,0.892723
2.89353,13.276218,0.21693121,-0.19333886,-0.0571159,0.06291912,48.392727,-100.03432,1.0160658
2.9111872,13.4395485,0.17278805,-0.2406809,0.023518313,0.10903945,48.379757,-99.91432,1.1487217
2.9290886,13.605137,0.12803432,-0.2929099,0.0983493,0.14660765,48.360954,-99.77544,1.2605789
3.170554,13.55392,-0.059826307,-0.3933972,0.16646078,0.16982053,48.322872,-99.61581,1.3817171
3.4178512,13.4876795,-0.24971548,-0.5354234,0.25259277,0.1908954,48.2604,-99.437004,1.5137562
3.721568,13.30603,-0.66749066,-0.743423,0.35369098,0.21502456,48.173927,-99.22344,1.654674
3.9926357,13.126709,-1.0720071,-0.93584555,0.45356745,0.2855795,48.06697,-98.98657,1.8143929
4.060729,12.741381,-1.4305099,-1.102001,0.5693264,0.37690386,47.900143,-98.75999,2.0335572
4.0189576,12.271454,-1.7437941,-1.2339478,0.68233645,0.47555858,47.710438,-98.50926,2.272279
3.5948706,11.844483,-1.8891715,-1.3469579,0.7284568,0.5852089,47.471584,-98.342415,2.585942
3.1095107,11.4305,-2.0033739,-1.462106,0.82650065,0.636827,47.190346,-98.163506,2.908136
2.4497104,11.139509,-1.9380963,-1.5100589,0.93309665,0.71837753,46.885517,-98.062386,3.259464
1.7701805,10.874994,-1.8423235,-1.6288722,1.0369438,0.7538077,46.55709,-97.937325,3.6057124
1.15115,10.684645,-1.7670642,-1.7956384,1.1026118,0.7690793,46.233902,-97.80849,3.891941
0.56011146,10.519929,-1.6992401,-1.9843957,1.1972959,0.766025,45.876812,-97.67032,4.179199
-0.08397374,10.338373,-1.4802762,-2.1853704,1.3426818,0.768163,45.53298,-97.44796,4.353136
-0.7420752,10.152389,-1.2227583,-2.3774874,1.4905112,0.74097955,45.16373,-97.20227,4.5146604
-1.4633737,10.328637,-0.8583107,-2.5925121,1.5738943,0.70616025,44.81054,-96.872314,4.5667257
-2.1918788,10.598279,-0.4704054,-2.8060095,1.593442,0.68233645,44.438087,-96.52676,4.6131024
-2.8288045,11.035165,-0.3293325,-3.0100386,1.5989398,0.643852,44.106525,-96.06821,4.511171
-3.453016,11.531696,-0.25839937,-3.2061262,1.606881,0.6026186,43.776207,-95.59903,4.403097
-3.880953,12.007867,-0.35614756,-3.3469307,1.6410894,0.58551437,43.51806,-95.00902,4.1223817
-4.2511973,12.49503,-0.52178323,-3.4260378,1.6444492,0.5705481,43.280014,-94.43314,3.8408344
-4.3443074,12.9250765,-0.7360502,-3.457192,1.6206255,0.59406644,43.074078,-93.820076,3.4946523
-4.3395624,13.328413,-0.96381634,-3.433979,1.5219707,0.6478226,42.90139,-93.28874,3.166706
-4.169846,13.60127,-1.0109675,-3.3777795,1.3170254,0.7031059,42.734512,-92.861015,2.854109
-3.939159,13.827249,-0.9921359,-3.314555,1.0329732,0.7672467,42.625816,-87.388535,2.571172
-3.7398443,13.9655075,-0.89366245,-3.2485814,0.68783426,0.80909103,42.55605,-87.44454,2.3210278
-3.5543025,14.065414,-0.76045287,-3.2140675,0.32589662,0.8573494,42.57666,-87.32616,2.102676
-3.4073646,14.156889,-0.5734103,-3.189633,-0.03359759,0.90010995,42.690895,-87.103836,1.9139395
-3.2753167,14.246493,-0.35647434,-3.186273,-0.19761491,0.9282097,42.854916,-86.80263,1.74491
-3.2362225,14.228933,-0.04497753,-3.2192597,-0.50915617,0.93828905,43.149227,-86.412056,1.6193854
-3.250148,14.150022,0.3217323,-3.2485814,-0.8371908,0.9275989,43.494373,-85.99511,1.5045562
-3.225033,14.027208,0.5932752,-3.2837062,-1.169807,0.8915578,43.914654,-85.496315,1.4220732
-3.1730878,13.878456,0.7845283,-3.3224962,-1.4590516,0.8402451,44.412365,-84.98506,1.3406783
-3.121027,13.729373,0.97620666,-3.3328807,-1.7192802,0.8051204,44.9561,-84.39612,1.2650058
-3.068179,13.578035,1.1707846,-3.28279,-1.8903224,0.7870999,45.551426,-83.81807,1.1869994
-2.8684945,13.417604,1.2191757,-3.1878002,-1.9318613,0.7959574,46.17654,-83.254364,1.1121372
-2.557964,13.250396,1.1570697,-3.052799,-1.8567249,0.8323039,46.80828,-82.72054,1.0427783
-2.3296611,13.033782,0.6823628,-2.9150488,-1.5971072,0.8570439,47.34626,-82.10243,1.0100255
-2.1642275,12.778542,-0.11171968,-2.7898216,-1.0512991,0.8781188,47.77305,-81.52913,0.9702628
-1.8222185,12.612492,-1.9278505,-2.6371052,0.19425514,0.86345804,47.876377,-80.98196,0.9303058
-1.3291565,12.523271,-4.61856,-2.3280075,1.8677205,0.93370754,47.698963,-80.525085,0.8706196
-1.0648941,12.293382,-5.734236,-1.9834795,3.50881,1.0308352,47.1186,-80.15641,0.81826574
-1.0316632,11.937337,-5.287993,-1.8057177,4.5503354,0.98990715,46.25427,-79.84448,0.694666
-0.87318,11.218499,-3.409913,-1.9929478,4.8334713,0.8258898,45.016273,-79.73125,0.67525494
-0.64634544,10.352747,-0.7635098,-2.4013114,4.5769076,0.6249151,43.655716,-79.6142,0.61096007
-0.33786657,9.557897,1.6936338,-2.82403,4.018577,0.46670106,42.326515,-79.37963,0.5203959
0.31417644,9.49862,2.0492938,-3.089451,3.4327571,0.42180246,41.09478,-79.086754,0.4186516
0.9248221,9.41081,2.333237,-3.1199942,3.1367931,0.48716503,40.1457,-78.40862,0.30878922
1.4011084,9.215532,2.3618143,-2.9767463,2.579073,0.5360342,39.47031,-77.731224,0.22585784
1.8170546,9.003714,2.3644478,-2.8780916,2.1514673,0.6389651,38.80452,-76.951164,0.26244923
2.0018213,8.71472,2.2602205,-2.637716,1.8032742,0.7076874,38.288704,-76.27516,0.3267768
2.1654692,8.43519,2.0563731,-2.414445,1.4902058,0.74464476,37.846447,-75.58758,0.49136132
2.227048,8.203085,1.3790044,-2.2537873,1.2241739,0.7467828,37.493378,-74.96708,0.6792423
2.256372,7.9774113,0.716092,-2.1474967,1.0852021,0.7339546,37.1626,-74.37865,0.9068495
2.093366,7.7724895,0.08735443,-2.0641136,1.10139,0.711658,36.866276,-73.84305,1.1330434
1.9157752,7.5703096,-0.508384,-1.9819523,1.2324207,0.68936145,36.5674,-73.41167,1.3747603
1.5423545,7.378812,-0.77169347,-1.9068159,1.3582588,0.689056,36.266933,-73.015335,1.6076307
1.1684985,7.141812,-1.080966,-1.8454239,1.4141531,0.7330383,35.87877,-72.667175,1.8267444
0.82478935,6.421435,-1.8719682,-1.7608191,1.525636,0.77732605,35.446316,-72.35652,2.0278554
0.484568,5.7182617,-2.6002915,-1.6832392,1.858252,0.799928,34.88622,-72.05392,2.1636245
0.30434626,5.4733453,-2.2814376,-1.6975945,2.2626448,0.75808376,34.283955,-71.75754,2.2755857
0.12484163,5.2354565,-1.9079994,-1.7482964,2.5103507,0.7360926,33.585438,-71.532555,2.3418205
0.12902693,5.314977,-1.2341654,-1.7418822,2.53112,0.7281514,32.845776,-71.32844,2.3838603
0.13327204,5.395634,-0.5507054,-1.6789632,2.3738225,0.7443393,32.0993,-71.074135,2.3913858
-0.023911754,5.4661913,-0.26734212,-1.5280794,2.175291,0.79045963,31.360954,-70.85391,2.405501
-0.20943402,5.531124,-0.086457916,-1.3326025,2.068695,0.8723156,30.640005,-70.66988,2.438621
-0.27003476,5.2810426,-0.0038959535,-1.0812315,2.10046,0.91721416,29.974897,-70.43573,2.482887
-0.29566383,4.9595146,0.049692094,-0.8576548,2.1539109,0.8881981,29.338333,-70.25488,2.5366542
-0.32214564,4.6272883,0.10506315,-0.7699956,2.2522602,0.8353582,28.680433,-70.07761,2.557529
-0.3477279,4.306347,0.15855335,-0.5864306,2.2308798,0.81214535,28.047039,-69.995155,2.5861967
-0.47190648,4.140385,0.2173337,-0.40194935,2.194228,0.7968737,27.3836,-69.933075,2.5904112
-0.6251043,4.032245,0.27590933,-0.24037547,2.175291,0.7984009,26.728481,-69.91983,2.5955532
-0.79339427,4.0356636,0.39735729,-0.0720821,2.1887302,0.79779,26.080675,-69.90006,2.5891352
-0.9633503,4.09879,0.5478898,0.060170226,2.1948388,0.8142834,25.444635,-69.916756,2.5928855
-1.1125728,4.171782,0.8087827,0.18570304,2.1380284,0.83169305,24.81391,-69.95988,2.5695033
-1.2501928,4.24771,1.1124955,0.34972036,2.0390682,0.8558222,24.197166,-70.05097,2.5589793
-1.3851421,4.281142,1.3747467,0.49846604,1.8671097,0.86742866,23.608658,-70.143005,2.5285432
-1.518207,4.295399,1.6171147,0.6450737,1.6465873,0.86132,23.06605,-70.27967,2.5171378
-1.6198015,4.322846,1.8551124,0.7996226,1.4172074,0.8564331,22.577854,-70.38629,2.503286
-1.7058126,4.3562946,2.089254,0.9425651,1.1820242,0.86315256,22.157253,-70.52852,2.5150578
-1.7944427,4.347748,2.3442676,1.0873401,0.95386606,0.8671232,21.795795,-70.643265,2.518914
-1.887406,4.318391,2.6182647,1.2385293,0.7171558,0.8555168,21.507217,-70.79739,2.5447807
-1.9311777,4.271604,2.8335166,1.3820826,0.46883908,0.8170323,21.282341,-70.91178,2.5688765
-1.9556319,4.212914,3.0389314,1.5286902,0.23732115,0.77763146,21.122656,-71.06704,2.6100478
-1.9458742,4.1048903,3.2621214,1.6447546,0.04795292,0.7415904,21.00797,-71.15133,2.6372278
-1.9160202,3.950644,3.5357842,1.7449366,-0.13225232,0.6954701,20.960863,-71.27309,2.670168
-1.8501043,3.8451734,3.852331,1.8472565,-0.21746802,0.659429,20.916744,-71.31667,2.6949906
-1.7648742,3.7646782,4.193251,1.9520199,-0.38789943,0.6542367,20.947477,-71.39285,2.7375233
-1.641626,3.702389,4.588547,2.0100522,-0.5671884,0.6401868,20.972725,-71.38055,2.764278
-1.4935076,3.6498308,5.023346,2.1276436,-0.75136423,0.6414085,21.046038,-71.422134,2.8067598
-1.3228575,3.582481,5.4151845,2.2837198,-0.9275989,0.6401868,21.157568,-71.49027,2.8419807
-1.1330519,3.503781,5.790166,2.413834,-1.0824533,0.6282749,21.312511,-71.587395,2.8861063
-1.002493,3.4745626,6.0491085,2.5662448,-1.1991285,0.63285637,21.528542,-71.76461,2.9479063
-0.9245654,3.489174,6.2049637,2.7348437,-1.2910637,0.5766568,21.782284,-71.98253,2.9974296
-0.92291933,3.8398147,6.3777065,2.921463,-1.2953397,0.45906523,22.056234,-72.23478,3.0524292
-0.97978914,4.446427,6.5625334,3.085175,-1.2443326,0.26267207,22.346874,-72.52866,3.0693936
-0.990024,5.602007,6.928627,3.2259793,-1.0925325,0.05375614,22.612476,-72.860756,3.0415773
-0.96152693,7.2168384,7.4463234,3.2705724,-0.8335256,-0.1001819,22.842974,-73.210884,2.9586692
-0.85432076,9.021768,7.8777423,3.1377094,-0.51159966,-0.2968805,23.026646,-73.548645,2.7611344
-0.67945796,10.968888,8.227468,2.8447995,-0.2171626,-0.48441613,23.157763,-73.84977,2.5059664
-0.10741537,12.634764,8.525811,2.4642303,-0.08368854,-0.56230146,23.220867,-74.03936,2.1945236
0.9140549,14.1294155,8.792444,2.0470095,-0.074830994,-0.45081854,23.24214,-74.12955,1.881428
2.1024368,15.870065,9.096984,1.6200147,-0.2284636,-0.18784106,23.200993,-74.072296,1.6218691
2.9877117,17.182562,9.273157,1.1945469,-0.4654793,0.06078109,23.179983,-73.910095,1.4139534
3.7998667,18.536324,9.387391,0.6936375,-0.45570546,0.2779437,23.012238,-73.67132,1.5207359
2.6573818,18.097984,8.762522,0.090713486,-0.19456059,0.41141775,22.82918,-73.31035,1.6675247
1.5045412,17.570215,8.12668,-0.49693888,0.002443461,0.43676865,22.568903,-72.85854,2.0014431
0.41686305,16.06209,7.4640193,-1.0491611,0.47983465,0.4343252,22.159033,-72.283394,2.2964277
-0.73216254,14.460472,6.8044662,-1.278541,1.0552697,0.51923543,21.754738,-71.78231,2.3860579
-1.4658812,13.298014,7.054196,-1.8322903,1.7030923,0.57360244,21.212063,-71.06962,2.4136221
-2.2433336,12.066267,7.3188105,-1.9651535,2.3393085,0.6789767,20.596226,-70.47843,2.2558882
-3.0380905,10.807104,7.5893154,-2.1071796,2.7751608,0.6976081,19.879417,-69.75971,2.0506752
-3.8213634,9.566135,7.8559113,-2.046704,2.9352076,0.58184916,19.090202,-69.09233,1.8082108
-3.7262595,9.616081,8.322079,-1.8591684,2.69697,0.40103304,18.330486,-68.474106,1.5530771
-3.5740051,9.74988,8.801909,-1.4899004,2.0665572,0.20525073,17.670406,-67.95432,1.2978545
-3.4256468,10.175858,8.35024,-0.9914343,1.2205088,0.005497787,17.304964,-67.39445,0.81071234
-3.280806,10.639348,7.761221,-0.52412236,0.3735441,-0.18784106,17.14512,-66.943985,0.3552703
-3.0845792,11.770175,7.025849,-0.21563543,-0.2098322,-0.38148534,17.167679,-66.54792,-0.05818212
-2.8859434,12.957372,6.286738,-0.18509217,-0.48991394,-0.5830709,17.360746,-66.20864,-0.45489028
-2.2255108,14.351968,5.9607606,-0.31612277,-0.54458636,-0.7467828,17.65605,-66.02217,-0.8189325
-1.4939623,15.752498,5.7201195,-0.48441613,-0.51251596,-0.80878556,18.012995,-65.829475,-1.1808312
-0.61265993,16.220026,5.5030904,-0.7699956,-0.47952923,-0.782213,18.354359,-65.70953,-1.5015523
0.22532144,16.523216,5.3051753,-1.2189816,-0.5513059,-0.7367035,18.716448,-65.489075,-1.8167248
0.81049573,15.456402,3.8201118,-1.7421877,-0.8188649,-0.6197228,19.040033,-65.27138,-1.9623762
1.1998532,13.953941,1.9970031,-1.9837849,-1.2794572,-0.4605924,19.418282,-65.01037,-2.0487604
1.2196093,11.961091,0.3526483,-1.7821994,-1.6655241,-0.28252518,19.776964,-64.82723,-1.9559623
1.0774194,9.837724,-1.145084,-1.319469,-1.7901406,-0.05955936,20.156574,-64.66115,-1.7931762
0.7828884,7.9271536,-2.2421641,-1.0894781,-2.026851,0.04184427,20.600548,-64.56604,-1.5036893
0.42477256,6.1229753,-3.1578526,-0.6640105,-2.2687535,0.21991149,21.038164,-64.66485,-1.1321365
-0.117079824,4.463873,-3.7999709,-0.2144137,-2.3973405,0.3378085,21.497622,-64.82022,-0.7419876
-0.7873214,2.9049408,-4.2517633,0.27305678,-2.322204,0.34666604,21.961681,-65.11074,-0.3379008
-1.4139394,1.9953926,-4.111816,0.74220127,-2.0955732,0.2507602,22.443874,-65.50636,0.019517263
-1.9966346,1.4406668,-3.6829522,1.1099422,-1.7712038,0.04917465,22.898012,-66.017204,0.32409844
-2.2332544,1.4665401,-3.4342134,1.3542882,-1.466382,-0.1386664,23.349426,-66.59686,0.48942655
-2.267174,1.8396564,-3.2888434,1.5109752,-1.2672399,-0.28313604,23.764996,-67.26508,0.5805871
-1.9074103,2.5576174,-3.5518503,1.6856827,-1.2131784,-0.36957347,24.192188,-67.93599,0.5180718
-1.3273354,3.4698322,-4.043043,1.8973475,-1.2846496,-0.42760566,24.613297,-68.66772,0.40702972
-0.4980127,4.6282578,-4.461711,2.1245892,-1.5793921,-0.48716503,25.089804,-69.45823,0.27288073
0.5192889,5.9783216,-4.837257,2.300213,-2.0030272,-0.5534439,25.62669,-70.2967,0.12918375
1.3715932,7.321605,-5.184823,2.3640485,-2.3973405,-0.6609562,26.200958,-71.28123,0.07753803
2.106314,8.673304,-5.514506,2.3270912,-2.6661212,-0.8194757,26.866402,-72.28953,0.0077428725
2.5420816,9.705496,-5.6242604,2.2351558,-2.7889054,-0.9660834,27.53752,-73.418434,0.107718125
2.7110279,10.446982,-5.539787,2.1361957,-2.7754662,-1.1139128,28.258186,-74.53255,0.15979762
2.7353032,11.009867,-5.189114,2.0479257,-2.6386325,-1.2226468,28.935738,-75.71725,0.30713716
2.611165,11.39183,-4.563649,1.949271,-2.3787093,-1.2635747,29.582018,-76.858955,0.40532818
2.6951182,11.728591,-3.8721344,1.7999145,-2.2061398,-1.2324207,30.2047,-77.95418,0.5032984
2.9959745,12.0151205,-3.117606,1.6203201,-1.8041905,-1.185384,30.69103,-78.99531,0.5492402
3.27106,12.130769,-2.4366076,1.5515977,-1.3784174,-1.0519099,31.111067,-79.91759,0.57409716
3.5228446,12.0642605,-1.823773,1.5012014,-1.0433578,-0.91232723,31.437777,-80.77587,0.58948463
3.6037512,11.887797,-1.3743058,1.5738943,-0.7974846,-0.7892379,31.629955,-81.50243,0.6609226
3.4819906,11.574031,-1.1073694,1.7040086,-0.6215554,-0.6728681,31.739054,-82.210785,0.75157124
3.2640378,11.270197,-0.9385443,1.8408424,-0.4877759,-0.5543602,31.74596,-82.7919,0.9045954
2.8960042,10.974801,-0.91433156,1.9453003,-0.36651915,-0.42730024,31.700113,-83.37503,1.0811671
2.5134103,10.768255,-0.8715672,1.9795089,-0.24129178,-0.3036,31.60011,-83.88917,1.2588983
2.08937,10.6815195,-0.79928756,1.922393,-0.102319926,-0.18081611,31.45634,-84.3722,1.4650027
1.7092438,10.59835,-0.6796166,1.813659,0.013133603,-0.08246681,31.300707,-84.8217,1.6356605
1.3866411,10.5188675,-0.48792514,1.7027869,0.07971791,-0.0143553335,31.116425,-85.21428,1.8289136
1.1347624,10.365657,-0.3361569,1.6450601,0.096516706,0.010995574,30.930695,-85.57555,1.9582188
1.0112184,10.074447,-0.25673583,1.6328428,0.105068825,0.038179077,30.727158,-85.87926,2.1059916
0.8757152,9.764662,-0.13444969,1.6847663,0.10842858,0.060170226,30.52645,-86.14557,2.2000046
0.66555315,9.328575,0.21757175,1.7012597,0.04337143,0.06078109,30.343765,-86.3709,2.2974699
0.4718215,8.942751,0.44207534,1.6502525,-0.024129177,0.06047566,30.17114,-86.55391,2.386181
0.3041144,8.644151,0.41753286,1.575116,-0.09407325,0.07269296,30.018456,-86.70245,2.4804583
0.11046837,8.318161,0.3826899,1.5079209,-0.1591304,0.06566802,29.859426,-86.78041,2.541832
-0.19030385,8.022088,0.25580165,1.4660766,-0.1872302,0.020158553,29.712704,-86.84215,2.5968733
-0.5186449,7.725621,0.10670965,1.4498887,-0.19700404,-0.049480084,29.603075,-86.93749,2.606359
-0.83277667,7.6274548,-0.10925592,1.4321736,-0.20311269,-0.0842994,29.502573,-87.01722,2.6145148
-1.0997967,7.5923553,-0.25031713,1.4153748,-0.20219639,-0.13255776,29.453384,-87.19614,2.5353115
-1.1469,7.8608446,-0.03364177,1.4123205,-0.204029,-0.18692477,29.407928,-87.36833,2.447479
-1.1489146,8.115903,0.14595465,1.4364496,-0.2657264,-0.25992316,29.430956,-87.63163,2.2775373
-0.82938755,8.310398,0.0857539,1.4178182,-0.40653083,-0.36102137,29.477089,-87.88268,2.0876973
-0.49341822,8.502073,0.013840593,1.3674219,-0.5580254,-0.42363504,29.535923,-88.11625,1.8800396
-0.11663204,8.586295,-0.15460499,1.3148874,-0.7101309,-0.44806966,29.63577,-91.66294,1.6597357
0.30263716,8.678644,-0.33948895,1.2754866,-0.8527679,-0.43554693,29.747274,-91.527,1.4949565
0.6450487,8.724577,-0.4355312,1.2538009,-1.02717,-0.39950588,29.91076,-91.42564,1.334037
1.0107546,8.773635,-0.5381072,1.2812898,-1.2098186,-0.33841935,30.099936,-91.463715,1.2672434
1.3262981,8.8503895,-0.595724,1.3405437,-1.3768903,-0.26083946,30.33067,-91.54795,1.215566
1.6265848,8.931418,-0.64338857,1.4095715,-1.5302174,-0.17989981,30.604757,-91.67533,1.1810642
1.8532249,9.005175,-0.6552521,1.4602734,-1.6059648,-0.115453534,30.884571,-91.91485,1.2280202
2.0558527,9.074252,-0.6598572,1.4776831,-1.5900823,-0.0693332,31.17336,-92.17391,1.2879158
2.0027668,9.150213,-0.46078157,1.459968,-1.5155567,-0.05131268,31.454468,-92.500465,1.3976976
1.8855443,9.226858,-0.21281116,1.4523321,-1.4831808,-0.05375614,31.733221,-92.82852,1.5079947
1.6033827,9.310776,0.10755572,1.5060883,-1.5021176,-0.11178834,31.997725,-93.193825,1.6344767
1.2463343,9.397625,0.4597791,1.572978,-1.534799,-0.19730948,32.24705,-93.5459,1.7456514
1.0012136,9.393558,0.60339075,1.6267341,-1.518611,-0.2837469,32.49077,-93.84093,1.8040981
0.80343336,9.350665,0.6581973,1.6395624,-1.4850134,-0.32162055,32.730034,-94.1296,1.8477836
0.6071943,9.308107,0.7125768,1.63437,-1.3542882,-0.38973203,32.972065,-94.35272,1.7547978
0.4077544,9.264855,0.7678433,1.6166549,-1.1414018,-0.4373795,33.17406,-94.57334,1.6598912
0.44052362,9.203316,0.8236016,1.6105462,-0.91415983,-0.47769663,33.328022,-94.78853,1.5525415
0.5830104,9.132072,0.88059634,1.5800029,-0.70524395,-0.51923543,33.42155,-94.987236,1.4384487
0.82387877,9.077097,0.8606401,1.5045611,-0.5656612,-0.5412266,33.51724,-95.165634,1.227361
1.1160599,9.030719,0.8003488,1.3994923,-0.49571714,-0.56138515,33.571415,-95.33006,1.0154495
1.4984027,8.962098,0.58578086,1.2660183,-0.47525316,-0.5644395,33.615715,-95.50261,0.83134
1.952093,8.876401,0.25811562,1.1404854,-0.4859433,-0.55680364,33.648396,-95.64862,0.6517831
2.3566134,8.851915,-0.1856195,1.0332786,-0.4914411,-0.5458081,33.658375,-95.79342,0.5393367
2.7408192,8.856281,-0.68770653,0.99296147,-0.49327368,-0.5335908,33.67008,-95.9198,0.4330278
3.046727,8.894903,-1.1832128,1.0088439,-0.50518554,-0.5213735,33.667965,-96.13327,0.4082285
3.2651877,8.969378,-1.6648191,1.0613784,-0.5158757,-0.4914411,33.665016,-96.34108,0.39356372
3.2847552,9.106297,-1.8277442,1.1410962,-0.53878313,-0.47433686,33.60366,-96.63713,0.4722258
3.1480584,9.291814,-1.7398678,1.2498302,-0.57757306,-0.46181414,33.548115,-96.95025,0.55655813
2.7709208,9.523178,-1.371262,1.328021,-0.6423248,-0.45998153,33.489986,-97.3824,0.6718141
2.2307324,9.786346,-0.8126057,1.382388,-0.74067414,-0.47952923,33.448093,-97.826866,0.7801973
1.6162398,10.030856,-0.2676932,1.3842206,-0.8188649,-0.52687126,33.43908,-98.2666,0.8373871
0.8765094,10.277432,0.30940145,1.3332134,-0.86651236,-0.59406644,33.44262,-98.69191,0.87996435
0.37532806,10.402874,0.6247827,1.25319,-0.86926126,-0.655153,33.53656,-99.01153,0.7813891
-0.077142194,10.477509,0.83935624,1.1258247,-0.84757555,-0.68477994,33.63129,-99.29343,0.67436177
-0.3371686,10.58148,0.91975546,1.0473285,-0.79137594,-0.7473936,33.79699,-99.474365,0.39560428
-0.3987631,10.714145,0.862899,0.8622363,-0.7104363,-0.8038987,33.946274,-99.589386,0.1188966
-0.2726731,11.028104,0.6892884,0.6588182,-0.67347896,-0.82527894,34.12955,-99.63119,-0.25551993
0.034383796,11.502646,0.41014573,0.462425,-0.66767573,-0.81000733,34.29805,-99.6317,-0.62308604
0.41215476,12.021401,0.13455951,0.33964106,-0.68966687,-0.7535023,34.48428,-99.64253,-0.99850297
0.8701292,12.587968,-0.13455951,0.28008172,-0.77579886,-0.6450737,34.690773,-99.62428,-1.3472031
1.3012106,12.94947,-0.36717302,0.2761111,-0.8558222,-0.5222898,34.87035,-99.62216,-1.6000259
1.7042171,13.043505,-0.5552427,0.28008172,-0.93737274,-0.40011674,35.07901,-99.60499,-1.8194976
2.0898776,13.022536,-0.7706488,0.27550024,-1.0152581,-0.30848694,35.284447,-99.63458,-1.9279846
2.4467275,12.701372,-1.0663244,0.23304509,-1.035722,-0.2302962,35.49963,-99.6474,-2.005763
2.774561,12.377291,-1.2948554,0.15760323,-1.0125091,-0.18112154,35.691093,-99.68134,-1.9913375
3.077039,12.0268,-1.42929,0.06291912,-0.96852684,-0.13713925,35.88365,-99.69205,-1.9598182
3.3854444,11.75093,-1.5079287,0.0027488936,-0.91751957,-0.11789699,36.03564,-99.74427,-1.862323
3.7142034,11.593697,-1.4936348,-0.04520403,-0.8530733,-0.09773844,36.17172,-99.77076,-1.755481
3.970692,11.489316,-1.377467,-0.05589417,-0.8060367,-0.079107046,36.273438,-99.83031,-1.5987194
4.116195,11.479929,-1.0254428,-0.041233405,-0.7861836,-0.057421334,36.364346,-99.884125,-1.440584
4.179584,11.490979,-0.6583589,-0.0143553335,-0.7699956,-0.036651913,36.421844,-99.95147,-1.2299708
4.002678,11.563556,-0.22289802,-0.0018325958,-0.74036866,-0.016493361,36.469833,-100.021774,-1.0195618
3.8018506,11.644416,0.19022185,-0.011911872,-0.71837753,-0.025350908,36.52749,-100.05096,-0.79769444
3.44836,11.778169,0.46250513,-0.030543262,-0.6560693,-0.032375857,36.565407,-100.08522,-0.5733134
3.1251056,12.001258,0.6698056,-0.08827003,-0.5354234,-0.05497787,36.622562,-100.03959,-0.3940623
2.998135,12.844706,0.43853766,-0.20799962,-0.41172317,-0.06078109,36.66073,-99.97425,-0.21371026
2.893521,13.692746,0.19328257,-0.34055737,-0.3222314,-0.05681047,36.71641,-99.84483,-0.1028422
3.140153,13.8982725,-0.016354641,-0.42577308,-0.24678956,-0.006414085,36.742542,-99.698235,0.022087125
3.393854,14.10969,-0.23200043,-0.4972443,-0.16310102,0.05467244,36.744995,-99.53763,0.124591276
3.6129758,14.031405,-0.43601778,-0.5684101,-0.112399206,0.11148291,36.737465,-99.358315,0.23872603
3.8197255,13.877443,-0.63396937,-0.66614854,-0.06169739,0.17928895,36.709553,-99.15786,0.37340227
3.9184182,13.698337,-0.93887067,-0.8051204,-0.01282817,0.24251351,36.647503,-98.98242,0.56367385
3.9517567,13.503068,-1.310356,-0.95905846,0.040927973,0.33933565,36.57472,-98.78581,0.77867407
3.7555788,13.2114,-1.5890898,-1.1032226,0.12736541,0.43585235,36.454006,-98.6101,1.0460641
3.4150863,12.861038,-1.8062154,-1.1994339,0.2406809,0.5369505,36.31568,-98.42253,1.3369106
2.9152238,12.496589,-1.8258202,-1.284955,0.36713,0.6264423,36.130062,-98.28351,1.6517034
2.3292801,12.119586,-1.7486029,-1.3759739,0.47769663,0.68752885,35.92133,-98.13849,1.9810401
1.7615268,11.809743,-1.6431924,-1.4895949,0.569021,0.7086037,35.70363,-98.017044,2.2672567
1.2026983,11.551112,-1.5138768,-1.6536123,0.65118235,0.6985244,35.46014,-97.87628,2.5572522
0.63833976,11.277444,-1.4008551,-1.8414533,0.7153232,0.6722572,35.236076,-97.67943,2.7490823
0.06475746,10.985621,-1.305258,-2.01555,0.83291477,0.6575964,34.97539,-97.458855,2.9407427
-0.532797,10.768155,-1.1673557,-2.2235496,0.9642508,0.6429357,34.73191,-97.148445,3.0295634
-1.0337133,10.636881,-1.0291718,-2.422997,1.033584,0.6261369,34.47486,-96.81077,3.1123793
-1.6233047,10.508491,-0.87001956,-2.5375342,1.20371,0.5561928,34.187008,-96.41946,3.0827372
-2.2725008,10.660099,-0.7339605,-2.883895,1.2470814,0.528093,33.921318,-95.94265,3.057622
-2.9590895,10.820439,-0.59006464,-2.994156,1.3066407,0.45723262,33.64959,-95.44242,2.8790882
-3.6256633,11.17577,-0.5016644,-3.2049046,1.3454307,0.38789943,33.38066,-94.85087,2.6974092
-4.256276,11.599316,-0.4404855,-3.35365,1.3933836,0.33964106,33.101242,-94.264565,2.507583
-4.5786715,11.968561,-0.37956074,-3.4422257,1.4248432,0.34055737,32.874035,-93.56424,2.2136805
-4.7619348,12.314726,-0.31847292,-3.490484,1.4248432,0.35827246,32.652206,-92.86651,1.9190874
-4.655024,12.742896,-0.1350792,-3.503312,1.3368785,0.38515055,32.4876,-92.118706,1.5553569
-3.9462879,13.353066,0.3061207,-3.472158,1.1618657,0.4098906,32.357395,-91.43262,1.2073082
-3.3579974,13.842176,0.698497,-3.419929,0.86926126,0.4569272,32.305088,-90.8711,0.8658227
-3.0592947,14.034561,0.9820114,-3.3722816,0.4437936,0.5122105,32.347748,-89.22552,0.5459266
-2.7946115,14.21249,1.1945989,-3.3011158,-0.073303826,0.5500842,32.477585,-88.73051,0.33888525
-2.5720537,14.37699,1.2962013,-3.2143729,-0.6291912,0.5888741,32.744114,-88.133995,0.15728235
-2.395983,14.484897,1.3360853,-3.1429017,-1.1844677,0.627664,33.158733,-87.51005,0.027023643
-2.2960079,14.497936,1.2708843,-3.0992248,-1.6230689,0.70066243,33.696175,-86.91046,-0.074134886
-2.207317,14.486346,1.1754445,-3.0946434,-1.928807,0.75961095,34.30229,-86.26229,-0.11412912
-2.1743205,14.335505,0.9020446,-3.1111367,-2.1227567,0.818254,34.99239,-85.635864,-0.12810542
-2.137247,14.16739,0.62313277,-3.1038063,-2.2146919,0.86651236,35.720547,-85.035446,-0.10954263
-2.0682473,13.863791,0.29653436,-3.0451632,-2.225382,0.904386,36.46897,-84.458244,-0.07697113
-1.9863098,13.5426855,-0.049284723,-2.9251282,-2.122146,0.9193522,37.157173,-83.906746,-0.021579985
-1.789307,13.185331,-0.43870896,-2.784629,-2.031127,0.91446525,37.838715,-83.39009,0.035184015
-1.5539684,12.810821,-0.9283013,-2.7159069,-1.7528778,0.904386,38.402046,-82.90203,0.10802632
-1.0764812,12.643701,-2.1976216,-2.5867088,-1.282817,0.89644474,38.87365,-82.48135,0.16394867
-0.5737364,12.46774,-3.5340848,-2.485,-0.5186246,0.9401216,39.132366,-82.08907,0.24611126
-0.18667501,11.992733,-4.221372,-2.3722951,0.6795876,1.0369438,39.12653,-81.74581,0.2994351
0.1596273,11.408347,-4.6758943,-2.1713204,1.9358319,1.1123856,38.885742,-81.466354,0.32061586
0.35172364,10.778345,-4.5908465,-2.0525072,3.0234776,1.0815369,38.271637,-81.265625,0.4346689
0.40177038,10.107719,-4.0103045,-2.0744984,3.8857138,1.0118983,37.37514,-81.08895,0.5128532
0.37240186,9.479066,-2.8465016,-2.1673498,4.440074,0.93187493,36.237278,-80.91912,0.6260112
0.29163003,8.875652,-1.3023344,-2.3441954,4.5619416,0.8353582,34.9968,-80.72907,0.69532853
0.35650772,8.473161,-0.030925415,-2.535396,4.3209553,0.745561,33.732998,-80.42776,0.74546784
0.52122533,8.21155,1.0445836,-2.6441302,3.8698313,0.67347896,32.51456,-80.11453,0.77678704
0.74396837,8.049885,1.7612249,-2.6526823,3.2873714,0.6423248,31.53879,-79.66343,0.7830715
1.0064358,7.948581,2.2631361,-2.5751023,2.6728408,0.6178902,30.730415,-79.22734,0.7971079
1.2499812,7.853839,2.3772774,-2.4578164,2.110234,0.6169739,30.099323,-78.64043,0.85923934
1.4781411,7.7643647,2.1446435,-2.3041837,1.7223345,0.61178154,29.610643,-78.1072,0.9335376
1.6573797,7.67821,1.7584311,-2.1948388,1.5381587,0.61544675,29.166927,-77.470894,1.0561599
1.759435,7.5965657,1.1205858,-2.0796907,1.5265522,0.593761,28.792875,-76.896904,1.1767853
1.6983609,7.558207,0.36204264,-1.9905044,1.5384641,0.54825157,28.464815,-76.39271,1.3287693
1.5239228,7.561498,-0.32912698,-1.915368,1.5668694,0.5412266,28.139153,-75.930305,1.4802417
1.3342382,7.5650773,-1.0807077,-1.8750509,1.7180585,0.5647449,27.76279,-75.50843,1.654899
1.0951777,7.4421134,-1.298354,-1.7751744,1.9269744,0.6597345,27.36241,-75.13582,1.8365657
0.85021096,7.296076,-1.4067047,-1.7003434,2.0598376,0.73639804,26.94607,-74.77995,2.010223
0.5708031,7.248301,-1.3859533,-1.6200147,2.1310034,0.8026769,26.387926,-74.53879,2.1610205
0.29065096,7.2237263,-1.3368038,-1.5253305,2.1927009,0.86834496,25.797882,-74.32679,2.3236814
0.15799005,7.2450523,-1.1662189,-1.4227052,2.2727242,0.9254609,25.131308,-74.091064,2.4625869
0.04520816,7.27212,-0.98125654,-1.349096,2.3283129,0.96669424,24.45795,-73.877266,2.6115553
-0.012329899,7.274438,-0.7614323,-1.2999213,2.3350325,1.01312,23.767769,-73.667336,2.7352138
-0.052093875,7.2694674,-0.5377599,-1.2623531,2.3280075,1.0622946,23.069576,-73.47779,2.8669856
-0.09779197,7.288962,-0.3704449,-1.1921035,2.3054054,1.1074986,22.37687,-73.2758,2.992286
-0.14328387,7.311708,-0.21577246,-1.105666,2.2626448,1.1481212,21.695066,-73.09116,3.1309595
-0.29058155,7.1159344,-0.13969699,-0.9960158,2.2293527,1.1976013,21.022429,-72.888084,3.2798295
-0.46259195,6.8645344,-0.086770706,-0.8695667,2.2540927,1.2266175,20.350872,-72.716545,3.4317417
-0.62735313,6.6668196,-0.050266188,-0.7788532,2.2748623,1.2473868,19.687983,-72.53078,3.5872164
-0.780096,6.508985,-0.024809048,-0.69913524,2.2547035,1.2705997,19.03393,-72.37787,3.7517667
-0.94183004,6.2977624,0.20536247,-0.58459806,2.2696698,1.3041973,18.348015,-72.233864,3.8820767
-1.110145,6.0657606,0.5010508,-0.4633413,2.284636,1.3121386,17.674496,-72.11629,4.012475
-1.2152225,6.0189695,0.8375989,-0.3381139,2.2351558,1.3096951,17.00505,-72.019516,4.1238747
-1.2871315,6.0703335,1.1971442,-0.2125811,2.1908681,1.3142766,16.335411,-71.956856,4.2372885
-1.4518485,5.7712617,1.4343232,-0.13408493,2.0983222,1.3607023,15.698073,-71.8429,4.3390617
-1.6431569,5.3742967,1.6399797,0.06536258,1.981036,1.3610078,15.090301,-71.801285,4.43538
-1.7414033,5.15367,1.8811167,0.25625798,1.8829921,1.3084733,14.512718,-71.703125,4.5235515
-1.8137418,4.981866,2.1343012,0.3576616,1.7620409,1.2718215,13.97934,-71.63488,4.627906
-1.9097965,4.8772655,2.4672632,0.46944994,1.5476271,1.2455542,13.504984,-71.55061,4.7046723
-2.0173414,4.808828,2.838782,0.6301075,1.2974777,1.2302825,13.083211,-71.51061,4.7879305
-2.1058187,4.7539477,2.971583,0.7846564,0.98715824,1.2235631,12.746484,-71.398026,4.881623
-2.1861577,4.7048516,3.0028257,0.93462384,0.70188415,1.1969905,12.480022,-71.33394,4.984295
-2.1930406,4.611112,2.9994268,1.0760391,0.4804455,1.1685852,12.296553,-71.15138,5.100151
-2.1419117,4.4832897,2.9687495,1.2076806,0.29657507,1.1276573,12.184266,-71.02113,5.2230043
-2.067358,4.3164697,2.926626,1.3405437,0.14813483,1.0751228,12.094765,-70.9231,5.3151817
-1.9817971,4.131088,2.8790922,1.4504995,-0.006414085,1.0250319,12.059983,-70.86502,5.410018
-1.8932455,3.8677251,2.932952,1.5586227,-0.16982053,0.95325524,12.039847,-70.826546,5.4913797
-1.8031267,3.5658276,3.0365884,1.6493362,-0.3359759,0.8961393,12.064909,-70.82124,5.5735245
-1.7154919,3.2885752,3.1852438,1.7162259,-0.5036584,0.8136725,12.11186,-70.83917,5.644972
-1.6334552,3.042465,3.363794,1.7895297,-0.63194007,0.73975784,12.195986,-70.88999,5.710682
-1.5491226,2.7921097,3.6521018,1.88849,-0.7663304,0.6719518,12.297301,-70.94566,5.7679424
-1.4612392,2.5330849,4.026763,2.008525,-0.8970556,0.6068946,12.43702,-71.034424,5.813163
-1.3402135,2.3579683,4.298182,2.144748,-0.9779953,0.54244834,12.58164,-71.12267,5.848372
-1.1705812,2.257249,4.4837174,2.3139575,-1.1936307,0.47769663,12.801823,-71.258286,5.885407
-0.98159707,2.4555764,4.5266023,2.533869,-1.2516629,0.43157628,13.022018,-71.49539,5.900854
-0.73825085,2.8954716,4.4844847,2.6401596,-1.3277156,0.3136793,13.3141575,-71.75346,5.8949876
-0.46709907,3.721254,4.6200004,2.8573222,-1.3381003,0.18081611,13.607413,-72.110535,5.8912635
-0.16349682,4.9688697,4.9473214,3.0876184,-1.3041973,0.043676864,13.915642,-72.502594,5.851863
0.112087175,6.3835917,5.4136996,3.273016,-1.1722504,-0.040011674,14.1826725,-72.95598,5.8183894
0.3524978,7.976901,6.0359387,3.3249395,-0.95172805,-0.10445796,14.421564,-73.43486,5.7387824
0.70517665,9.871669,6.6064425,3.2253685,-0.6731735,-0.21135938,14.561426,-73.83931,5.6412773
1.2430931,12.338332,7.1492047,2.9633074,-0.2724459,-0.3005457,14.607673,-74.20749,5.5054483
1.98168,14.31477,7.955757,2.6028967,0.06383542,-0.34116822,14.547038,-74.461754,5.3275766
3.0061905,15.654173,9.135496,2.2547035,0.21197024,-0.25534168,14.431197,-74.64223,5.154254
4.010704,16.837753,10.212545,1.8777997,0.1255328,-0.06291912,14.259376,-74.69706,5.071101
4.9993696,17.611269,11.032165,1.3860532,-0.116980694,0.18112154,14.088863,-74.62657,5.037964
5.416184,18.221138,11.41122,0.79045963,-0.24648413,0.41233405,13.856032,-74.34764,5.224914
4.8633823,18.589672,11.047535,0.0729984,-0.033292156,0.48563787,13.594541,-73.928825,5.4190893
4.0775003,18.51834,10.575819,-0.64568454,0.44135013,0.46273044,13.2568655,-73.33694,5.761059
2.9265306,17.738235,9.936391,-1.2809844,1.0228939,0.44776422,12.830624,-72.61186,6.074878
1.778083,16.80251,9.306725,-1.7742581,1.6432275,0.49235737,12.2922945,-71.83047,6.240766
0.5623762,14.755814,8.696306,-2.1557434,2.2644775,0.59620446,11.60322,-70.952576,6.355539
-0.53583086,12.789659,8.242527,-2.3872614,2.5137105,0.6536258,10.951906,-70.14875,6.2623777
-1.3753661,10.885558,8.229545,-2.4373524,2.7418687,0.7296785,10.142721,-69.312675,6.148235
-2.239063,8.943801,8.213192,-2.3857343,2.6484063,0.68111473,9.461568,-68.51573,5.8899236
-2.8151426,7.8520365,8.166735,-2.1697934,2.2736404,0.6264423,8.803458,-67.765076,5.6600933
-3.3517847,6.848575,8.062546,-1.7760907,1.6823229,0.44012842,8.320502,-67.05819,5.305231
-2.9638088,7.766368,7.2740784,-1.2140946,1.0262536,0.18692477,7.9785676,-66.47574,4.9699464
-2.5752888,8.685447,6.4845057,-0.58368176,0.35002577,-0.06780604,7.867489,-66.017876,4.5827646
-2.2056882,9.648746,5.8677716,-0.11484267,-0.20891592,-0.29016098,7.930391,-65.68644,4.203627
-1.8439484,10.617691,5.30363,0.032375857,-0.58276546,-0.47708577,8.152008,-65.451035,3.8276417
-1.4161445,11.73794,4.733867,0.044593163,-0.8219192,-0.6236934,8.490294,-65.482056,3.5253134
-0.9483048,12.946527,4.173434,-0.056505036,-0.93828905,-0.73273283,8.910718,-65.522354,3.2146943
-0.4926468,13.6215105,3.4312572,-0.3231477,-0.999681,-0.8029824,9.366184,-65.66138,2.957661
-0.042794924,13.957715,2.5694356,-0.7464773,-1.1505647,-0.84116143,9.878829,-65.71884,2.7054648
0.25569433,13.604663,1.2097592,-1.106277,-1.4941764,-0.81489426,10.415224,-65.812996,2.5528831
0.44563764,12.769913,-0.48973384,-1.1716396,-1.9425515,-0.7480045,11.010055,-65.86327,2.4314768
0.3170545,11.926185,-1.6184448,-0.926988,-2.218357,-0.6243043,11.587083,-65.9633,2.4246714
0.03206652,11.07122,-2.4779325,-0.61391956,-2.2284365,-0.47342056,12.191914,-66.05999,2.4583323
-0.27839783,10.058384,-3.0658388,-0.39461896,-2.042428,-0.33017266,12.766738,-66.249115,2.5781586
-0.6223748,8.873057,-3.4470024,-0.27977628,-1.7828102,-0.20677789,13.309059,-66.494225,2.716832
-0.91132146,7.703995,-3.4520261,-0.13805555,-1.629483,-0.13744467,13.832911,-66.84248,2.8356707
-1.1353755,6.5684485,-3.039563,0.067500606,-1.2751812,-0.10262536,14.22663,-67.240906,2.9194143
-1.1876456,5.8108807,-2.3670805,0.18753563,-0.80939645,-0.04184427,14.560238,-67.64552,2.9524844
-1.1351713,5.399833,-1.671798,0.53878313,-0.6966918,-0.037873644,14.896746,-68.179146,2.9742074
-0.8257213,5.294791,-1.3009703,0.6536258,-0.61911196,-0.051618114,15.126359,-68.59378,2.9282122
-0.33300683,5.441658,-1.2156928,0.8927795,-0.70707655,-0.057421334,15.368808,-69.14629,2.8863828
0.13939926,5.643001,-1.4479995,1.1517864,-0.9272934,-0.06688975,15.623301,-69.638535,2.8419096
0.5934662,5.8864183,-1.930153,1.4584408,-1.287093,-0.11301007,15.942841,-70.213715,2.8034148
0.88689816,6.293859,-2.3761356,1.7782288,-1.7971655,-0.19730948,16.339334,-70.85821,2.860721
1.0319129,6.8693867,-2.7975848,2.0399845,-2.3762658,-0.36132678,16.862766,-71.574745,2.9153893
1.1635699,7.475497,-3.1901267,2.1716259,-2.9098566,-0.5852089,17.507475,-72.40642,3.0508199
1.2754933,8.136863,-3.5411592,2.1755965,-3.31822,-0.8011498,18.288391,-73.27809,3.1681557
1.3516387,8.618229,-3.7931035,2.1227567,-3.5726454,-0.95325524,19.18118,-74.2507,3.2836623
1.3925308,8.922647,-3.9475849,2.0616703,-3.658472,-1.0580186,20.150434,-75.22368,3.3519921
1.4133304,9.234711,-3.960671,2.0167716,-3.5665367,-1.1282681,21.145208,-76.24615,3.39245
1.4034126,9.547119,-3.7623165,1.9672915,-3.316082,-1.1594223,22.118755,-77.24358,3.3904343
1.4534627,9.892099,-3.609721,1.8668042,-2.9422324,-1.1554517,23.027456,-78.23534,3.3540454
1.5686643,10.26996,-3.5083437,1.7608191,-2.4422393,-1.0848967,23.821144,-79.195274,3.291113
1.6519222,10.544404,-3.3779948,1.6710218,-1.9144517,-0.9868528,24.489548,-80.092354,3.1982462
1.6892364,10.670339,-3.1960883,1.6328428,-1.4492778,-0.8943067,25.02352,-80.95323,3.0946825
1.7077553,10.793713,-3.0530524,1.640784,-1.2629639,-0.8167268,25.469631,-81.76311,3.014669
1.6875358,10.91503,-2.9873388,1.6670512,-0.97402465,-0.77824235,25.746187,-82.54349,2.922606
1.6419461,11.062586,-2.8536704,1.736079,-0.7629707,-0.6942484,25.97736,-83.272644,2.8641844
1.5605352,11.249352,-2.6238043,1.8106046,-0.64660084,-0.60048056,26.146877,-83.97954,2.811257
1.501747,11.416933,-2.4652948,1.892155,-0.61422503,-0.528093,26.277546,-84.66136,2.7681696
1.4731505,11.564682,-2.4033358,1.92392,-0.58062744,-0.44257188,26.368244,-85.295074,2.751311
1.46464,11.672905,-2.3636782,1.9037615,-0.49357912,-0.35185838,26.427992,-85.85114,2.7360806
1.4880639,11.719752,-2.3589935,1.8558086,-0.33383787,-0.2565634,26.452562,-86.32905,2.7446425
1.4674414,11.603133,-2.2035747,1.8188512,-0.12767084,-0.16707164,26.437937,-86.70286,2.7704968
1.3579384,11.155599,-1.7417573,1.7892243,0.044898596,-0.076358154,26.384277,-86.94599,2.822584
1.2187822,10.686442,-1.2614626,1.7443258,0.116980694,-0.03726278,26.305124,-87.05346,2.8906326
1.0129188,10.162834,-0.7333781,1.6658295,0.10415252,-0.036957346,26.199856,-87.027794,2.972191
0.7851832,9.665101,-0.288223,1.5790867,0.0076358155,-0.04520403,26.089794,-93.078545,3.0479567
0.41161498,9.243783,-0.23204733,1.4950926,-0.13683382,-0.06719518,25.996708,-93.23195,3.1196773
0.032799017,8.816546,-0.17508252,1.4434745,-0.26511553,-0.07880162,25.906803,-93.34975,3.165351
-0.4622725,8.283477,-0.12943427,1.4147639,-0.3652974,-0.09437868,25.850302,-93.46727,3.2035782
-0.66719484,8.217796,-0.28706682,1.41904,-0.4700608,-0.13897185,25.83125,-93.58137,3.2295344
-0.9822831,8.116807,-0.5294424,1.4126259,-0.5421429,-0.183565,25.866337,-93.59598,3.1305008
-1.2851543,8.055823,-0.7162654,1.426065,-0.6105598,-0.2415972,25.929663,-93.61497,3.016342
-1.6104766,8.06107,-0.8264552,1.4349225,-0.6395759,-0.3005457,26.001402,-93.63653,2.891165
-1.834077,8.054076,-0.9578266,1.4019357,-0.75961095,-0.32070425,26.16962,-93.67705,2.681843
-1.9578639,8.035032,-1.1101798,1.3909402,-0.9098838,-0.36468655,26.352125,-93.74039,2.4508865
-1.9706476,8.064046,-1.2148287,1.3952162,-1.0308352,-0.40622538,26.587818,-93.82974,2.1557527
-1.8757195,8.137399,-1.2666078,1.4333953,-1.1774428,-0.41263947,26.871094,-93.966064,1.8585299
-1.7287897,8.182153,-1.251303,1.4856243,-1.3585643,-0.42913285,27.213348,-94.17146,1.5212833
-1.469154,8.16292,-1.0878286,1.5338826,-1.543351,-0.49754974,27.593645,-94.42113,1.1671122
-1.1652749,8.2092085,-0.8803969,1.509448,-1.7846428,-0.5867361,28.041302,-94.71859,0.822786
-0.76194644,8.396803,-0.5755557,1.4141531,-2.0463986,-0.6609562,28.541138,-95.0306,0.460574
-0.3461326,8.598944,-0.35688064,1.29198,-2.2742512,-0.6753115,29.084106,-95.313736,0.14332056
0.1247065,8.851352,-0.36658865,1.2024882,-2.4599543,-0.6640105,29.681904,-95.58588,-0.19114403
0.6129042,9.097185,-0.40662357,1.1679744,-2.5219572,-0.6035349,30.286604,-95.73462,-0.40242013
1.1409347,9.325523,-0.52079237,1.2299771,-2.4233024,-0.5177083,30.889336,-95.88219,-0.6042558
1.5983118,9.501043,-0.4925463,1.3066407,-2.3160956,-0.44593164,31.475172,-95.99669,-0.6924221
1.8723195,9.538837,-0.09098344,1.4159856,-2.2525656,-0.40408736,32.033604,-96.13238,-0.7689385
2.1052914,9.51534,0.22366233,1.4804319,-2.1618521,-0.40439278,32.51636,-96.283676,-0.7319411
2.2141602,9.307069,0.27572992,1.5057828,-2.0002782,-0.4465425,32.947083,-96.451775,-0.6999205
2.293342,9.091882,0.33232683,1.4779885,-1.8216002,-0.5036584,33.387806,-96.66349,-0.6598142
2.270232,8.846913,0.40627968,1.3891076,-1.6514742,-0.56779927,33.772354,-96.86019,-0.6355553
2.2492151,8.635611,0.45992184,1.2684617,-1.4627168,-0.589485,34.113197,-97.075714,-0.60556555
2.240122,8.617425,0.39627135,1.1661417,-1.3652838,-0.5849035,34.422592,-97.265594,-0.5874579
2.246598,8.608208,0.31586888,1.087951,-1.033584,-0.5720753,34.6224,-97.44559,-0.5780589
2.4482238,8.717421,0.05963617,1.0134255,-0.9166033,-0.5684101,34.85011,-97.59236,-0.5757161
2.6535149,8.82862,-0.20125437,0.98807454,-0.6722572,-0.56505036,34.95817,-97.75979,-0.5598623
3.02393,8.957245,-0.32519096,0.93737274,-0.47739118,-0.5537493,35.044064,-97.89423,-0.5389219
3.4171145,9.085148,-0.41519704,0.9233228,-0.39584067,-0.5516113,35.089996,-98.028435,-0.51519096
3.7561142,9.21238,-0.52772886,0.9636399,-0.43249258,-0.54275376,35.100266,-98.21932,-0.4359922
4.0693884,9.33395,-0.6399465,1.0332786,-0.5207626,-0.52870387,35.10013,-98.41178,-0.35543844
4.1554723,9.468015,-0.62098765,1.0855075,-0.6441574,-0.5183192,35.11211,-98.65155,-0.20229869
4.186852,9.593533,-0.57615966,1.1301007,-0.7693848,-0.48838675,35.14766,-98.90666,-0.047845483
3.9019895,9.82676,-0.36296225,1.1585059,-0.8396343,-0.46914452,35.18634,-99.210526,0.15722942
3.5276313,10.085245,-0.10447705,1.2024882,-0.88361657,-0.45875978,35.249382,-99.52917,0.35716826
2.980808,10.2563095,0.19670072,1.2336423,-0.87017757,-0.46822822,35.327618,-99.858185,0.5512457
2.3597856,10.371849,0.5096191,1.2217305,-0.838718,-0.50426924,35.407692,-100.18247,0.73286843
1.8117576,10.349078,0.69626725,1.181108,-0.7809912,-0.5653558,35.519466,-100.44973,0.8093002
1.3036002,10.258844,0.81974477,1.1099422,-0.6743952,-0.62888575,35.602913,-100.69734,0.87557894
0.9939033,10.186865,0.820748,0.98349303,-0.5674938,-0.6979135,35.7195,-100.84316,0.7885839
0.78596663,10.124001,0.75788337,0.8374963,-0.4841107,-0.7486154,35.80843,-100.95821,0.6945567
0.8148481,10.306698,0.5808756,0.66523224,-0.43127087,-0.80909103,35.91264,-101.00275,0.4746113
0.94917434,10.589247,0.3631745,0.5030475,-0.44409904,-0.8588765,36.009926,-101.009705,0.24920876
1.2024059,11.054339,0.0993713,0.3924809,-0.45662177,-0.8524625,36.108295,-101.00099,-0.012461681
1.5159532,11.611237,-0.18609712,0.33475417,-0.49693888,-0.8371908,36.217304,-100.96625,-0.2813861
1.7633193,12.003316,-0.39463627,0.3313944,-0.5467244,-0.77824235,36.330154,-100.96412,-0.50318307
1.998405,12.332437,-0.57748073,0.34147367,-0.63224554,-0.63255095,36.47061,-100.951,-0.6950127
2.119318,12.314022,-0.6751879,0.38789943,-0.6771441,-0.58276546,36.584114,-100.99586,-0.83356524
2.219572,12.083437,-0.7604039,0.39278635,-0.7669413,-0.48655418,36.743904,-101.02728,-0.9236044
2.3859012,11.875821,-0.83775276,0.36346483,-0.8014552,-0.42394048,36.88898,-101.090164,-0.9660872
2.5961707,11.684668,-0.9094355,0.28160888,-0.7648033,-0.37995818,37.04195,-101.13508,-0.98924327
2.8800988,11.576322,-0.9301358,0.1600467,-0.7199047,-0.34300083,37.195297,-101.18646,-0.9844152
3.2148564,11.524458,-0.9159911,0.04184427,-0.68783426,-0.3036,37.34289,-101.212074,-0.9676567
3.546527,11.496457,-0.8701393,-0.03940081,-0.65484756,-0.27091873,37.458107,-101.23744,-0.90659165
3.8772397,11.487009,-0.79927224,-0.0842994,-0.64812803,-0.23915374,37.572666,-101.238304,-0.8380599
4.051916,11.500162,-0.70590323,-0.098043874,-0.6169739,-0.1966986,37.65118,-101.23207,-0.6983101
4.09012,11.53359,-0.5912911,-0.089186326,-0.5662721,-0.15851954,37.723133,-101.22104,-0.55478567
3.9724066,11.604047,-0.42004585,-0.07513642,-0.49174652,-0.1133155,37.76691,-101.21175,-0.34463805
3.7118134,11.708283,-0.19735707,-0.047647487,-0.398895,-0.08124508,37.792168,-101.21286,-0.13071798
3.4337983,11.948808,0.018789532,-0.03573562,-0.28527406,-0.051618114,37.79766,-101.20326,0.09541606
3.139761,12.323468,0.22746122,-0.09987647,-0.17928895,-0.021991149,37.780575,-101.18461,0.32838705
2.8967626,12.725013,0.3445422,-0.17104226,-0.099571034,0.02076942,37.775833,-101.12818,0.5200116
2.710945,13.149058,0.36360043,-0.24129178,-0.06383542,0.089186326,37.756485,-101.05933,0.7252693
2.6121373,13.457796,0.31988537,-0.301462,-0.033292156,0.12217305,37.749725,-100.925964,0.86851215
2.6073983,13.637887,0.21088257,-0.3378085,0.026572637,0.1863139,37.729755,-100.787605,1.0388091
2.726304,13.695614,0.03402376,-0.43401974,0.106901415,0.226631,37.7148,-100.605545,1.1679544
2.9893124,13.61432,-0.22420259,-0.5720753,0.18600847,0.2782491,37.68691,-100.41053,1.3173096
3.2510102,13.533432,-0.4811422,-0.7134906,0.27550024,0.32559118,37.63287,-100.2078,1.4773644
3.5138087,13.452204,-0.7391627,-0.8713993,0.4034765,0.37507126,37.54821,-99.97285,1.6535928
3.6875014,13.259641,-1.0268724,-1.040609,0.5546656,0.441961,37.43467,-99.71183,1.8456246
3.7544858,12.919933,-1.361795,-1.1872166,0.7031059,0.5225952,37.288773,-99.42953,2.0558465
3.6829894,12.555621,-1.5807532,-1.3271047,0.8142834,0.6035349,37.05249,-99.23466,2.3766346
3.418129,12.139412,-1.651698,-1.4407257,0.9059132,0.6844745,36.78519,-99.0328,2.7161949
3.0619383,11.743299,-1.6621836,-1.5567901,0.9593639,0.7312057,36.477776,-98.88583,3.076352
2.5171938,11.346282,-1.569854,-1.7278323,0.9960158,0.732122,36.153477,-98.72091,3.438711
1.9876997,10.992036,-1.5070174,-1.9028453,1.0387764,0.7086037,35.82558,-98.55577,3.7612255
1.4465013,10.721437,-1.5205474,-2.1038198,1.1114693,0.68416905,35.48147,-98.36549,4.076861
0.89005315,10.460869,-1.5179253,-2.3032675,1.2351695,0.66248333,35.14707,-98.1074,4.296291
0.19497101,10.254741,-1.4028772,-2.5390613,1.3729197,0.6267477,34.78906,-97.81338,4.5006304
-0.51440936,10.106199,-1.2682436,-2.7644706,1.4520267,0.6102544,34.445427,-97.46344,4.607794
-1.3554478,10.363566,-0.9878974,-2.9691105,1.4648548,0.6059783,34.084225,-97.092606,4.7056937
-2.2119875,10.644281,-0.7145144,-3.1835241,1.4541647,0.59589905,33.75127,-96.63062,4.6683865
-3.0631196,11.2372055,-0.64757144,-3.3597589,1.461495,0.57635134,33.414715,-96.168526,4.6262207
-3.9088554,11.839196,-0.587535,-3.4794884,1.4767667,0.5531385,33.1458,-95.59161,4.400282
-4.402771,12.342343,-0.62907934,-3.5317173,1.5375478,0.539394,32.871803,-95.034325,4.1779118
-4.886554,12.890571,-0.6550063,-3.5353825,1.5647314,0.52198434,32.663754,-94.39025,3.8080103
-4.7867293,13.557581,-0.4417447,-3.5387423,1.5005904,0.5549711,32.478233,-93.8009,3.4629223
-4.6995335,14.140207,-0.25546268,-3.487735,1.357648,0.58368176,32.330147,-93.21081,3.0644603
-4.4796443,14.392679,0.04417219,-3.43123,1.099252,0.65270954,32.245266,-92.72925,2.7037501
-4.2419825,14.559042,0.3531328,-3.3667839,0.72326446,0.71685034,32.24473,-87.627686,2.365723
-4.022582,14.702532,0.604044,-3.3221905,0.25411993,0.7654142,32.329475,-87.793846,2.0741694
-3.8056417,14.842337,0.84508866,-3.274543,-0.24007004,0.8002335,32.535454,-87.77634,1.8117517
-3.5991333,14.975143,1.1007999,-3.256828,-0.72295904,0.81061816,32.863697,-87.53586,1.6059092
-3.396472,15.105427,1.3565392,-3.2308662,-1.2024882,0.8231409,33.332767,-87.19549,1.4225858
-3.230142,15.063763,1.384493,-3.2415564,-1.6572775,0.8344419,33.88599,-86.70296,1.2916263
-3.07385,14.999407,1.3798962,-3.2852333,-2.058005,0.86193085,34.555656,-86.17636,1.179445
-2.9111288,14.774409,1.0828196,-3.3056972,-2.3533583,0.895223,35.279922,-85.54248,1.1276311
-2.7497928,14.51817,0.7269318,-3.250414,-2.5164595,0.9104946,36.07093,-84.919975,1.0861896
-2.4802983,14.172143,0.11894656,-3.1325169,-2.5030203,0.9263771,36.860107,-84.2792,1.090128
-2.1973825,13.819658,-0.521093,-2.9859092,-2.302351,0.9285152,37.629875,-83.67372,1.0930535
-1.8392617,13.544018,-1.6509328,-2.833804,-1.8750509,0.9440922,38.287373,-83.16457,1.0978545
-1.4556227,13.286805,-2.9326355,-2.701246,-1.1044444,1.0128145,38.7764,-82.69761,1.0965428
-0.93982524,13.0223465,-4.219185,-2.559831,-0.5751296,1.0848967,39.158478,-82.30939,1.1438951
-0.3043209,12.742725,-5.556286,-2.3432791,0.86406887,1.142318,39.05643,-81.98722,1.1407065
-0.24679296,12.072569,-4.886494,-2.1923954,2.4071145,1.2544118,38.70954,-81.69988,1.2821575
-0.4682637,11.224382,-3.260805,-1.9822577,3.4651332,1.1893547,38.10178,-81.504265,1.3471826
-0.45272005,10.545189,-1.7253453,-2.0302107,3.9425242,0.9746355,37.179966,-81.34331,1.4739825
-0.30883762,9.955271,-0.23376429,-2.2843306,4.0442333,0.7516697,36.080597,-81.19157,1.5507362
0.073160015,9.67006,0.61295116,-2.5870142,3.887852,0.5867361,34.972,-80.85107,1.5300058
0.5824701,9.5485735,1.1129162,-2.807842,3.6328156,0.5140431,33.88533,-80.48218,1.4718456
1.0181061,9.477754,1.5083666,-2.882673,3.3698382,0.5305365,32.932102,-79.964966,1.3879002
1.412231,9.439765,1.8407611,-2.8047879,3.0460796,0.61300325,32.10073,-79.45011,1.3187939
1.6946312,9.2798395,2.0462825,-2.6343563,2.6615398,0.71593404,31.355818,-78.82745,1.3533466
1.9069716,9.01318,2.1647983,-2.4556782,2.2736404,0.7996226,30.721327,-78.24914,1.4199283
2.0453176,8.75202,2.0101051,-2.3066273,1.9275852,0.838718,30.156204,-77.620224,1.5760128
2.1342266,8.494652,1.673187,-2.1783454,1.6710218,0.829555,29.683043,-77.05145,1.7535732
2.1371398,8.248294,1.1915531,-2.0842721,1.5155567,0.79809546,29.269117,-76.46599,1.9803063
2.0694745,8.006632,0.5825654,-1.9975294,1.4789047,0.7648033,28.899216,-75.92889,2.2057028
1.8499033,7.751614,0.009390639,-1.9110919,1.4651603,0.7244862,28.588362,-75.4518,2.4518
1.5244894,7.4959316,-0.51592046,-1.8661933,1.4654657,0.7079928,28.286497,-75.00144,2.6896706
1.178152,7.078447,-1.1562618,-1.8274034,1.5754215,0.73731434,27.940163,-74.62139,2.922873
0.80626327,6.5037103,-1.9145283,-1.7870862,1.8261817,0.77518797,27.557207,-74.266365,3.1376898
0.48194745,6.0515404,-2.3189619,-1.7776178,1.9847012,0.7281514,27.099806,-73.94809,3.2837012
0.17735699,5.6803203,-2.4189055,-1.8063285,2.2519548,0.70066243,26.545616,-73.63601,3.4164364
-0.014211469,5.500856,-2.286196,-1.8081611,2.435825,0.6963864,25.885159,-73.356636,3.4883468
-0.08467068,5.52904,-1.8963218,-1.7531832,2.531731,0.7122689,25.181242,-73.09378,3.542483
-0.10550433,5.619048,-1.4461118,-1.7015651,2.4904976,0.7507534,24.454155,-72.83241,3.553584
-0.07182716,5.750389,-1.0386181,-1.625207,2.3701572,0.79381937,23.725092,-72.60049,3.5672529
-0.034983065,5.894081,-0.59280455,-1.5079209,2.2311852,0.8268061,23.025574,-72.34466,3.5809171
-0.040681887,5.822855,-0.29803735,-1.3524556,2.1389446,0.8527679,22.347992,-72.12617,3.6089993
-0.05492698,5.7088943,-0.036877282,-1.1893547,2.0744984,0.87689704,21.702826,-71.947586,3.6538575
-0.14478375,5.5655775,0.12865351,-1.0216721,2.026851,0.9092729,21.111473,-71.7334,3.7273734
-0.24620633,5.4226637,0.266957,-0.84879726,1.9947804,0.9434814,20.537031,-71.57,3.811945
-0.51945823,5.295654,0.23774981,-0.66614854,2.0366247,1.0115929,19.962017,-71.39832,3.9130542
-0.8372263,5.1741543,0.16298085,-0.46211955,2.0995438,0.9981538,19.400255,-71.28753,4.0023694
-0.96510094,4.833205,0.39691204,-0.32070425,2.2043073,0.9599747,18.811022,-71.16749,4.0782485
-1.0250331,4.427511,0.7288436,-0.20433442,2.2003367,0.95081174,18.239523,-71.09833,4.163573
-1.0962828,4.2770567,1.0395498,-0.06566802,2.1261165,0.95905846,17.629366,-71.09007,4.17053
-1.1730186,4.243485,1.341697,0.08246681,2.0448713,0.95905846,17.030306,-71.11943,4.1753902
-1.2406825,4.2530637,1.60079,0.22632557,1.9113973,0.95386606,16.48283,-71.087296,4.190506
-1.3058221,4.283128,1.8463162,0.38087448,1.7476854,0.956615,15.972569,-71.09925,4.2195463
